-2.430524773e-06	
-0.006166002713	
-0.0001165288995	
0.0004287377524	
-5.49877841e-05	
1.933062231e-05	
4.622539927e-05	
-0.0006997298915	
-0.0001104128314	
5.05526441e-05	
-0.0002787209814	
-1.646850819e-06	
0.0001124174451	
6.709497393e-05	
0.005300075281	
-5.017799776e-05	
-0.0008627019124	
0.0003825142048	
-0.001134979073	
0.000197686124	
-6.273567851e-05	
-3.291430039e-05	
0.004783005919	
9.613065777e-05	
-0.0003891395172	
0.0001035074165	
-0.0001427649404	
4.259097113e-05	
0.0005693504354	
0.00022874758	
-0.0005032037734	
-0.0002333587618	
0.0001309274812	
-7.478690532e-05	
-8.733988216e-05	
0.006141424645	
-0.0001357653819	
-0.0005528998445	
0.0005426551797	
-0.0007341679302	
0.00013683828	
-0.0001033190711	
-1.097143377e-05	
-0.005323541816	
-0.0001141210887	
0.0006365078734	
7.921352517e-05	
-6.635105092e-05	
6.644191308e-05	
0.0007069419953	
0.0001253253577	
-0.001147616538	
-0.0008129409398	
-0.0003635451721	
-2.718439646e-05	
1.15279563e-05	
0.006860412657	
-0.0001423649373	
-0.000968320237	
0.0008105221204	
-0.0007192553603	
-0.0001876833412	
3.309391832e-05	
-1.605963553e-05	
0.003851308487	
-0.0001581658289	
-0.0006647768896	
9.255301848e-05	
-8.752160647e-05	
6.682806998e-05	
0.001494148048	
0.000316686579	
-0.001245166874	
-0.0008825033437	
-0.0004788275692	
-6.145876978e-05	
1.544632596e-06	
0.00748666795	
-0.0001155123464	
-0.001674076775	
0.001112835016	
-0.0005578807904	
-0.0004202259297	
0.0002356664627	
2.02165138e-05	
-0.004382406361	
-0.0004499423667	
0.0002034826175	
3.64010848e-05	
-2.376008342e-05	
5.269922622e-05	
0.0009168586694	
0.00016140558	
-0.001566405059	
-0.001179050072	
-0.0007456429885	
0.0001523138344	
-6.348894203e-06	
0.007890728302	
-7.426153024e-05	
-0.002375751501	
0.001413824968	
-0.0005450756871	
-0.0003257152857	
0.0002944382431	
1.43332818e-05	
0.002837421838	
-0.0003939721501	
-0.000955440395	
7.574378105e-05	
-0.0001164380374	
5.108644837e-05	
0.00142778852	
0.0002426066931	
-0.001562867197	
-0.001230231719	
-0.0008252675179	
3.183249282e-05	
-6.029177894e-05	
0.008272140287	
-3.892319364e-05	
-0.00291560078	
0.001682006987	
-0.0006341863773	
-0.0003872441594	
8.184367471e-05	
-7.561884559e-05	
-0.004314118996	
-0.000597318518	
-0.0003903320467	
-8.627794887e-05	
-7.652745262e-05	
0.0001952824387	
0.0004110653244	
0.0002562088193	
-0.001929788385	
-0.001406397205	
-0.0009309782763	
6.473827398e-06	
-2.667614535e-05	
0.008514393121	
6.406588e-06	
-0.003655343782	
0.001934418455	
-0.0005010425812	
-0.0003924522316	
4.269470992e-06	
-9.492675599e-05	
0.001578415744	
-0.0006576273008	
-0.0007552742027	
2.416895586e-05	
-0.0001589608582	
0.0001943738316	
0.0001388493984	
0.0002636139689	
-0.001631319406	
-0.001421057386	
-0.001047553262	
-0.0001310552616	
2.166460717e-06	
0.008737535216	
4.57587339e-05	
-0.004072586074	
0.002167792059	
-0.000947133929	
-0.0005781285581	
7.256050594e-05	
-9.251894517e-05	
-0.004054404795	
-0.000888958748	
-0.0004599768145	
-0.0001616582886	
-0.0001366772631	
0.0002261978079	
-0.0007727393531	
0.000369612244	
-0.001719193067	
-0.001996428473	
-0.0009048416396	
0.0002451593173	
2.42598162e-05	
0.008853435516	
8.339030319e-05	
-0.004563981667	
0.002355589531	
-0.001224558684	
-0.0003962227493	
0.0001573179179	
-0.0001249789493	
0.001063502161	
-0.0009819547413	
-0.0005221993779	
-8.426197746e-05	
-0.0002488448517	
0.0002200874151	
-0.001018378534	
0.0002730457345	
-0.001223578933	
-0.002008876298	
-0.0007892767317	
4.91812134e-05	
1.292210072e-05	
0.009098671377	
0.000116198571	
-0.005171367899	
0.00253995345	
-0.001325306832	
-0.0004527737328	
0.0001935621694	
-9.558549937e-05	
-0.003858724842	
-0.001052508014	
-0.0003242933308	
-0.0002171003725	
-0.0001867642422	
0.0002314450103	
-0.002540009096	
0.0003301151737	
-0.001322020893	
-0.002641462255	
-0.0008095017402	
0.0001485175599	
4.449336757e-06	
0.008928995579	
0.0001426000235	
-0.005491878372	
0.002655799268	
-0.001377378823	
-0.0003905602207	
0.0002399750083	
-0.0001423560607	
-0.0003133729915	
-0.00114393665	
-0.000637745834	
-0.0002041016123	
-0.0002099110134	
0.0002343071246	
-0.002890336793	
0.0001568753214	
-0.0007060958305	
-0.002748110099	
-0.0005257962039	
8.985700697e-05	
-3.75936288e-05	
0.00874274876	
0.0001677897526	
-0.005821135361	
0.002775998088	
-0.001303504105	
-0.0002850773744	
0.0001278569252	
-0.0002376462653	
-0.003237998346	
-0.001137690037	
-0.0007810445968	
-0.0003054908302	
-0.0002406673739	
0.0003266670683	
-0.004451341461	
0.0002559362329	
-0.0008431947208	
-0.003550523892	
-0.0005126444157	
-0.0001430843695	
9.749925084e-05	
0.007993562147	
0.0002151568042	
-0.005649185274	
0.002776403911	
-0.001325845602	
-0.0004890690907	
0.0004653785727	
-0.0002951156639	
-0.0007978026988	
-0.001370293554	
-0.001145163318	
-0.0003599732008	
-0.0002621786552	
0.0003226691915	
-0.004355723038	
3.795281373e-05	
-0.0006461873418	
-0.003687991994	
-0.000371859991	
-7.451716374e-05	
4.317588537e-05	
0.007348928135	
0.0002667116059	
-0.005707028788	
0.002774025779	
-0.001489204937	
-0.0006837931578	
0.0006477973657	
-0.0003238276695	
-0.002713709371	
-0.001373927924	
-0.0009990478866	
-0.0004373865668	
-9.217821935e-05	
0.0003627387923	
-0.005113525782	
0.000375422358	
-0.0008095208905	
-0.00441206526	
-0.0003680246882	
2.586691699e-05	
-2.61863479e-05	
0.006066075992	
0.0003046015918	
-0.005449723452	
0.002754375106	
-0.001645864686	
-0.0008116805111	
0.0005189821823	
-0.0003862035519	
-0.001003006008	
-0.001539067365	
-0.0009656281909	
-0.0004786827485	
-4.627083035e-05	
0.0003650557192	
-0.004941662308	
0.0002484672004	
-0.0007928110426	
-0.004547625314	
-0.0004121380625	
1.780302591e-05	
-9.115603461e-05	
0.004664330278	
0.000485833094	
-0.005494258832	
0.002530635567	
-0.001917371992	
-0.0008546315366	
-1.786568464e-05	
-0.0005273330025	
-0.002138623269	
-0.001639127731	
-0.0008818545612	
-0.0005239938619	
-4.767917198e-05	
0.0004765645717	
-0.005989974365	
0.0003326780861	
-0.001377257169	
-0.004985644948	
-0.0006305260467	
-2.733417568e-05	
3.037375063e-05	
0.002225866774	
0.0006529720849	
-0.00568369031	
0.002093434799	
-0.002152773086	
-0.00100508763	
-5.19454552e-05	
-0.0006018161075	
-0.001572390553	
-0.001596832066	
-0.0007327804924	
-0.000442247605	
-0.000164117213	
0.0004734980175	
-0.006003046874	
0.0001852338173	
-0.001975692809	
-0.004999668803	
-0.001235292526	
-2.720214252e-05	
0.0001319319272	
-0.000863426947	
0.0007527389098	
-0.006614566781	
0.001994606806	
-0.003606377402	
-0.0007279911079	
0.0002571437799	
-0.0007614811184	
-0.001621824456	
-0.001921977149	
-0.001356698456	
-0.0005894363276	
-0.0001257739787	
0.000556590152	
-0.006107298192	
0.0001552639587	
-0.00255125179	
-0.005351657514	
-0.001744996989	
-0.0004647207388	
0.0001934641623	
-0.01825668849	
0.01004255377	
-0.007322344463	
-0.01072520297	
0.003893260844	
0.004173784982	
5.931375199e-05	
-0.0008359642234	
-0.001592044835	
-0.001853990601	
-0.001082202536	
-0.0004934476456	
-0.0002039596438	
0.0005614966503	
-0.01009398047	
-5.570898793e-06	
-0.001304305857	
-0.006899331231	
0.001710199285	
0.001505641267	
-0.0001832498674	
