knot points: 32
datatype: FLOAT
noise: OFF
sqp exits condition: CONSTANT TIME
max sqp time: 2000
solver: PCG
max pcg iter: 300
save data: OFF
jitters: ON


start: 0 goal: 0
0
237
436
444
434
434
432
433
435
435
431
434
434
433
433
438
434
438
433
433
433
432
433
433
432
432
432
435
434
436
433
437
435
433
434
433
433
437
435
435
433
434
434
438
430
436
432
433
434
433
433
433
432
431
433
432
434
432
433
439
436
432
434
433
437
436
434
430
437
432
436
434
435
435
435
432
432
434
434
437
433
432
432
436
433
440
438
437
435
437
435
433
436
436
433
432
433
435
434
433
395
227
345
301
272
249
345
273
381
374
391
281
323
331
272
308
448
343
347
382
261
238
177
300
252
251
250
241
217
356
294
274
289
233
258
254
335
294
335
302
167
215
215
247
232
257
243
230
252
233
349
338
255
230
231
258
258
240
253
399
187
224
226
273
243
316
317
411
293
243
270
398
264
262
302
243
197
277
458
255
309
249
240
328
279
267
178
359
302
313
244
244
344
300
289
210
245
194
267
374
339
299
259
176
357
197
193
275
380
351
236
347
330
300
388
288
327
387
170
435
449
107
332
226
243
215
344
345
113
339
335
328
417
416
343
273
361
276
349
343
362
343
366
314
315
284
291
374
191
184
373
100
338
443
240
226
48
191
97
485
386
11
114
436
120
187
269
272
272
279
213
270
129
309
206
112
333
242
346
319
391
93
382
139
276
346
330
213
384
347
414
301
319
327
349
383
468
362
343
366
360
335
440
367
350
276
210
369
238
231
188
309
391
237
254
445
483
470
415
434
463
351
366
370
493
316
456
276
397
357
244
385
390
309
247
404
401
334
255
372
521
419
293
433
309
317
297
358
275
320
323
422
306
362
182
423
435
380
283
390
405
366
415
497
312
367
225
309
366
358
502
353
327
364
386
420
396
349
524
498
385
386
404
386
387
436
596
325
315
212
305
327
410
290
414
423
454
269
386
389
429
301
242
357
422
438
401
354
413
370
318
407
466
423
295
428
356
373
364
427
508
319
525
292
337
398
417
215
404
360
501
323
395
371
396
446
303
477
506
348
260
439
238
474
377
409
492
459
384
371
392
431
461
495
395
380
364
461
405
366
488
418
353
386
356
378
378
434
411
475
466
331
468
402
358
201
412
364
443
391
349
388
265
280
313
209
232
189
238
386
253
371
362
389
319
241
233
178
228
294
377
406
349
319
255
357
248
396
377
288
381
373
348
312
402
338
361
410
310
274
222
322
208
170
243
116
86
150
269
282
361
263
311
277
239
248
135
131
401
274
194
217
171
214
48
74
270
269
188
289
254
199
209
246
288
210
247
231
210
200
253
420
351
194
174
174
344
317
234
221
210
358
266
258
204
176
237
313
268
206
355
264
199
233
237
397
214
291
311
179
189
172
259
172
307
88
285
164
28
65
271
178
85
9
159
290
180
169
185
181
301
180
185
167
248
358
310
271
55
183
13
329
195
392
270
193
167
188
16
255
26
190
69
69
321
230
224
8
201
8
80
261
194
80
11
352
226
171
71
18
24
27
34
142
13
148
69
252
163
35
254
196
223
91
12
268
167
198
218
173
335
176
186
186
169
435
338
317
161
294
176
50
101
207
201
239
477
271
218
247
241
329
435
374
298
255
187
200
474
364
290
256
230
333
250
172
266
314
303
201
255
274
332
238
229
191
168
230
242
227
282
198
368
373
399
206
260
208
231
392
333
298
201
209
348
180
236
273
358
168
303
185
298
287
247
234
212
224
307
362
234
177
188
202
306
277
224
284
245
288
317
194
212
294
226
240
438
371
278
257
177
335
295
165
266
302
199
264
211
186
299
295
173
216
172
299
274
287
293
301
257
182
248
282
223
184
178
214
261
248
265
322
234
306
239
267
182
163
277
257
169
187
337
254
207
198
292
223
267
209
369
178
251
357
194
233
165
174
354
286
222
180
253
171
271
284
170
197
193
200
210
178
209
232
270
223
290
300
186
191
195
294
266
287
211
175
312
266
187
252
215
176
200
173
173
343
323
333
205
188
190
340
256
183
309
289
284
202
192
258
173
197
306
361
303
197
244
228
353
295
187
324
271
164
267
256
188
185
277
182
212
178
174
314
374
340
282
207
239
348
295
305
180
317
194
289
336
305
293
171
146
227
133
172
272
321
337
254
89
160
107
64
315
269
216
57
97
345
74
39
162
188
213
95
372
370
219
155
331
231
176
92
342
176
105
160
231
322
144
113
224
128
175
263
19
318
220
94
231
132
134
178
42
258
150
236
196
15
124
147
241
164
317
242
305
173
232
211
333
242
189
175
152
220
12
126
216
198
210
136
420
250
183
195
194
229
206
236
9
235
220
134
163
196
84
164
23
226
159
15
145
69
53
304
257
9
52
250
65
287
48
236
179
88
181
334
174
170
198
212
15
260
321
225
167
328
173
174
244
9
75
229
291
221
64
9
14
336
197
13
15
9
234
9
349
159
139
177
242
172
366
237
181
185
230
272
250
233
204
291
191
219
331
191
173
272
244
177
351
183
174
211
250
198
261
102
76
239
48
276
221
292
237
217
236
210
314
230
319
195
244
285
242
304
283
12
310
322
382
234
271
225
171
156
256
389
261
209
195
253
222
216
211
210
206
206
335
234
351
270
363
217
314
177
287
271
314
214
219
351
165
273
269
273
337
354
251
395
291
201
240
391
284
250
167
280
260
326
370
402
249
288
382
251
299
191
164
260
179
425
245
290
215
347
318
280
33
164
213
302
260
351
185
172
310
226
213
331
275
315
347
322
329
176
356
237
287
361
174
218
302
225
319
240
183
303
245
207
225
327
289
211
303
286
227
209
243
272
173
319
202
166
184
290
317
200
166
194
256
252
234
185
305
326
307
216
293
175
354
266
249
271
322
254
193
25
131
293
231
94
247
40
15
248
31
221
87
335
183
167
164
194
269
178
192
164
14
172
193
12
170
87
49
243
17
313
308
218
172
180
138
146
222
38
365
46
275
15
264
222
126
133
256
207
315
298
219
309
266
284
246
223
276
299
295
310
258
214
165
384
321
201
348
353
273
200
269
216
199
190
169
387
341
303
198
173
250
221
253
315
335
299
195
361
258
256
175
180
326
215
192
177
253
8
356
298
177
175
56
337
187
265
390
336
253
194
355
289
244
178
194
195
258
390
285
204
180
329
305
375
375
263
196
238
349
287
265
158
227
94
330
381
177
397
321
183
10
314
284
255
119
143
45
80
348
232
148
251
214
18
139
146
35
279
257
223
61
118
66
148
13
334
308
228
150
203
241
160
109
129
330
282
187
16
366
93
75
66
341
181
119
214
293
216
233
173
400
201
225
232
171
187
13
349
288
205
16
268
14
250
167
319
257
184
185
360
288
244
192
239
323
202
176
233
198
270
326
265
13
356
271
127
72
28
8
81
167
57
143
264
228
116
225
206
333
258
178
169
324
224
172
287
292
211
332
303
182
291
258
320
284
194
322
172
295
242
227
101
7
273
275
312
187
241
202
236
223
168
66
286
244
256
12
50
285
174
259
179
168
281
236
30
279
12
9
275
105
120
140
284
131
96
275
286
182
234
291
237
296
219
191
211
182
373
384
168
375
280
179
251
245
184
306
200
259
181
364
146
131
191
346
219
212
199
101
372
264
207
277
176
229
361
281
257
229
183
336
296
217
178
375
193
203
178
236
194
246
369
314
182
208
331
177
219
191
198
319
197
179
385
270
234
324
251
168
258
316
239
225
251
249
326
276
227
168
119
318
280
260
145
345
221
102
79
206
202
220
295
205
255
289
263
259
33
322
199
195
321
213
209
191
327
193
168
238
346
335
197
15
25
37
283
50
199
8
292
153
133
187
9
159
184
166
185
135
10
167
90
183
160
192
11
347
316
251
42
70
199
9
334
12
196
285
336
265
220
227
183
185
232
346
184
93
183
189
343
217
180
331
315
229
377
192
364
235
179
371
338
198
131
121
320
253
326
305
223
226
236
328
197
279
207
322
352
172
32
309
227
244
336
233
14
329
186
53
106
200
223
85
62
127
328
181
203
151
210
174
150
332
188
312
234
PCG exit tol: 5e-05
pcg exits for max iter: 0% of the time
sqp iters
Average[10.7412] Std Dev [3.06865] Min [1] Max [15]
control updates: 5204
avg tracking error: 0.132311 final error: 0.0678847

error condition violation, ignore this result set

RESULTS
exit tol: 5e-05
avg avg tracking err: 0.0661557 avg final tracking err 0.0339423
avg avg sqp iters: 5.37058


452
437
433
432
439
432
435
439
439
430
432
440
435
433
434
439
439
433
431
434
436
433
432
438
434
433
435
437
432
430
432
434
433
431
432
432
438
432
433
432
433
435
437
438
433
432
432
430
432
433
433
431
433
432
434
432
435
439
438
435
432
433
432
433
431
439
433
433
438
435
434
434
435
433
433
438
430
439
437
434
438
439
433
433
431
433
437
438
432
435
432
437
433
434
433
433
432
434
433
432
250
193
186
187
180
199
313
350
404
191
308
285
221
413
272
418
295
157
265
194
358
330
378
165
285
8
246
296
260
290
353
62
213
222
290
288
328
215
259
185
308
274
354
317
374
287
181
413
277
188
272
214
287
310
325
287
364
404
354
304
205
284
473
398
301
277
313
334
276
266
281
303
291
290
413
359
218
350
283
349
429
310
299
249
204
440
356
362
212
431
312
275
395
244
338
384
380
415
390
314
324
182
366
334
384
407
187
396
243
240
327
209
220
433
437
377
271
272
323
359
469
442
338
312
259
362
407
278
416
344
288
409
384
382
345
217
538
399
461
401
209
462
196
410
480
344
417
274
383
275
430
284
465
312
433
386
213
323
367
420
176
408
328
421
332
257
498
281
403
343
321
244
503
507
315
451
329
212
408
150
98
326
433
454
263
339
449
238
330
385
269
311
453
470
230
415
359
358
370
407
345
465
403
418
369
378
376
308
421
472
366
485
417
620
393
453
362
441
473
435
262
386
425
413
332
383
562
422
442
385
301
328
558
639
399
383
440
128
393
425
338
395
649
224
281
314
429
568
424
324
486
372
422
448
396
434
228
366
529
421
507
394
503
264
424
563
485
421
408
198
483
406
588
399
424
339
351
368
460
412
488
458
278
551
386
462
518
284
297
656
524
557
403
442
174
599
460
468
554
490
337
421
319
487
578
594
362
497
428
333
480
362
212
418
483
345
382
383
377
320
406
451
341
406
417
470
327
466
557
474
483
439
396
446
400
404
506
493
468
461
311
436
484
360
553
428
408
467
364
379
475
272
567
390
422
372
379
378
363
405
506
350
390
382
340
321
327
369
464
327
334
317
352
273
323
376
310
133
238
263
200
254
340
300
176
375
214
207
264
235
381
276
285
244
275
376
166
334
221
238
449
314
225
267
276
182
281
329
293
282
263
339
245
440
301
258
169
242
216
316
238
230
210
238
292
286
158
198
220
227
96
80
68
231
114
129
10
179
222
357
273
197
196
204
233
128
244
230
182
338
112
314
364
300
299
233
84
130
165
235
266
185
246
264
255
98
53
234
233
101
56
118
314
116
255
24
165
311
224
79
159
311
76
11
169
151
344
205
23
174
223
81
171
192
195
235
17
177
196
190
151
68
229
140
418
168
194
244
181
166
225
41
131
172
177
191
382
192
192
210
319
298
234
20
290
159
221
175
90
172
235
214
236
313
179
91
54
159
70
350
260
143
22
69
71
292
271
87
58
309
135
322
72
366
270
152
97
138
12
229
72
137
171
236
192
182
126
305
192
29
183
54
320
328
181
240
17
92
80
206
88
9
180
59
308
240
138
168
14
15
39
15
297
174
65
90
340
171
246
132
221
327
121
163
22
86
403
229
93
64
357
142
257
79
268
165
171
137
16
364
357
224
148
71
139
198
176
209
92
9
170
146
144
222
35
198
327
78
149
214
259
242
303
253
248
120
142
227
205
13
296
195
207
356
300
271
225
139
95
132
161
63
121
69
135
13
162
16
159
98
401
295
288
162
259
82
169
222
188
194
87
439
305
255
81
182
181
72
75
371
379
88
372
231
319
314
242
265
155
339
303
241
368
243
346
343
331
348
364
202
252
296
378
280
201
362
355
386
337
387
294
253
262
188
218
320
449
343
403
387
429
327
170
364
386
371
353
258
225
363
353
367
395
413
385
43
257
297
322
102
436
276
333
456
203
380
347
429
356
400
387
318
208
353
194
340
282
327
179
383
373
355
381
413
204
165
390
249
371
212
260
331
267
372
444
427
427
474
373
342
320
333
340
419
397
182
331
352
402
369
341
269
260
420
233
299
298
190
381
332
311
310
325
289
278
209
291
181
288
357
269
189
224
272
319
338
345
404
226
197
296
310
214
375
270
268
247
184
288
233
182
187
253
240
207
269
285
293
202
196
252
216
291
271
174
198
289
215
229
206
107
287
344
212
206
215
337
257
258
344
212
260
169
234
413
208
231
173
294
236
195
317
238
244
226
213
304
196
172
343
290
110
313
194
214
304
206
306
135
256
247
182
318
312
297
219
315
230
208
217
197
250
199
216
299
247
283
323
291
