0.000757456
0.00249945
0.0158117
0.0296194
0.0404604
0.0442043
0.0503828
0.0553308
0.059357
0.0626624
0.0589344
0.0609692
0.062573
0.0637262
0.0644706
0.0647679
0.0581936
0.0577
0.0567379
0.0553962
0.0536918
0.0487384
0.0508068
0.0523509
0.0535395
0.0542043
0.0467965
0.0470736
0.0474269
0.047581
0.047876
0.047987
0.0409806
0.0411615
0.0412108
0.0407551
0.0399971
0.0330744
0.0315861
0.0293825
0.0265839
0.023087
0.0165295
0.0191294
0.021479
0.0233773
0.0280684
0.0329413
0.0339628
0.0379952
0.0415373
0.0445892
0.0471567
0.0457379
0.047653
0.0495599
0.0516536
0.0539401
0.0525454
0.0551371
0.0578758
0.0621937
0.0673636
0.073008
0.0771765
0.0835408
0.0902703
0.0972811
0.104541
0.109715
0.117242
0.124809
0.132369
0.139869
0.144992
0.152186
0.159132
0.165814
0.172148
0.178136
0.181792
0.18702
0.191805
0.196107
0.199898
0.201647
0.204455
0.206711
0.208419
0.209568
0.209148
0.209337
0.20896
0.207995
0.206411
0.204196
0.200863
0.199682
0.202013
0.20378
0.205018
0.205675
0.205871
0.205509
0.204654
0.203274
0.201656
0.199322
0.196523
0.19323
0.189531
0.185444
0.181602
0.176985
0.172193
0.167229
0.162253
0.157877
0.174406
0.192574
0.211848
0.232191
0.251263
0.273713
0.297342
0.322103
0.348127
0.375511
0.3993
0.421896
0.439739
0.453692
0.464271
0.471175
0.476513
0.47944
0.480117
0.479049
0.476912
0.473155
0.468287
0.462566
0.456211
0.449266
0.442793
0.435122
0.427331
0.419575
0.414179
0.415089
0.418202
0.422887
0.425843
0.426077
0.421821
0.415624
0.406517
0.394771
0.380688
0.364604
0.344009
0.324673
0.304789
0.295921
0.286246
0.274367
0.263136
0.251417
0.239105
0.226057
0.210007
0.195442
0.180284
0.16463
0.148656
0.132491
0.113742
0.0976846
0.0820726
0.067108
0.0530233
0.0481074
0.0427602
0.0368653
0.0306805
0.0258499
0.0288849
0.027815
0.0261403
0.0272694
0.0301724
0.0322146
0.0362991
0.0368554
0.036799
0.0362116
0.0351761
0.036337
0.0345319
0.0324675
0.0302188
0.0299059
0.0302593
0.0303534
0.0301988
0.0297988
0.0291585
0.0305491
0.0316875
0.034978
0.0382318
0.0414815
0.0447379
0.0462256
0.0494995
0.052735
0.0559001
0.059001
0.0606046
0.0635839
0.066457
0.0692608
0.0719603
0.0745625
0.0760378
0.0784806
0.080798
0.0829571
0.0849446
0.0860366
0.0877537
0.0892905
0.0906147
0.0917193
0.0921393
0.0928207
0.0932282
0.0937508
0.0962186
0.0986407
0.100428
0.10269
0.104824
0.10687
0.10875
0.110078
0.111656
0.113081
0.114267
0.11522
0.115653
0.116045
0.116046
0.115652
0.1148
0.113481
0.111744
0.109338
0.106279
0.102595
0.0982177
0.0937759
0.0881645
0.0842361
0.0914261
0.0990857
0.106281
0.115077
0.124603
0.134966
0.146199
0.158316
0.169614
0.183105
0.196959
0.210758
0.223315
0.231888
0.238139
0.240524
0.23916
0.234257
0.22734
0.216863
0.204125
0.189705
0.174236
0.158286
0.144379
0.129001
0.127438
0.135575
0.144688
0.153285
0.141581
0.15354
0.166271
0.167164
0.158829
0.146959
0.131578
0.113926
0.103922
0.098075
0.0897765
0.0879849
0.0900574
0.0901015
0.0883153
0.084737
0.0799524
0.0740636
0.0673167
0.064362
0.0689842
0.0694238
0.0679317
0.0647026
0.0600112
0.05417
0.0489949
0.041515
0.0390007
0.0366489
0.0334198
0.0322692
0.0278838
0.0232361
0.0185177
0.0176035
0.0199206
0.0198442
0.0219425
0.0233573
0.0241219
0.0244258
0.0259254
0.0257404
0.0254055
0.0249962
0.0245657
0.0258604
0.0254481
0.0249984
0.0246627
0.0242396
0.0255081
0.0247484
0.0238193
0.0227046
0.0214487
0.0200854
0.0204178
0.0188831
0.0173079
0.0156989
0.014065
0.0141347
0.0125976
0.0111514
0.00976541
0.00843714
0.00859737
0.00736612
0.00620691
0.0051034
0.0046609
0.00506153
0.00560673
0.00628761
0.00801124
0.00966554
0.0112618
0.0115381
0.013032
0.014462
0.0158305
0.0171522
0.0173561
0.0186222
0.0198015
0.0209016
0.0219202
0.0228803
0.0229235
0.0238253
0.0247365
0.0256748
0.0266162
0.026806
0.027741
0.0286195
0.0294189
0.0301502
0.0302394
0.0310431
0.0318662
0.0327178
0.0335973
0.0344587
0.0347929
0.0355716
0.0362659
0.0369097
0.0374972
0.0376151
0.0380171
0.0382896
0.0384198
0.0384206
0.0380739
0.0378243
0.0374307
0.0368723
0.0361532
0.035272
0.034201
0.0330222
0.0317112
0.0302926
0.0287939
0.0273143
0.0277224
0.0317605
0.0429993
0.0501892
0.0571296
0.0584869
0.0604307
0.0640951
0.065925
0.0664862
0.0644944
0.0633379
0.0615755
0.0593149
0.056699
0.0519554
0.0488956
0.0457623
0.0425924
0.0394374
0.0343343
0.0313377
0.0286272
0.0280289
0.027331
0.0265336
0.0235754
0.0225063
0.0213657
0.0201099
0.0187889
0.0154258
0.0141146
0.0129364
0.0118656
0.0107571
0.00772684
0.00663559
0.00563729
0.00474172
0.00387326
0.00293692
0.00105854
0.00169598
0.00289227
0.00385582
0.00477989
0.00505665
0.00583618
0.0065004
0.00713123
0.00765945
0.00775335
0.00818195
0.00864235
0.00916648
0.00972936
0.0103069
0.0106985
0.0115442
0.0123761
0.0131381
0.0137937
0.0139382
0.014105
0.0143773
0.0146119
0.0149307
0.0151858
0.0154913
0.0156179
0.0154293
0.0148388
0.014203
0.0135226
0.0127379
0.0119457
0.0112917
0.0105734
0.00994962
0.0092661
0.00862566
0.00806259
0.00754788
0.00712934
0.00666089
0.00684572
0.00721288
0.00770937
0.00822943
0.00902889
0.0096123
0.0102034
0.0108184
0.0114439
0.012147
0.0127199
0.013287
0.0138322
0.0143254
0.0148147
0.0151314
0.0153837
0.0155369
0.015655
0.0157573
0.0158896
0.0158992
0.0158835
0.0157586
0.0154655
0.017548
0.020714
0.0243285
0.0284473
0.0332198
0.0379809
0.0440778
0.051002
0.0587655
0.0700697
0.0795036
0.0887393
0.0924077
0.0898683
0.0826737
0.0723475
0.0582335
0.045097
0.0319004
0.0208168
0.0152753
0.0136027
0.0138553
0.0211735
0.0270848
0.031546
0.0346582
0.0381147
0.0388028
0.0385861
0.0376168
0.0360388
0.0350737
0.0325451
0.0297369
0.0279447
0.026922
0.0248836
0.0233696
0.0217232
0.0199857
0.0181605
0.016288
0.0134511
0.011551
0.0118631
0.0125358
0.0130677
0.0126458
0.0131569
0.0136885
0.0141979
0.0147009
0.0145274
0.0156577
0.0166475
0.0174703
0.0181239
0.0185931
0.0190172
0.0191889
0.019209
0.0190977
0.0188488
0.0186606
0.0181667
0.0175519
0.0168111
0.0159467
0.0152289
0.014174
0.0130664
0.0119315
0.0107666
0.00960693
0.00876749
0.00808603
0.00739387
0.00672713
0.00610992
0.00540677
0.00486675
0.00431421
0.00375569
0.00321737
0.0029673
0.00279775
0.00264689
0.00314941
0.00365926
0.00409766
0.00433779
0.00461751
0.00481372
0.00494544
0.00502473
0.00498945
0.00498575
0.00495614
0.00489803
0.00478967
0.00461423
0.00444709
0.00426945
0.00407152
0.00386386
0.00366415
0.00346717
0.00326817
0.00306749
0.00286001
0.00265637
0.0024628
0.00224811
0.00201008
0.0017574
0.00149593
0.00126007
0.00104146
0.000856906
0.000707835
0.00076358
0.000849307
0.000915527
0.000940427
0.000945032
0.000910148
0.00107343
0.00125149
0.00144349
0.00161137
0.0017572
0.00189134
