0.000757456
0.00236693
0.0152348
0.028311
0.0381783
0.0409571
0.0459125
0.0495133
0.0520901
0.05386
0.0487423
0.0491516
0.0491191
0.0486945
0.0479347
0.0468857
0.0393249
0.0379792
0.0364648
0.0347677
0.0336995
0.027698
0.028805
0.0298629
0.030817
0.0316852
0.0244367
0.0249579
0.0262531
0.0289419
0.03149
0.0338141
0.0337773
0.0354682
0.0369223
0.0381273
0.0390792
0.0373106
0.0378443
0.0382454
0.0385248
0.0387496
0.036763
0.0370957
0.0384703
0.0404557
0.0423083
0.0439983
0.0423463
0.0434456
0.0441964
0.0445693
0.0445331
0.0448132
0.0457357
0.0463271
0.0465273
0.0463133
0.0453681
0.0444846
0.0432729
0.0418241
0.0401925
0.0384786
0.0365946
0.0349446
0.0334481
0.0321319
0.031054
0.0298644
0.0292383
0.0288546
0.0293173
0.0319837
0.0355236
0.0386084
0.0419427
0.0455066
0.0492567
0.0532052
0.0574052
0.0616076
0.0659491
0.070428
0.0750393
0.0795798
0.084429
0.0894316
0.0946058
0.0999612
0.105038
0.110757
0.116703
0.122891
0.129333
0.136037
0.142217
0.149391
0.156813
0.164443
0.17219
0.179078
0.186997
0.194993
0.203052
0.211112
0.218095
0.225889
0.233296
0.240084
0.246011
0.250743
0.253643
0.255298
0.254885
0.252235
0.247327
0.241216
0.232446
0.221963
0.210069
0.197039
0.184856
0.170345
0.155336
0.139949
0.124314
0.113858
0.111605
0.108591
0.105546
0.102523
0.0994188
0.0968713
0.0937886
0.0907931
0.0878415
0.0851328
0.0829893
0.0808115
0.0789496
0.0775274
0.0764771
0.0758224
0.0755537
0.0758048
0.081774
0.0889928
0.098167
0.10783
0.120538
0.130003
0.141149
0.149519
0.152335
0.154146
0.153038
0.149303
0.143293
0.135356
0.121939
0.110844
0.098708
0.0858118
0.0723383
0.0539841
0.0481087
0.0488288
0.0526588
0.056065
0.0568152
0.058835
0.0601497
0.0607368
0.0615133
0.0696982
0.0800627
0.0858045
0.0904181
0.0939692
0.0965244
0.100544
0.101188
0.101099
0.100384
0.0991209
0.0989998
0.0968429
0.0944699
0.0919281
0.0893032
0.0866615
0.0847892
0.0821963
0.079773
0.0775557
0.0755665
0.0739478
0.072288
0.0707849
0.0694059
0.0680669
0.0665771
0.0651514
0.0636494
0.0620276
0.0603016
0.0584554
0.0562737
0.0541942
0.0519969
0.0496733
0.0472634
0.0445662
0.0419942
0.0393815
0.0367342
0.0340854
0.0312859
0.028671
0.0261064
0.0236236
0.0212216
0.0189471
0.016646
0.0146358
0.012762
0.0110053
0.0103773
0.00975966
0.00952006
0.0103234
0.0113323
0.0122436
0.0125635
0.0133232
0.0140006
0.014591
0.0151203
0.0155794
0.0156607
0.0160455
0.0164038
0.0167065
0.0169796
0.0169761
0.0172031
0.0173862
0.017543
0.0176587
0.0175659
0.0176152
0.0176171
0.0175707
0.0174505
0.0172737
0.0169429
0.0166384
0.0162707
0.0158272
0.0152836
0.015192
0.015152
0.0149682
0.0146468
0.0141648
0.013697
0.0129218
0.0119751
0.0108744
0.00960225
0.0117888
0.014321
0.0171931
0.0202907
0.0235856
0.0270297
0.0300664
0.032729
0.0344531
0.0351723
0.0348574
0.0338642
0.0316387
0.0284556
0.027729
0.0277826
0.0324627
0.0384334
0.0462114
0.054924
0.0646119
0.0752598
0.0852842
0.0754307
0.0895773
0.104924
0.108918
0.103708
0.0958427
0.0848884
0.0719868
0.0579094
0.0561165
0.0646751
0.0715166
0.0765684
0.0799299
0.0817173
0.0813981
0.0804131
0.0783532
0.0754023
0.0717637
0.0702033
0.0721916
0.0732293
0.0734766
0.073078
0.0722195
0.071823
0.0701081
0.0681986
0.0661205
0.0638646
0.0614463
0.0587577
0.0558902
0.0528075
0.0494746
0.0453126
0.0414575
0.0374786
0.0334305
0.0294058
0.0254338
0.0205045
0.0165515
0.0166221
0.0183162
0.0213333
0.0249093
0.0280315
0.0311814
0.0343064
0.0373713
0.0407753
0.0436182
0.0462961
0.0487734
0.0510217
0.0530422
0.0553043
0.0596989
0.0644648
0.0690272
0.0733459
0.0784501
0.0821329
0.0854267
0.0882667
0.0905941
0.0935799
0.094792
0.0954028
0.0953829
0.0947561
0.093522
0.0932052
0.0909252
0.088193
0.0851089
0.081724
0.0796601
0.0759496
0.0721828
0.0684244
0.0647567
0.0625657
0.0591298
0.0558977
0.0564309
0.0589042
0.0623301
0.0658039
0.0699137
0.0742118
0.078693
0.0833441
0.0875312
0.092401
0.0973306
0.102282
0.107208
0.111435
0.116127
0.120589
0.124735
0.128468
0.131647
0.133878
0.135705
0.136614
0.136507
0.135308
0.133323
0.130051
0.125783
0.12063
0.114777
0.109205
0.102552
0.0957864
0.0890744
0.0825607
0.0764265
0.071517
0.0666541
0.0626811
0.0624343
0.0712252
0.0786304
0.0861979
0.0916583
0.101079
0.104012
0.105582
0.0993624
0.0887883
0.0762245
0.0628625
0.0586868
0.05392
0.0493202
0.0445881
0.0397942
0.0371769
0.0370302
0.0338923
0.0303871
0.0343047
0.0382985
0.0425089
0.0446233
0.0458377
0.0462398
0.0460058
0.0453252
0.0457708
0.0444537
0.0429673
0.0411501
0.0392255
0.0386133
0.0364595
0.0341376
0.0329506
0.0328221
0.0336796
0.0330135
0.0321831
0.031242
0.0301449
0.0289408
0.0288693
0.0272107
0.025361
0.0234871
0.0216506
0.0210598
0.0192522
0.0175022
0.0159017
0.0144066
0.0141103
0.0127889
0.0114933
0.0108524
0.0110116
0.0111512
0.0123837
0.0124046
0.0124101
0.0123944
0.012399
0.0134096
0.0134467
0.0134293
0.0133374
0.0131659
0.0137408
0.0141434
0.0149469
0.015579
0.0162024
0.0167517
0.0169051
0.0168137
0.0167148
0.0165973
0.0166981
0.0167984
0.0169672
0.0171755
0.0173781
0.0175655
0.0177278
0.017888
0.0182112
0.0186822
0.019289
0.0197517
0.0200846
0.0204022
0.020624
0.0208267
0.0208427
0.0206014
0.0202598
0.0200674
0.020634
0.0212003
0.0216333
0.0221914
0.0227803
0.023468
0.0242544
0.025157
0.0260744
0.0273502
0.0288521
0.0305472
0.0324967
0.0344094
0.0368886
0.0397042
0.0429343
0.0466049
0.0502083
0.0548875
0.0601187
0.0660106
0.0750436
0.0823951
0.0895008
0.0890172
0.0843489
0.0773595
0.0692774
0.059469
0.0514373
0.048496
0.0506688
0.0522437
0.0534347
0.0537446
0.0534023
0.052495
0.0510285
0.0490341
0.0489941
0.0489925
0.0479235
0.0460148
0.0435538
0.0417774
0.0383277
0.0345494
0.0304942
0.0261909
0.0226962
0.0183641
0.0141293
0.0100421
0.006185
0.00262603
0.000678509
0.00404719
0.0070301
0.00961611
0.0118068
0.0135029
0.0151744
0.0169146
0.0182181
0.0192379
0.0201923
0.0210393
0.0215346
0.0217482
0.0218433
0.021626
0.0215106
0.0210293
0.0204981
0.0198231
0.0192285
0.0186759
0.0178208
0.0168604
0.0159326
0.0149795
0.014335
0.013464
0.0125218
0.0114993
0.0104176
0.00923949
0.00831598
0.00706476
0.00587603
0.00470755
0.0036507
0.0028542
0.00180808
0.00146148
0.00230946
0.00329717
0.0036054
0.00429711
0.00484461
0.00547756
0.00637032
0.00734454
0.00778672
0.00834736
0.00862998
0.0089256
0.00920795
0.00932823
0.00948806
0.0096516
0.00980592
0.00992711
0.00995013
0.00982632
0.00957564
0.00924225
0.00901397
0.00872687
0.00841424
0.00806318
0.00786577
0.00769553
0.00759265
0.0073483
0.0071352
0.00688405
0.00669374
0.00645465
0.00629421
0.00620306
0.00629297
0.00625588
0.00624646
0.00623439
0.00634952
0.0065297
0.00676057
0.00688863
0.00693305
0.00695318
0.00697604
0.00671114
0.00647873
0.00636104
