0.000757456
0.00242551
0.0154499
0.0290505
0.0397006
0.04329
0.0492367
0.053859
0.057479
0.0603107
0.0561332
0.0576237
0.0586539
0.0592625
0.0594669
0.0592888
0.0523998
0.0516365
0.0505341
0.0490523
0.0472631
0.0412181
0.0430695
0.0446872
0.0460906
0.0472092
0.0400577
0.0406173
0.0408254
0.0406826
0.0400972
0.0390254
0.0304054
0.0294892
0.0300973
0.0303823
0.0303464
0.0276197
0.0270053
0.031347
0.0355037
0.03945
0.040625
0.0438546
0.0468097
0.0494914
0.051884
0.0539936
0.0526566
0.0540704
0.0551311
0.0558095
0.056985
0.0596947
0.0619112
0.0638878
0.0656579
0.0672372
0.0679129
0.0691252
0.0702874
0.0714276
0.0725725
0.0737495
0.0736659
0.0748272
0.0760147
0.0771742
0.0783178
0.0779393
0.0789249
0.0797818
0.0805041
0.0810602
0.0800536
0.0809092
0.0847625
0.0886263
0.0924433
0.0962232
0.100069
0.103629
0.107078
0.110405
0.11358
0.116613
0.119441
0.122087
0.124553
0.126827
0.128889
0.130773
0.132464
0.13396
0.135267
0.136379
0.137313
0.138072
0.144532
0.153572
0.162918
0.172355
0.182226
0.192409
0.202928
0.213781
0.224365
0.235845
0.247704
0.259953
0.272622
0.285725
0.298152
0.312115
0.326595
0.341617
0.357215
0.371776
0.388459
0.405739
0.423605
0.442057
0.459003
0.478589
0.498906
0.52011
0.542405
0.565853
0.585825
0.602584
0.611854
0.615365
0.618908
0.625017
0.630467
0.634688
0.637768
0.639574
0.640295
0.639743
0.637726
0.63442
0.629921
0.624482
0.619416
0.613593
0.608411
0.604448
0.601931
0.600982
0.602251
0.605334
0.606975
0.606066
0.600709
0.592852
0.581562
0.567002
0.549435
0.529064
0.503933
0.47855
0.451346
0.423431
0.409079
0.392312
0.374553
0.355422
0.33506
0.313702
0.290405
0.267781
0.244987
0.222263
0.199789
0.177679
0.154276
0.133569
0.113954
0.095516
0.0783733
0.060259
0.0458695
0.0329831
0.0290341
0.0322307
0.0352562
0.0358621
0.035406
0.0340193
0.031846
0.0290176
0.0283091
0.0291873
0.0293235
0.0288197
0.0278049
0.0289406
0.0270617
0.0248643
0.0224344
0.0198172
0.0193478
0.0193014
0.0224319
0.0253351
0.0280129
0.0304313
0.0325531
0.0344387
0.035972
0.0371314
0.0379475
0.0386817
0.0388659
0.0387378
0.0383193
0.0376689
0.0372625
0.0362142
0.0350139
0.0337208
0.03235
0.030933
0.0300464
0.0285717
0.027088
0.025582
0.0240786
0.0231345
0.0216411
0.020157
0.0186674
0.0171655
0.0162078
0.0146346
0.0135038
0.0130465
0.0125998
0.0121861
0.0116545
0.0113437
0.01106
0.0108261
0.0106272
0.0103895
0.0105973
0.0119932
0.0134235
0.014863
0.0159857
0.0174421
0.0188866
0.0203109
0.0217273
0.023097
0.0241537
0.0254482
0.026722
0.0279192
0.0289935
0.0297289
0.0305186
0.0310973
0.0314415
0.0315253
0.0313393
0.0309538
0.0302373
0.0291799
0.0277617
0.0259274
0.0242263
0.0273073
0.0306129
0.0341616
0.0365852
0.0366985
0.0360444
0.037895
0.0442475
0.0508798
0.0567882
0.0640002
0.0716482
0.0798269
0.0885884
0.0980198
0.106711
0.117379
0.128703
0.140638
0.153105
0.164292
0.155222
0.169495
0.184263
0.186912
0.179901
0.169252
0.154801
0.137729
0.118868
0.100009
0.0926268
0.0861352
0.0793446
0.0787939
0.0818028
0.0824896
0.0826034
0.081587
0.0796404
0.0769858
0.0782593
0.0844067
0.0888916
0.0918149
0.0933028
0.0935459
0.0935199
0.0916443
0.0890501
0.085906
0.0823632
0.0787187
0.0745918
0.0703706
0.066084
0.0617748
0.0569615
0.0525511
0.0481421
0.0436803
0.0391354
0.0344981
0.0288658
0.0240596
0.0192452
0.0192121
0.0207854
0.0229426
0.0242509
0.0253904
0.0263434
0.0270991
0.0284041
0.0287788
0.0289592
0.028957
0.0287951
0.0285068
0.0288451
0.0283383
0.0277328
0.0270554
0.0263324
0.0267392
0.0259577
0.0250244
0.0239405
0.022737
0.0229931
0.0215536
0.0200211
0.0184107
0.0167399
0.0151066
0.0147088
0.0129177
0.0114751
0.0101202
0.00876166
0.00784585
0.00649827
0.00519398
0.00393474
0.00272263
0.00189333
0.00230234
0.00290578
0.00344397
0.00442321
0.00538845
0.0054048
0.00621269
0.00689479
0.00744543
0.00790496
0.00757788
0.00782376
0.00795331
0.00792947
0.00780552
0.00708876
0.00677472
0.00634836
0.00582247
0.00518999
0.00444587
0.00332941
0.00242898
0.00281124
0.00378122
0.00559144
0.00771923
0.0102824
0.0130471
0.0159809
0.0190796
0.0219404
0.0252683
0.0286923
0.0321866
0.0357334
0.0392983
0.0424305
0.0459215
0.0493566
0.0527303
0.0560126
0.0588318
0.0621477
0.0671746
0.0897566
0.0955515
0.100451
0.106967
0.109235
0.108605
0.10621
0.102632
0.0970835
0.0920819
0.0867506
0.0811981
0.0768927
0.0715075
0.0668473
0.0620665
0.0572499
0.0524177
0.0463342
0.0416743
0.037167
0.0329402
0.0290135
0.0253917
0.0203215
0.017231
0.0144587
0.0119696
0.0107513
0.00922507
0.00878402
0.00821791
0.00757749
0.00690504
0.00597599
0.00593235
0.00576627
0.00549379
0.00516485
0.00476625
0.00615413
0.00613565
0.00608979
0.00599258
0.00579331
0.00729049
0.00694266
0.00651507
0.00607085
0.00562109
0.00661483
0.00603602
0.00629305
0.00654678
0.00676825
0.00692506
0.00777364
0.00779365
0.00774238
0.00760867
0.00742701
0.00783707
0.00743227
0.0069179
0.00640588
0.00592963
0.0060508
0.00562157
0.00509076
0.00440679
0.00349648
0.00331683
0.00300145
0.00348431
0.00407892
0.00469602
0.00524313
0.00548919
0.00558125
0.00555082
0.00589172
0.00653192
0.00682531
0.00742809
0.00798693
0.00847958
0.00891156
0.00928054
0.00936462
0.00960787
0.0097992
0.00999896
0.0101941
0.0101684
0.010212
0.0101976
0.0101824
0.0101319
0.00992691
0.00960957
0.00901863
0.0081841
0.00705274
0.00561635
0.00443843
0.00425648
0.0053428
0.00718243
0.00948543
0.0118561
0.016048
0.0210547
0.0265564
0.0326002
0.0383638
0.04544
0.0531519
0.0616558
0.0735983
0.0833729
0.0926606
0.0961498
0.0931959
0.0855379
0.0747475
0.0603519
0.0469651
0.0335383
0.0273926
0.0231829
0.0213427
0.0215275
0.0210673
0.0249051
0.0291435
0.0320444
0.0354213
0.0361001
0.0359218
0.0350056
0.0335187
0.0327032
0.033149
0.0342048
0.0346786
0.034625
0.0332788
0.0323634
0.0311123
0.0295928
0.0278756
0.0260109
0.0231392
0.0211309
0.019124
0.0171464
0.0152421
0.0124277
0.0106311
0.00889114
0.00724095
0.00571474
0.00420916
0.00280997
0.00167301
0.00204125
0.00232455
0.00248873
0.0039776
0.00468007
0.00557905
0.00659174
0.00759494
0.00875697
0.00978038
0.010717
0.0115683
0.0123235
0.0131075
0.0135467
0.0139168
0.014261
0.0145849
0.0148488
0.0152328
0.0153479
0.0153815
0.0153093
0.015116
0.0150346
0.0146708
0.0142526
0.0137914
0.0133735
0.0134693
0.0130642
0.0126074
0.012105
0.0115657
0.0110029
0.010797
0.0101905
0.00957389
0.00894082
0.00829461
0.00795332
0.00728092
0.00661854
0.00598334
0.00538082
0.00520009
0.00503267
0.00506286
0.0051382
0.00518608
0.00520648
0.00515908
0.00515024
0.00512755
0.00508814
0.00502351
0.00491442
0.00482455
0.00473131
0.00462799
0.00451323
0.00437516
0.00423694
0.00407994
0.0039103
0.00372545
0.00353274
0.00334212
0.00314252
0.00300597
0.00315917
0.00333689
0.00353196
0.00376105
0.00401826
0.0043073
0.00461772
