0.000756681
0.00226356
0.0139195
0.0238394
0.0289525
0.026677
0.0253693
0.0242288
0.0314682
0.0384088
0.0535486
0.0675671
0.0812445
0.0942627
0.106404
0.11762
0.130101
0.138983
0.146689
0.152969
0.157683
0.162174
0.16314
0.162047
0.158765
0.153182
0.146232
0.136106
0.125404
0.125305
0.123598
0.120343
0.125021
0.136149
0.145154
0.151522
0.154787
0.160644
0.157269
0.150783
0.141658
0.130587
0.123828
0.110892
0.0981342
0.0859514
0.0746359
0.0644279
0.0581749
0.0498482
0.0427754
0.0412802
0.0435019
0.0414675
0.044908
0.0499979
0.0540551
0.0567981
0.0577081
0.0584028
0.0580305
0.0567197
0.0545794
0.0517486
0.0485156
0.0449975
0.0413393
0.0376032
0.033901
0.030379
0.0271015
0.0240705
0.0213307
0.0191934
0.0216607
0.0214862
0.0210997
0.0204718
0.0196479
0.0186751
0.0200944
0.0189127
0.0176326
0.0162705
0.0148286
0.0154549
0.0138123
0.0121385
0.0104646
0.00883199
0.00903168
0.00735095
0.00733475
0.00821963
0.00908723
0.00993942
0.0110234
0.0118918
0.0128243
0.0141576
0.0154626
0.0158762
0.0171652
0.0184059
0.0195892
0.0207132
0.0210475
0.0220563
0.0229965
0.0238388
0.0245669
0.0251637
0.0251285
0.0255354
0.0257963
0.025917
0.0258892
0.0253825
0.0251285
0.0247694
0.0242829
0.0236629
0.0227138
0.0218764
0.020898
0.0198192
0.01865
0.0173603
0.0159547
0.0145071
0.0128797
0.0129098
0.015262
0.0173483
0.0223725
0.0276635
0.0332168
0.0390212
0.0443317
0.0506059
0.0571053
0.0638142
0.0707057
0.0777654
0.0841088
0.0914332
0.0988657
0.106393
0.139905
0.146309
0.15425
0.153662
0.148514
0.139639
0.142093
0.146618
0.148434
0.147768
0.144856
0.139846
0.128709
0.119741
0.109181
0.107238
0.112478
0.113305
0.11597
0.117458
0.117758
0.116874
0.111064
0.107752
0.103489
0.0984244
0.0934186
0.0931474
0.0944914
0.0916635
0.0877526
0.0828791
0.0772623
0.0736626
0.0669715
0.0601484
0.0544614
0.0517799
0.0506845
0.0476598
0.0446492
0.0416791
0.0388042
0.0360523
0.0341534
0.0332485
0.0355811
0.0375129
0.0390965
0.0425948
0.0434729
0.044055
0.0443787
0.0444618
0.0462975
0.0459442
0.0454451
0.0447994
0.0440435
0.0431589
0.043772
0.0426678
0.0414523
0.0401374
0.0387527
0.0386251
0.0370518
0.0354362
0.0337718
0.0320777
0.0314708
0.0296796
0.0278705
0.0260734
0.0242776
0.0225038
0.0216534
0.0198951
0.0181835
0.0165067
0.0148838
0.0140141
0.0124441
0.010931
0.00946989
0.00806568
0.00728605
0.00597223
0.00472139
0.00353657
0.0024076
0.00132792
0.00114036
0.000689642
0.00123487
0.00211886
0.0029678
0.00345908
0.00423356
0.00493856
0.00562084
0.00628568
0.00667841
0.00730398
0.00791877
0.00852029
0.00905531
0.00958334
0.00990276
0.0103714
0.0113654
0.0123517
0.0133294
0.0142722
0.0152203
0.016105
0.0169012
0.0175813
0.0181215
0.0185248
0.0187884
0.0188909
0.0188022
0.0185469
0.0182154
0.0176472
0.0168897
0.0160088
0.014997
0.0140821
0.0129274
0.0117663
0.0106396
0.00959193
0.00917944
0.0113623
0.014203
0.0176954
0.021802
0.0266502
0.0314436
0.0378815
0.0452579
0.0536624
0.0631327
0.0722577
0.0616314
0.0753632
0.0907213
0.0951603
0.0907206
0.0842895
0.0753445
0.0649534
0.0539195
0.0437032
0.0414319
0.0409181
0.0401426
0.039246
0.0381921
0.0358261
0.0330401
0.0297633
0.0263165
0.0278773
0.030619
0.03059
0.03016
0.0292114
0.0278292
0.0265179
0.0261399
0.0246913
0.0233314
0.0221422
0.0210966
0.0200029
0.0191646
0.0185545
0.0181143
0.0178268
0.0165496
0.0162278
0.0160363
0.0158637
0.0156341
0.0153525
0.0136311
0.0132973
0.0139718
0.0147434
0.0154135
0.0139169
0.0142754
0.0145704
0.0148243
0.0150273
0.0133772
0.013424
0.0144492
0.0154662
0.0164141
0.0172791
0.0186817
0.0194266
0.020063
0.0206259
0.0211896
0.0221582
0.0225243
0.0228155
0.0230472
0.0231923
0.023691
0.0236388
0.0235117
0.0233323
0.0230602
0.0226918
0.0226256
0.0221105
0.0215396
0.0209078
0.0201947
0.0197538
0.0188865
0.017971
0.017032
0.0160416
0.0153524
0.0143302
0.0132897
0.0122384
0.0111693
0.0100866
0.00929629
0.00822411
0.00754736
0.00688422
0.00622709
0.00568428
0.00516181
0.00524198
0.00528904
0.00536668
0.0058931
0.00593242
0.00592264
0.00591389
0.00589415
0.00588768
0.0062081
0.00613746
0.00601473
0.00590111
0.00572763
0.00574353
0.00541907
0.0049716
0.00448627
0.00387174
0.00344732
0.00264564
0.00266414
0.00265377
0.00381089
0.00557946
0.00728526
0.00936218
0.0116445
0.0141173
0.0167594
0.0192224
0.0221414
0.0251943
0.0430921
0.0484089
0.053362
0.0601612
0.0628736
0.0627683
0.0609128
0.0579358
0.0529787
0.0487329
0.0442584
0.0397315
0.0352437
0.0291512
0.0248969
0.0209846
0.0218825
0.0233159
0.0229377
0.0241848
0.0252762
0.0261637
0.026839
0.0272965
0.0261215
0.0260968
0.0258144
0.0252732
0.0246086
0.0227086
0.0217696
0.0207174
0.0195854
0.0183299
0.0163382
0.0152178
0.0140596
0.0128807
0.0116613
0.0104803
0.0088398
0.00807995
0.00738288
0.00673484
0.00607136
0.00709566
0.00632346
0.00555726
0.00487726
0.00422604
0.0051162
0.00444356
0.00375302
0.00368364
0.00370658
0.00377324
0.00454918
0.00447217
0.00436474
0.0042905
0.0041948
0.00473168
0.0046377
0.00447499
0.00424705
0.00397587
0.00424027
0.00397114
0.00369027
0.00336403
0.0030326
0.00271185
0.00280269
0.0024311
0.00205397
0.00196972
0.00180621
0.00148982
0.00130612
0.0011162
0.000949048
0.000983372
0.000653908
0.000898622
0.00128208
0.00168469
0.00204616
0.00245182
0.00260302
0.00295352
0.00328004
0.00366829
0.00401855
0.00411775
0.0043074
0.00437744
0.00439557
0.00439147
0.00421657
0.00397447
0.00356803
0.00298171
0.00216559
0.00113919
0.000298031
0.00143392
0.00306425
0.00514138
0.00752763
0.01003
0.0133117
0.0171719
0.0216039
0.0266628
0.0317218
0.038162
0.045433
0.0535946
0.0652907
0.0751595
0.0847945
0.0889209
0.0868176
0.0801633
0.070338
0.0566424
0.043969
0.0386346
0.034486
0.0294264
0.0298526
0.029826
0.0292896
0.0282734
0.0301992
0.0330846
0.036321
0.0367161
0.0362184
0.0350039
0.0332283
0.0321359
0.0294298
0.0263975
0.0232201
0.0214657
0.0199041
0.0188436
0.0175574
0.0160935
0.0144724
0.0128407
0.0103444
0.00921071
0.00939381
0.00931016
0.0092133
0.00876287
0.00829354
0.00875711
0.00929689
0.00988996
0.0105647
0.0111738
0.0114934
0.0115215
0.0113525
0.0111012
0.0110601
0.0108561
0.0106169
0.0103332
0.0100249
0.0098387
0.00945431
0.00905895
0.00861204
0.00819495
0.00821286
0.00778124
0.00735718
0.0070512
0.0067434
0.00637048
0.00659677
0.00616354
0.00576448
0.00538471
0.00497875
0.00508735
0.00466087
0.00421125
0.00380552
0.00346296
0.00335543
0.00310197
0.00285684
0.00264995
0.00248644
0.00233749
0.00229739
0.00221325
0.0021275
0.0020026
0.00185657
0.00179753
0.00189273
0.00211422
0.00227506
0.00239788
0.00236285
0.00239553
0.00240415
0.00245468
0.0024991
0.00246628
0.00234517
0.00225616
0.00215249
0.00206265
0.00200596
0.00195168
0.00204246
0.00213259
0.00221449
0.0023187
0.00235455
0.00241306
0.00247715
0.00258401
0.002728
0.00297602
0.0031582
0.00337525
0.0036533
0.0038583
0.00394787
0.00400561
0.00408562
0.00412932
0.00412317
0.00406142
