0.000757456
0.00229098
0.0148596
0.0273876
0.0365142
0.0385387
0.0425666
0.045218
0.0468503
0.0477146
0.0418647
0.0415387
0.0408866
0.0399703
0.0388503
0.0375846
0.0299386
0.0285934
0.0271785
0.0256705
0.0242323
0.0175955
0.0180261
0.018451
0.0188406
0.0211684
0.0231291
0.0252066
0.0272535
0.0292191
0.0310635
0.0327613
0.0322007
0.0333593
0.0343319
0.0351256
0.0357206
0.0336937
0.0339831
0.0341796
0.0343121
0.035497
0.0351064
0.0368042
0.0384953
0.0401582
0.0417387
0.0431978
0.0413801
0.0423057
0.0428816
0.0430709
0.0428278
0.0430397
0.044312
0.0452262
0.0457214
0.0457997
0.0450785
0.044407
0.0433749
0.0420571
0.0405088
0.0388365
0.036953
0.0352523
0.0336471
0.0321896
0.0309169
0.0295457
0.0286557
0.0279783
0.0275245
0.0290572
0.0317792
0.0338922
0.03621
0.0387285
0.041402
0.0442495
0.0474599
0.0505102
0.0536894
0.0570094
0.0604542
0.0639699
0.0676394
0.0714643
0.0754557
0.0796161
0.0836318
0.0881224
0.092821
0.0977569
0.102941
0.108398
0.113506
0.119509
0.125833
0.132497
0.139499
0.145937
0.153551
0.161486
0.169714
0.178162
0.185693
0.194416
0.203187
0.211942
0.220554
0.22885
0.235654
0.242753
0.248796
0.253396
0.256145
0.2567
0.255103
0.250986
0.244442
0.235699
0.226434
0.214411
0.201087
0.186735
0.171583
0.155851
0.142142
0.127858
0.121597
0.117961
0.114548
0.111894
0.108987
0.106347
0.103978
0.10187
0.100292
0.098657
0.0973156
0.0962645
0.0954998
0.0949832
0.0947316
0.0946194
0.0947209
0.098305
0.107455
0.116788
0.129072
0.139528
0.150518
0.158668
0.161248
0.16271
0.161201
0.157044
0.150595
0.142199
0.128415
0.116923
0.104458
0.091257
0.077566
0.0590079
0.0507524
0.0524617
0.0555769
0.0583546
0.0586286
0.0602308
0.0612656
0.0617016
0.0615793
0.0648192
0.0752001
0.0810155
0.0857731
0.089533
0.092347
0.0966231
0.0975817
0.0978146
0.0974103
0.0964288
0.0964976
0.0944712
0.0921293
0.0895412
0.0868002
0.0839858
0.0819199
0.0790737
0.0763714
0.0738652
0.0715941
0.0697428
0.0678297
0.0660722
0.0644336
0.0628386
0.0611214
0.0594251
0.0576333
0.055693
0.0536122
0.0513694
0.0488245
0.0463324
0.0437473
0.0410924
0.0384244
0.0355579
0.0328606
0.0301838
0.0275378
0.0249654
0.0222882
0.0198706
0.0175451
0.0153473
0.0132794
0.0113606
0.00938071
0.00776236
0.00671238
0.00663638
0.00659654
0.00622969
0.0062663
0.00675178
0.00780053
0.00874372
0.0090781
0.00985575
0.0105495
0.011163
0.0117161
0.0121984
0.0122911
0.0126876
0.0130499
0.0133603
0.0136414
0.0136424
0.0138687
0.0140543
0.0142042
0.0143147
0.0142092
0.0142426
0.0142249
0.0141587
0.0140208
0.0138325
0.0134985
0.0131851
0.0127971
0.0124794
0.0127715
0.0130345
0.0131718
0.0131979
0.0131202
0.012921
0.0127509
0.0123688
0.0118473
0.0111495
0.0102403
0.0090652
0.0113177
0.013854
0.0165179
0.0192604
0.0221867
0.0249447
0.027303
0.0287534
0.0292336
0.0286896
0.0276541
0.0287187
0.0293605
0.0296179
0.0318116
0.0386173
0.0451437
0.0535378
0.0628413
0.0730783
0.0842567
0.0947233
0.0853425
0.0999336
0.115697
0.120057
0.115111
0.107467
0.0966253
0.0837037
0.06947
0.0587573
0.0600723
0.0671843
0.0725685
0.0762919
0.078446
0.0784366
0.07774
0.0759091
0.0731405
0.069636
0.0704062
0.0740247
0.0766669
0.0784399
0.0794817
0.0799353
0.0805748
0.079882
0.0787122
0.0770453
0.0748906
0.072322
0.0692441
0.065822
0.0620595
0.0580202
0.0532469
0.0486441
0.0438444
0.0428391
0.0425351
0.0422057
0.0433284
0.0429437
0.0425799
0.0422608
0.0420059
0.0429291
0.0427191
0.0425834
0.0425
0.0424741
0.0433255
0.0433203
0.0433304
0.0443752
0.0463609
0.0480082
0.0506909
0.0515187
0.0519258
0.0519168
0.0514937
0.0522739
0.0511848
0.0498469
0.0508597
0.052196
0.0537744
0.0553519
0.0570722
0.0589493
0.0609648
0.0631461
0.0653652
0.0678077
0.070372
0.0730414
0.0758008
0.0783922
0.0812498
0.0841479
0.0870585
0.0899295
0.0924618
0.0951928
0.0977875
0.100219
0.102424
0.10503
0.10748
0.109591
0.111071
0.111847
0.11184
0.111226
0.109533
0.106858
0.103177
0.099285
0.096241
0.092307
0.0879453
0.0832317
0.0782493
0.0730484
0.0683897
0.0630105
0.0575592
0.0521544
0.0469689
0.0426565
0.0381251
0.0436002
0.0566371
0.0692507
0.0796789
0.0907413
0.100534
0.108793
0.115267
0.119772
0.121999
0.122641
0.121276
0.118097
0.113401
0.108262
0.101122
0.0921051
0.0840195
0.0844525
0.0853537
0.0799716
0.0717665
0.0627423
0.0536884
0.0451271
0.0365693
0.0291162
0.0270136
0.0283973
0.0296374
0.0283481
0.0291345
0.0298702
0.0304773
0.0311181
0.0291714
0.0297889
0.0303641
0.0308597
0.0312427
0.0317302
0.0333067
0.0343442
0.0350839
0.0353131
0.0351537
0.0360853
0.0354445
0.034716
0.0339569
0.0329912
0.0331676
0.0317913
0.0302615
0.0287078
0.0270289
0.0261636
0.0247698
0.0231966
0.0222382
0.0212544
0.0202165
0.0181861
0.0171784
0.0160739
0.0149425
0.0137928
0.0120022
0.011047
0.0101434
0.00929837
0.00856627
0.00846374
0.00895144
0.00959105
0.010157
0.0104816
0.0106472
0.0106473
0.0109213
0.0112773
0.011875
0.0126447
0.0132595
0.0138925
0.014476
0.0151146
0.0157184
0.0160348
0.0160845
0.0160746
0.0159848
0.0159181
0.0159089
0.015939
0.0160952
0.016265
0.0163436
0.016422
0.0165188
0.0168003
0.016956
0.0169752
0.0169138
0.0167109
0.0164604
0.0161223
0.0157737
0.0154771
0.0151837
0.0148954
0.0145751
0.0142494
0.0141417
0.0140423
0.0139574
0.0137332
0.0134445
0.0131739
0.0133562
0.0135387
0.0137157
0.0140572
0.0147384
0.0158162
0.0173221
0.0189451
0.0212191
0.0239096
0.0269937
0.0306228
0.0343302
0.0392468
0.0449428
0.0514476
0.0610932
0.070453
0.0801868
0.084342
0.0821698
0.0753044
0.0650892
0.0508417
0.0410951
0.0416377
0.0438521
0.0454639
0.0468594
0.0475485
0.047481
0.0467656
0.0469855
0.0499099
0.0529812
0.0529309
0.0516589
0.0494404
0.0464898
0.0442467
0.0403646
0.0363827
0.0323641
0.0284376
0.0254185
0.0240295
0.0233295
0.0228225
0.022619
0.0226738
0.0212473
0.0206649
0.0198131
0.0186954
0.017649
0.0171686
0.0176176
0.0178887
0.0179774
0.0178906
0.0174407
0.0171179
0.0166481
0.0162297
0.0158533
0.0154339
0.01575
0.0161104
0.0164556
0.0167066
0.0168584
0.0175224
0.0179308
0.018409
0.0188484
0.0192073
0.0198348
0.0201893
0.0204989
0.0208308
0.0211959
0.0215324
0.0220825
0.0224308
0.0227673
0.0230606
0.0233433
0.0237399
0.0239471
0.0241942
0.0244903
0.0247474
0.0249953
0.0249862
0.0249156
0.024811
0.0246541
0.0245224
0.0245147
0.0243564
0.0241637
0.0238994
0.0236087
0.023434
0.0231387
0.0228597
0.0225592
0.022259
0.0220453
0.0216981
0.0213238
0.0209342
0.0205593
0.0201637
0.019863
0.0194256
0.018956
0.0184676
0.0179653
0.0175435
0.0170241
0.0164989
0.0159899
0.0154925
0.0150858
0.0145919
0.014113
0.0136705
0.0132496
0.01278
0.0123938
0.0119978
0.0116063
0.0112544
0.0108894
0.0105723
0.0101761
0.00976114
0.00933494
0.00892563
0.000757456
0.00241356
0.0153514
0.0285147
0.0385
0.041413
0.0465438
0.0503289
0.0530895
0.0550368
0.050067
0.0506331
0.050736
0.0504091
0.049682
0.0485838
0.0409021
0.039328
0.0375381
0.0355681
0.0334361
0.0261339
0.0240654
0.0218884
0.0216673
0.0216503
0.0136967
0.0135621
0.0134515
0.0150595
0.0175759
0.0200098
0.0201405
0.0220835
0.0238363
0.0253949
0.0267421
0.025364
0.0263553
0.02722
0.0279642
0.0286572
0.0270815
0.0279031
0.0299561
0.0320578
0.0340564
0.0359163
0.0344322
0.0357317
0.0366822
0.0385934
0.0407106
0.0417544
0.0435628
0.0450729
0.0461579
0.0468343
0.0466063
0.046438
0.0458335
0.0448394
0.0435333
0.042012
0.0402031
0.0385417
0.0369622
0.0355301
0.0343169
0.0358089
0.0381081
0.040732
0.0436911
0.0469697
0.0510649
0.0548101
0.0588321
0.0631173
0.0676249
0.0723616
0.0772682
0.0823039
0.087515
0.0929004
0.0984401
0.103797
0.109577
0.115501
0.121577
0.12781
0.13362
0.140126
0.146792
0.153616
0.160596
0.167715
0.174154
0.181471
0.188841
0.196195
0.203453
0.209658
0.216378
0.22262
0.22819
0.232864
0.236014
0.238325
0.239048
0.238023
0.235208
0.230649
0.2253
0.217872
0.209204
0.199505
0.188983
0.179201
0.167622
0.155729
0.143649
0.131465
0.120737
0.108559
0.0964426
0.0898313
0.0872772
0.0849438
0.0831087
0.0805901
0.0780608
0.0754269
0.0727437
0.0705305
0.0679532
0.0655601
0.0633973
0.0615327
0.060238
0.0590091
0.0581373
0.0576191
0.0574727
0.0577284
0.0582974
0.0614547
0.0686182
0.0769949
0.0913039
0.101287
0.114291
0.121942
0.133893
0.142964
0.146319
0.148681
0.148057
0.14478
0.1392
0.131673
0.11862
0.107933
0.0962362
0.0837669
0.0707424
0.0527397
0.0447027
0.0435881
0.0476691
0.0513651
0.0524106
0.0548325
0.0566441
0.0578047
0.0589454
0.0669205
0.077149
0.0828115
0.0874259
0.0910374
0.0936873
0.0978016
0.098547
0.098534
0.0978565
0.0965841
0.0963992
0.094096
0.091509
0.0887119
0.0858146
0.0829078
0.0808207
0.0780145
0.0754192
0.0730686
0.0709935
0.069359
0.0677664
0.0664221
0.0652816
0.0642297
0.06302
0.0619136
0.0607168
0.0593804
0.0579081
0.0562775
0.054254
0.0523178
0.0502335
0.0480185
0.0457246
0.0431286
0.0406306
0.0380566
0.0354339
0.0328314
0.0300968
0.0275899
0.0251575
0.0228334
0.0206104
0.0185133
0.0163625
0.0145208
0.0128204
0.0114807
0.0112193
0.0106213
0.010374
0.0101338
0.00991381
0.00971248
0.00918687
0.00901473
0.00886742
0.00873658
0.00861814
0.00895
0.00919881
0.00978983
0.0103595
0.0108856
0.0113885
0.01159
0.0120473
0.0124589
0.0128406
0.0135017
0.0143285
0.0152851
0.0162174
0.0171022
0.01795
0.0187338
0.0194281
0.0201177
0.0207593
0.0213259
0.0218161
0.0222434
0.0225728
0.0227784
0.0228561
0.0227766
0.0226762
0.0223135
0.0217757
0.0210581
0.0201473
0.0190131
0.0179634
0.0178238
0.0206423
0.023662
0.0265632
0.0288009
0.0307012
0.031875
0.032211
0.031694
0.0306956
0.0286417
0.025807
0.0222284
0.0224977
0.026014
0.0323829
0.0405322
0.0495098
0.0593497
0.070046
0.0800396
0.0700472
0.0839772
0.0990537
0.102764
0.0973213
0.0892508
0.078167
0.0652272
0.0528724
0.0589374
0.0671953
0.0736209
0.0782046
0.081064
0.0823301
0.0815473
0.080038
0.0774906
0.0741033
0.070578
0.0760128
0.0783895
0.0798836
0.0806284
0.0808071
0.0805424
0.0806881
0.0795794
0.0782422
0.0767133
0.0749579
0.0729094
0.0705508
0.0679709
0.0651389
0.0620757
0.0581509
0.0545257
0.0506981
0.0467021
0.0425597
0.0382475
0.0328349
0.0281708
0.0258365
0.0251817
0.0245728
0.0251766
0.0246171
0.0241481
0.0237668
0.0240913
0.0267019
0.0285701
0.0301946
0.0316
0.033743
0.0365874
0.0403836
0.0424114
0.044002
0.0451603
0.0458608
0.0476973
0.0476222
0.0472089
0.0464841
0.0454888
0.0458564
0.0444994
0.0430629
0.0415571
0.0411076
0.0423299
0.0439052
0.0455281
0.0473695
0.0494472
0.0517498
0.0542041
0.0568982
0.0598245
0.062962
0.0662954
0.069557
0.0732303
0.077043
0.0809817
0.0850231
0.0891395
0.0929149
0.0970776
0.10122
0.105353
0.109458
0.113048
0.116798
0.120213
0.123168
0.125569
0.127174
0.128153
0.128183
0.127135
0.124906
0.121391
0.119144
0.115936
0.111932
0.107213
0.101902
0.0968842
0.0909488
0.0849593
0.0790513
0.0733105
0.0684049
0.0631553
0.0584259
0.0543522
0.0510272
0.0501506
0.0554557
0.0626619
0.069772
0.075259
0.0790692
0.0811895
0.0847628
0.0866364
0.0931643
0.0941289
0.0949221
0.0888996
0.0794836
0.0689079
0.058191
0.0477326
0.0373738
0.0308749
0.0272913
0.0237321
0.0202241
0.0162232
0.0166546
0.019792
0.022504
0.0254783
0.0300259
0.0327068
0.0347877
0.0361176
0.0367624
0.0369414
0.0382211
0.037777
0.0372784
0.03664
0.0358786
0.0361847
0.0349687
0.0335208
0.0319483
0.0302835
0.0310392
0.0307418
0.0303174
0.0297496
0.0290537
0.0282682
0.0286015
0.0275938
0.0265338
0.0255302
0.0245401
0.0247122
0.0237497
0.022741
0.0216637
0.0205167
0.0204175
0.019241
0.0181053
0.0170222
0.015998
0.0150219
0.0149326
0.0143305
0.0148058
0.0151824
0.0155065
0.0167362
0.0170144
0.0172579
0.0174754
0.01771
0.018672
0.0188244
0.0188801
0.0188402
0.0187705
0.0186888
0.0191102
0.0187385
0.018328
0.0178585
0.0173261
0.0173403
0.0168377
0.0163746
0.0158907
0.0153309
0.0150717
0.0143389
0.0136883
0.0135817
0.0135241
0.0134435
0.0135472
0.0138851
0.0142431
0.0145599
0.0147562
0.0148052
0.0146357
0.0141855
0.0134701
0.0126695
0.0120612
0.0129331
0.0142849
0.0157899
0.0174816
0.0193715
0.0211534
0.0233849
0.0258618
0.0286428
0.0317493
0.0347509
0.0385146
0.0426
0.0470306
0.0519321
0.0566276
0.0624635
0.0688265
0.0757361
0.0855788
0.0934481
0.100699
0.100047
0.0949267
0.0872142
0.0781959
0.0674251
0.0582096
0.0497191
0.0422366
0.0359104
0.0292211
0.0252082
0.0234184
0.0300388
0.0353013
0.0389495
0.0427343
0.0438038
0.0439039
0.0438042
0.044085
0.0433315
0.0423111
0.0408258
0.0390488
0.0370194
0.0341697
0.0316603
0.0291244
0.0264991
0.0240025
0.0215008
0.018234
0.0158613
0.0137389
0.0117905
0.0102859
0.00784579
0.00660256
0.00553238
0.00464931
0.00382322
0.00211748
0.00161019
0.00119984
0.00091964
0.00112095
0.00132057
0.0019998
0.00256249
0.00317147
0.00360668
0.00410336
0.00515261
0.00528333
0.00529709
0.00517422
0.00483063
0.0050745
0.00460964
0.00421327
0.00375181
0.00339738
0.00306636
0.00326821
0.00281724
0.00236398
0.00188598
0.00159547
0.00172585
0.00160503
0.00140697
0.00162771
0.0026139
0.00296287
0.00363189
0.00415182
0.00421031
0.00427891
0.00429595
0.00400326
0.00413106
0.00414452
0.00394723
0.00360046
0.00292748
0.00243761
0.00209887
0.00238524
0.00278863
0.00314809
0.00365824
0.00413567
0.00450821
0.00481999
0.0050665
0.00518742
0.00531679
0.00539804
0.00542441
0.00540942
0.00530387
0.00522166
0.0051313
0.00503932
0.00500655
0.00504819
0.00500789
0.00480036
0.00450602
0.00422557
0.00395267
0.00365344
0.00334035
0.00359508
0.0038491
0.0041243
0.00418113
0.00419755
0.00423843
0.00420034
0.00424638
0.000757456
0.00229116
0.0148749
0.0274161
0.0365449
0.0385646
0.0425783
0.0452029
0.0468026
0.0476271
0.0417338
0.04135
0.0406492
0.0396985
0.0385555
0.037273
0.0296305
0.0283132
0.0269661
0.0255709
0.0241013
0.0174012
0.0171717
0.0177567
0.0183834
0.020217
0.0222585
0.0244738
0.0266414
0.0287553
0.0307387
0.0326015
0.0321916
0.0335296
0.0346739
0.0356368
0.0363977
0.0345213
0.0349816
0.035349
0.0356401
0.0359144
0.0340108
0.0348249
0.0367817
0.0387184
0.0405764
0.0423161
0.0407407
0.0419409
0.0427835
0.0432233
0.0442352
0.0447701
0.045988
0.0468763
0.0473654
0.0474096
0.0466503
0.0459111
0.0447842
0.0433337
0.0416488
0.03982
0.0378177
0.0359648
0.0342295
0.0326362
0.031254
0.0297825
0.0288042
0.0280455
0.0275226
0.0278018
0.0306216
0.0328483
0.0352807
0.0379033
0.0406802
0.0436147
0.0468992
0.0500167
0.0532545
0.0566048
0.0600616
0.0635636
0.0671984
0.070953
0.0748519
0.0789049
0.0828305
0.0872234
0.0918302
0.0966435
0.10167
0.106929
0.111839
0.11759
0.123648
0.130035
0.136772
0.142986
0.150378
0.158119
0.166196
0.174561
0.182086
0.190866
0.199753
0.208658
0.217488
0.226091
0.233245
0.240839
0.247457
0.252717
0.256231
0.257543
0.256873
0.253679
0.247978
0.239937
0.231152
0.219503
0.206385
0.192078
0.176813
0.160853
0.146874
0.133663
0.130156
0.126765
0.123544
0.121003
0.118139
0.115472
0.113013
0.110781
0.109078
0.1073
0.105767
0.104514
0.103533
0.102818
0.102412
0.102175
0.102159
0.102322
0.108336
0.116597
0.127983
0.140794
0.151695
0.159723
0.162146
0.163443
0.161746
0.15742
0.150793
0.142266
0.128364
0.116764
0.104216
0.0910099
0.0773442
0.058864
0.0488847
0.0515349
0.054791
0.0578069
0.058355
0.0602821
0.0616283
0.062346
0.0624206
0.0659356
0.0765902
0.0826959
0.0877037
0.0916645
0.0946172
0.0989713
0.0999703
0.100197
0.099748
0.0987041
0.0987177
0.0966428
0.0942767
0.0916935
0.0889872
0.0862492
0.0842833
0.0815945
0.0790963
0.07684
0.0748588
0.073296
0.0717663
0.0704719
0.0693834
0.0684165
0.0673069
0.0663629
0.0653524
0.0642029
0.0629015
0.0614113
0.0594901
0.0576539
0.0556494
0.0534713
0.0511413
0.0484768
0.0459162
0.0432984
0.0406427
0.0379964
0.0352068
0.0326075
0.0300491
0.0275679
0.0251507
0.0228097
0.0204012
0.0182195
0.0161289
0.0141136
0.013584
0.0128328
0.0124767
0.0121836
0.0119462
0.0117439
0.0112092
0.0110157
0.0108393
0.0106862
0.0113828
0.0121063
0.0124079
0.0130411
0.0136351
0.014173
0.0146716
0.0148584
0.0152986
0.0157142
0.0160936
0.016418
0.0164887
0.0167074
0.0168591
0.0169439
0.0169442
0.0168966
0.0166837
0.0164964
0.0162125
0.0158181
0.0153094
0.0146987
0.0147992
0.0151592
0.0154208
0.0155275
0.0155859
0.0154044
0.0150455
0.0144885
0.0137113
0.013726
0.0163397
0.0192966
0.022469
0.0258325
0.0290865
0.031591
0.0337187
0.0349711
0.0352965
0.0346411
0.0334132
0.0309971
0.0276999
0.0235697
0.0232997
0.026882
0.0328814
0.0406212
0.0491939
0.0586233
0.068907
0.0785376
0.0681396
0.0816643
0.0963475
0.099661
0.0938522
0.0853273
0.0737543
0.0602866
0.0482786
0.0586788
0.0670651
0.0736579
0.0784078
0.0814162
0.082815
0.0821271
0.0807079
0.0782296
0.0764386
0.081588
0.0873732
0.0901292
0.0919565
0.0929906
0.0933173
0.0930619
0.0930707
0.0916547
0.0898922
0.0877652
0.085291
0.0825227
0.0792709
0.0757342
0.0718957
0.0677324
0.0628074
0.058026
0.0530535
0.0479243
0.0427005
0.0374079
0.0312485
0.0295282
0.0282966
0.0272007
0.0262711
0.0266903
0.0260169
0.0255304
0.02522
0.0250777
0.0259378
0.0263399
0.0268118
0.0278266
0.0295974
0.0314429
0.0343758
0.0355242
0.0362832
0.0366507
0.0366257
0.0377415
0.0370161
0.0360075
0.0357369
0.0369442
0.0383989
0.0398217
0.041384
0.0431112
0.044984
0.0470313
0.0491418
0.0514853
0.0539825
0.0566434
0.0594702
0.0622084
0.0659807
0.070497
0.0752053
0.0800455
0.0845821
0.0896241
0.0946928
0.0997314
0.104687
0.109485
0.113635
0.117927
0.121847
0.125297
0.12818
0.130238
0.131752
0.132414
0.132139
0.130868
0.128993
0.12579
0.121573
0.116378
0.110278
0.103322
0.0966795
0.0915474
0.0867999
0.0819161
0.0769597
0.0725856
0.0676416
0.0628053
0.0581275
0.0536656
0.0499635
0.0479885
0.0520895
0.0560014
0.0596011
0.0627385
0.0651162
0.0669745
0.0679311
0.0678361
0.0665674
0.0645012
0.0619612
0.0601259
0.0404789
0.0370606
0.0330913
0.0246042
0.0180335
0.0127241
0.00815156
0.011233
0.0162057
0.0211479
0.0255496
0.0294381
0.0328838
0.0372288
0.040071
0.0426787
0.0450787
0.0473443
0.0508197
0.0529816
0.0552181
0.0575868
0.0601581
0.0630042
0.0671284
0.0705697
0.0743659
0.0785772
0.0832471
0.0888618
0.0943788
0.100386
0.106876
0.113768
0.120975
0.128324
0.135701
0.142869
0.150763
0.158042
0.164492
0.168408
0.170164
0.169764
0.167411
0.165084
0.159872
0.153647
0.146721
0.139354
0.133587
0.125873
0.118201
0.110939
0.104027
0.0971804
0.0915227
0.0849127
0.0784337
0.0721255
0.0660071
0.060923
0.0551649
0.0496378
0.0442695
0.039149
0.0349641
0.0303177
0.0259019
0.0217052
0.0178116
0.0143822
0.0118556
0.00900284
0.00647376
0.00449231
0.00414196
0.00428565
0.00385802
0.00532702
0.00696015
0.00845745
0.00961421
0.0107748
0.0117631
0.0126152
0.0133524
0.0140189
0.0145312
0.0150443
0.0154373
0.0157204
0.0159524
0.0160874
0.0160509
0.0158337
0.0155657
0.0152931
0.0149525
0.0143883
0.0137041
0.0128687
0.0117956
0.010539
0.0093203
0.00780468
0.00622026
0.00460391
0.00296205
0.00482097
0.00879013
0.0134099
0.0186839
0.0246089
0.0303927
0.0376547
0.0456978
0.0545372
0.0667483
0.076903
0.0865795
0.0905171
0.0880493
0.0808418
0.0703907
0.0560867
0.042631
0.0353223
0.0318623
0.0279555
0.0294491
0.0297938
0.0292585
0.0286663
0.0323257
0.0346292
0.037393
0.0373242
0.0363068
0.0346327
0.0323659
0.0308248
0.0276671
0.0264427
0.0268731
0.0268712
0.0256655
0.0250267
0.0241411
0.0230877
0.0219983
0.0209097
0.0187585
0.0175996
0.0164438
0.0153313
0.0142429
0.0120813
0.0109894
0.00996363
0.00898662
0.00805804
0.00613025
0.00531054
0.00487956
0.00551254
0.00615326
0.00676778
0.00675353
0.00726759
0.00773433
0.0081664
0.00854176
0.00840884
0.00875315
0.00910816
0.00940552
0.00964332
0.00949162
0.00969315
0.00988489
0.0100509
0.0101733
0.0101964
0.00990373
0.00972763
0.00969422
0.00982651
0.00990638
0.0101574
0.0102308
0.0102866
0.0103699
0.010366
0.0103715
0.0101604
0.00991809
0.00969939
0.00946064
0.0091424
0.00895709
0.008561
0.00812675
0.00775561
0.00806221
0.00831784
0.00854114
0.00874756
0.00889702
0.00895952
0.00884975
0.00849152
0.00799471
0.00755255
0.00719044
0.00694121
0.00681023
0.00670172
0.0066907
0.00669812
0.00671083
0.00677681
0.00688846
0.0069389
0.00710642
0.0072553
0.0074327
0.00757
0.00775328
0.00790866
0.00802663
0.00815877
0.00835757
0.00860865
0.00895864
0.00924496
0.00950731
0.00981058
0.010121
0.010393
0.0106156
0.0107985
0.000757456
0.00247781
0.0155635
0.0290115
0.0393936
0.0427185
0.0483842
0.0527545
0.056137
0.0587488
0.0544041
0.0557496
0.0567285
0.0574381
0.057958
0.0583367
0.0521163
0.0523091
0.0522935
0.0520051
0.0513791
0.0451996
0.0453315
0.0475561
0.0494913
0.0510738
0.0442276
0.0449997
0.0453303
0.0451936
0.0446495
0.0437927
0.0356648
0.0346345
0.0334853
0.0321404
0.0306534
0.0253899
0.0259403
0.026128
0.0259521
0.0254521
0.0226262
0.0218192
0.022237
0.0252411
0.0280734
0.0306746
0.029824
0.0318561
0.0336027
0.0350456
0.0361704
0.0335008
0.0339052
0.0339844
0.0337683
0.0332932
0.0291634
0.0283466
0.0283961
0.0285995
0.0288689
0.0292245
0.0285182
0.0290802
0.029821
0.0306849
0.0317133
0.0313705
0.0325744
0.0338207
0.0351183
0.0364153
0.0362052
0.0374373
0.0386233
0.0397361
0.04074
0.0416147
0.0410158
0.0416399
0.0421315
0.0424804
0.0426988
0.0416491
0.0416666
0.041574
0.0413839
0.0411009
0.0397961
0.0394176
0.0389878
0.0385013
0.0379683
0.0373939
0.0360284
0.0354329
0.0348359
0.0343256
0.0358302
0.0373438
0.038644
0.0398125
0.0408207
0.0416696
0.0442591
0.0464126
0.048596
0.0508311
0.0531093
0.0554544
0.058128
0.0605889
0.0631614
0.0659087
0.0688382
0.0720092
0.0753475
0.0789771
0.0829037
0.0871609
0.0914732
0.0963838
0.101701
0.10746
0.113691
0.120366
0.126541
0.133004
0.138734
0.143466
0.1472
0.149787
0.151739
0.152914
0.153418
0.15333
0.152949
0.152079
0.150942
0.15047
0.153443
0.1559
0.157626
0.159104
0.160023
0.160326
0.171265
0.180371
0.191936
0.195522
0.195054
0.191298
0.183422
0.184114
0.183199
0.179568
0.173585
0.165647
0.152281
0.141347
0.129593
0.11737
0.104997
0.0879697
0.0760119
0.0646578
0.0540355
0.0442442
0.0333461
0.029281
0.0254253
0.0218244
0.0185312
0.0155926
0.0104833
0.0142131
0.0174621
0.0202941
0.0227475
0.0271503
0.0287402
0.0302271
0.0312302
0.0318803
0.0354971
0.0350619
0.0342489
0.0338435
0.0334947
0.032968
0.032759
0.03181
0.0307138
0.0294887
0.0281594
0.0268659
0.0253217
0.0237269
0.0221186
0.0204927
0.0187684
0.0171517
0.015593
0.0147967
0.0161274
0.0174676
0.018389
0.0196609
0.0208936
0.0220744
0.0231791
0.0237967
0.0259072
0.0279339
0.0297407
0.0313158
0.031609
0.0328256
0.0338397
0.0346146
0.0351483
0.0354328
0.034809
0.0346944
0.0343551
0.0338224
0.0330976
0.0318067
0.0308288
0.029739
0.0285617
0.02731
0.0262273
0.0256395
0.0250439
0.0244423
0.0238449
0.023226
0.0223382
0.0216816
0.0210297
0.0203615
0.019701
0.0188086
0.018133
0.0174328
0.0167162
0.0159854
0.0150389
0.0142564
0.0134233
0.0125405
0.0115632
0.0105135
0.00925008
0.00800787
0.00691444
0.00682226
0.00684784
0.00760421
0.00856077
0.00970047
0.0110172
0.0125164
0.0140595
0.0159299
0.0180344
0.0203653
0.0229501
0.0257884
0.0285368
0.0323802
0.0364146
0.0406152
0.0450047
0.0489174
0.0524725
0.0548174
0.0558343
0.0555096
0.0543172
0.0547201
0.0559364
0.0567838
0.0576144
0.0631749
0.0683187
0.0747767
0.081741
0.0892309
0.09726
0.104662
0.0914589
0.101958
0.113458
0.113513
0.104875
0.0932354
0.0809587
0.0804317
0.0912163
0.107174
0.120257
0.131952
0.141468
0.14885
0.154199
0.156576
0.158219
0.158227
0.156668
0.1539
0.148782
0.143845
0.138067
0.13154
0.1244
0.116768
0.107474
0.102939
0.0983615
0.0932516
0.0877402
0.0823731
0.0763202
0.0702818
0.064369
0.058655
0.0528101
0.0474663
0.0424682
0.0378009
0.0334142
0.0293406
0.024512
0.0209853
0.0189252
0.0172466
0.0154952
0.0129462
0.011017
0.010565
0.00989227
0.00908803
0.0100091
0.00889799
0.00765415
0.0061803
0.00540879
0.00613884
0.00816463
0.00963189
0.011005
0.0123007
0.0135075
0.0150116
0.015976
0.0167898
0.0174491
0.0179859
0.0187904
0.0190742
0.0192145
0.0192308
0.0190955
0.0188439
0.0188227
0.0182997
0.0176519
0.0169031
0.0160236
0.0154306
0.0143492
0.0131897
0.0119425
0.0113573
0.011893
0.0114191
0.0109633
0.0105946
0.0102573
0.0102031
0.0103958
0.010351
0.0103729
0.0103421
0.0103548
0.0109085
0.0113471
0.0118601
0.0123704
0.0129739
0.0142977
0.015001
0.0155318
0.0159866
0.0164115
0.016726
0.0172908
0.0174736
0.0176424
0.0176739
0.0176078
0.0176678
0.0173705
0.016921
0.0164401
0.0158282
0.0154577
0.014708
0.014002
0.0137482
0.0134133
0.0129535
0.0124547
0.0117399
0.0108421
0.0125024
0.0155727
0.0182167
0.0214638
0.0247671
0.0338418
0.0381003
0.0421138
0.0408023
0.0440659
0.0449079
0.0444939
0.043488
0.0405487
0.0389696
0.037533
0.0362936
0.0353144
0.0325038
0.0321489
0.0320309
0.0321272
0.0322116
0.032582
0.0334536
0.0339583
0.0341337
0.0339662
0.0335197
0.0339953
0.0329281
0.0315858
0.0301695
0.0286092
0.0284507
0.0266668
0.0247888
0.0227118
0.0207513
0.0203733
0.0186075
0.0168428
0.0151726
0.0136447
0.0122065
0.0121335
0.010847
0.00974012
0.00869982
0.00772679
0.00794877
0.00710008
0.00633996
0.00565601
0.0050748
0.00557899
0.00521735
0.00498598
0.00484985
0.00472045
0.00467194
0.00544397
0.00549238
0.00575621
0.0073002
0.00896572
0.00999215
0.0116241
0.0130389
0.0143327
0.0156249
0.0164247
0.0177712
0.0191155
0.0204769
0.0217914
0.0229787
0.0236971
0.0246527
0.0254675
0.0261738
0.0268543
0.0272498
0.0278064
0.0282298
0.0285081
0.0285659
0.0283584
0.0281393
0.028389
0.029261
0.029934
0.0304751
0.0307374
0.0309747
0.0311005
0.0310899
0.0308843
0.0306711
0.0303668
0.0299211
0.0291872
0.0284109
0.0276691
0.0267088
0.0254659
0.0239681
0.022379
0.0206026
0.0189345
0.0168945
0.0147466
0.0124117
0.0144501
0.0168452
0.0200839
0.0238534
0.0281707
0.0330073
0.038018
0.0462475
0.0551208
0.0646845
0.0774861
0.0880516
0.0980667
0.102431
0.100236
0.0930373
0.0822716
0.067389
0.05298
0.0456662
0.0391713
0.0336571
0.0275552
0.0277296
0.0289306
0.0318615
0.0376719
0.0420408
0.0463802
0.0478581
0.048212
0.0477182
0.04657
0.0459072
0.0436708
0.0411507
0.0383997
0.0356734
0.0335292
0.0306653
0.0280156
0.025265
0.0226551
0.0201766
0.0181452
0.0161558
0.014467
0.0129932
0.0118459
0.0108363
0.00986335
0.00896534
0.0081349
0.00731963
0.00647616
0.00582072
0.0052332
0.00507793
0.00546545
0.00578085
0.00651178
0.0065006
0.00635609
0.00613958
0.00586483
0.00612631
0.00589222
0.00548929
0.00519893
0.00520581
0.005092
0.00505295
0.00508308
0.00504446
0.00516969
0.0052852
0.00550941
0.00550047
0.00546253
0.00545886
0.00543997
0.00559837
0.00555959
0.00566399
0.00591137
0.00616924
0.00649768
0.00678833
0.00694902
0.00701302
0.00679331
0.00657436
0.00644007
0.00620537
0.00591128
0.00554323
0.00518668
0.00511982
0.00475439
0.0044184
0.00404523
0.00366296
0.00346644
0.00301449
0.00254524
0.00224151
0.00207201
0.00202863
0.00206599
0.00193627
0.00186154
0.00203922
0.001965
0.00204159
0.00208671
0.00225216
0.00233109
0.00288121
0.00327441
0.00374761
0.0043139
0.00485225
0.00524797
0.00591087
0.00630492
0.00673817
0.00687329
0.00705656
0.00709383
0.0072502
0.00733581
0.00746243
0.00726411
0.00693735
0.000757456
0.00236714
0.0152378
0.0283152
0.0381806
0.0409554
0.0458966
0.0494703
0.0520077
0.0537297
0.0485663
0.0489209
0.0488404
0.0483879
0.0476194
0.0465751
0.0390166
0.037647
0.036081
0.0343029
0.0332593
0.0270915
0.0279767
0.0287758
0.0294636
0.0300343
0.022567
0.0229409
0.0253964
0.0279779
0.0304081
0.032621
0.0324763
0.034037
0.0353524
0.0364151
0.0372228
0.0353285
0.0357186
0.0359618
0.0360989
0.0361615
0.0341179
0.0359946
0.0378292
0.0395972
0.0412311
0.0426936
0.0408367
0.041679
0.0421678
0.0422677
0.0424611
0.0429421
0.044098
0.0449078
0.045322
0.0452883
0.044484
0.0437111
0.0425868
0.0411631
0.0395188
0.0377403
0.0357859
0.0340302
0.032438
0.0310337
0.0299079
0.0306037
0.0329908
0.0357075
0.0387671
0.042161
0.0463665
0.0502492
0.0544133
0.0588438
0.0634945
0.0683693
0.0733923
0.078553
0.0838821
0.0893529
0.0949516
0.10034
0.106145
0.112083
0.118165
0.124371
0.130145
0.136596
0.143198
0.149965
0.156898
0.164014
0.170481
0.177885
0.185429
0.193067
0.200748
0.207473
0.214999
0.222272
0.229128
0.235366
0.240124
0.244537
0.247573
0.248943
0.248445
0.245985
0.24221
0.236226
0.228598
0.21955
0.209324
0.199538
0.187698
0.175273
0.16243
0.149275
0.137547
0.124088
0.110587
0.0971143
0.0837606
0.0800081
0.0785002
0.0764249
0.0742486
0.0719974
0.0697342
0.0678945
0.065732
0.0637018
0.061854
0.0602476
0.0591247
0.0580712
0.0573789
0.0570782
0.0571599
0.0576002
0.0582755
0.063752
0.0707134
0.0788919
0.0903658
0.100343
0.113218
0.12292
0.134626
0.143477
0.146648
0.148814
0.148014
0.144557
0.138787
0.131038
0.117812
0.106939
0.0950711
0.0824611
0.0693112
0.0512306
0.0428788
0.0416054
0.0456503
0.0493174
0.0503383
0.0527109
0.0544263
0.0554825
0.0606113
0.0684864
0.0786112
0.0841329
0.088587
0.0920374
0.0945287
0.0985123
0.0991188
0.0989918
0.098235
0.0969377
0.0967715
0.0945478
0.092098
0.0895016
0.0868518
0.0842278
0.0823899
0.0798473
0.0774495
0.0751744
0.0730138
0.071135
0.0690299
0.0669227
0.0647919
0.0625765
0.0602471
0.057813
0.0552797
0.0526444
0.0499536
0.0471997
0.0442887
0.041465
0.0386421
0.035823
0.0330278
0.0300771
0.0273134
0.0246202
0.022033
0.0196087
0.0171288
0.0150054
0.013046
0.0112812
0.00967062
0.00822772
0.006661
0.00734599
0.00853189
0.00961307
0.0105838
0.0108149
0.0116277
0.0123411
0.0129825
0.0135472
0.0135818
0.0140473
0.014467
0.0148401
0.0151866
0.0154947
0.0154591
0.0157231
0.0159795
0.0162109
0.0164431
0.0164137
0.0166225
0.0168035
0.016968
0.0174159
0.0178714
0.0184013
0.018916
0.0193682
0.0197802
0.0201016
0.0203787
0.0205782
0.0207298
0.0208026
0.0208153
0.0208183
0.0206656
0.0203754
0.0199729
0.0193921
0.0188565
0.0179818
0.0169341
0.0156883
0.0142418
0.0125136
0.0108884
0.010034
0.0121175
0.0142234
0.0166022
0.0190601
0.0211134
0.02229
0.0225273
0.0217664
0.0229767
0.0243186
0.0252742
0.0285701
0.0345191
0.0412259
0.0476342
0.0558743
0.0650093
0.0750839
0.0861192
0.0964887
0.0870489
0.101647
0.117489
0.12201
0.11728
0.109952
0.0994802
0.0869629
0.0731448
0.0694544
0.0699035
0.0771183
0.0825716
0.0863321
0.08849
0.0884496
0.0877219
0.0858401
0.082966
0.079278
0.0737645
0.0689049
0.0687296
0.0701005
0.0706833
0.0705766
0.0706576
0.0692948
0.06755
0.0654451
0.063031
0.0603236
0.0571375
0.0536327
0.049832
0.0457349
0.0440102
0.0425473
0.0407169
0.0385662
0.0361547
0.0335486
0.0325873
0.0297816
0.0269832
0.0242945
0.0218714
0.0219047
0.021807
0.0215435
0.0211942
0.020773
0.0212427
0.0207889
0.020361
0.0199348
0.0195188
0.0190831
0.0193726
0.0189613
0.0185986
0.0182749
0.0180217
0.0182745
0.0179069
0.017483
0.0170595
0.0165403
0.0165349
0.0159773
0.0154614
0.0149126
0.0143727
0.0138238
0.0136469
0.0130045
0.0123023
0.0115502
0.0107471
0.0102355
0.00933162
0.00843172
0.00759095
0.00680076
0.00633603
0.00557104
0.00493255
0.00458974
0.00459013
0.0045961
0.00525143
0.00524576
0.00576413
0.00658544
0.00728347
0.00789275
0.00860897
0.00933667
0.010036
0.010734
0.0112838
0.0118577
0.0123903
0.0128176
0.0130726
0.0131619
0.0130852
0.0128579
0.0125183
0.0119948
0.0113042
0.010591
0.0096314
0.00949758
0.00913931
0.0086039
0.0083739
0.00893123
0.00941801
0.00987179
0.0103023
0.0104986
0.0105524
0.0129343
0.0159992
0.0191103
0.0221861
0.0248538
0.0279375
0.0310872
0.0373434
0.0430297
0.0485133
0.0483114
0.0495549
0.0516893
0.0521755
0.0516364
0.0488316
0.046983
0.0448739
0.0427774
0.0406989
0.036731
0.0348103
0.032962
0.0311994
0.0295438
0.0257246
0.0241997
0.0227874
0.0213437
0.0206687
0.021467
0.0231864
0.0235909
0.0236381
0.0235304
0.0231999
0.0240592
0.0233399
0.022472
0.0213785
0.0200438
0.0199846
0.0183396
0.0165901
0.0148197
0.0131411
0.0115178
0.0112097
0.0094593
0.00775402
0.00613187
0.00488047
0.00438878
0.00379666
0.00374068
0.00362691
0.00346892
0.00364453
0.00445024
0.00517765
0.00583332
0.00643064
0.00697575
0.00721826
0.00770221
0.00815411
0.00857818
0.00898995
0.00921694
0.00962187
0.0100039
0.010348
0.0106336
0.0107474
0.0109044
0.0109891
0.011014
0.0110338
0.0110345
0.0109734
0.0109359
0.0108323
0.0106506
0.0104115
0.0101188
0.0097328
0.00927508
0.00877013
0.00822987
0.00774039
0.00718491
0.00659095
0.00600175
0.00568752
0.00536989
0.00538135
0.00512048
0.0048846
0.00475541
0.0046589
0.00470446
0.00475501
0.00493365
0.005155
0.00510018
0.00517321
0.00585029
0.00680424
0.00804798
0.00959433
0.011413
0.0132849
0.0155862
0.0181956
0.0211621
0.0245898
0.0280632
0.0324187
0.0372199
0.0425099
0.0485113
0.0540695
0.0607109
0.0682517
0.0765973
0.0883209
0.0979926
0.107155
0.110459
0.10728
0.0992999
0.08797
0.0729069
0.0585481
0.0462709
0.0382286
0.0313959
0.0243527
0.0200113
0.0219733
0.0263466
0.0301984
0.0334326
0.0359669
0.037823
0.0389532
0.039379
0.0391181
0.0379884
0.0365994
0.0348335
0.0329774
0.0311944
0.0286723
0.0267029
0.0248054
0.0229143
0.0210634
0.019283
0.0166665
0.0151398
0.0136876
0.0123396
0.0111197
0.0088934
0.00775227
0.0067082
0.00573227
0.00483304
0.00298482
0.00240991
0.0022203
0.00211132
0.00206399
0.00188237
0.0020107
0.00204819
0.00202915
0.00198686
0.00195801
0.00294238
0.00297001
0.00291294
0.0026744
0.00245321
0.00296527
0.00271055
0.00257543
0.00267974
0.00285092
0.00303078
0.00332317
0.00348926
0.00367066
0.00399861
0.00427657
0.00428072
0.00444391
0.00456217
0.00463963
0.00469549
0.00461286
0.00468272
0.00471556
0.00470245
0.00465839
0.00456515
0.00465223
0.00511453
0.00551413
0.00581475
0.00615525
0.00612453
0.00632213
0.00642665
0.00670485
0.00683548
0.00653274
0.0062921
0.00603777
0.00576238
0.0055294
0.00523153
0.00481708
0.00453402
0.00421172
0.00392334
0.00374928
0.00366488
0.00367594
0.0036978
0.00366835
0.00360218
0.00333886
0.00313403
0.00308989
0.00299941
0.00296596
0.00275046
0.00249271
0.00238192
0.00229569
0.0023344
0.00237527
0.00238879
0.00232953
0.00223999
0.0021126
0.00202012
0.000757456
0.00241356
0.0153514
0.0285147
0.0385
0.041413
0.0465438
0.0503289
0.0530895
0.0550368
0.050067
0.0506331
0.050736
0.0504091
0.049682
0.0485838
0.0409023
0.0393296
0.0375433
0.035592
0.0334955
0.0262409
0.0242341
0.0221218
0.0223546
0.0225652
0.0148124
0.0149453
0.0151399
0.0167937
0.01938
0.0218496
0.0219633
0.0238795
0.0255666
0.0270506
0.0282841
0.0267825
0.0276273
0.0283437
0.0289482
0.0295006
0.0278166
0.0288938
0.0307806
0.032607
0.0343136
0.035889
0.0341627
0.0351924
0.0363002
0.0383408
0.0404281
0.0414489
0.0433143
0.0448063
0.0458722
0.0464711
0.0461795
0.0459318
0.0452578
0.0441887
0.0428066
0.0412099
0.0393259
0.0375867
0.0359295
0.0344351
0.0331616
0.0358485
0.0381885
0.0408576
0.0438669
0.0472044
0.0513546
0.0551657
0.0592578
0.0636175
0.0681985
0.0730042
0.0779641
0.0830583
0.0883187
0.0937464
0.099315
0.104701
0.110519
0.116497
0.122636
0.128944
0.13482
0.141401
0.148138
0.155032
0.162071
0.169246
0.175724
0.183074
0.190466
0.197839
0.205099
0.211302
0.21799
0.224124
0.229483
0.233832
0.236594
0.238374
0.238525
0.236952
0.233653
0.228719
0.223163
0.215641
0.207032
0.197537
0.187352
0.177957
0.166909
0.155585
0.144091
0.132504
0.122278
0.110666
0.099123
0.0876442
0.082498
0.0800598
0.0782287
0.0758685
0.0735735
0.0712977
0.0690846
0.0673553
0.0653951
0.0636359
0.0621418
0.0609183
0.060171
0.0595313
0.0592031
0.0591782
0.0594834
0.060109
0.0609169
0.0651271
0.0724531
0.0808967
0.0907356
0.100653
0.113614
0.125583
0.137424
0.146386
0.149669
0.15194
0.151238
0.147869
0.142193
0.134559
0.121422
0.110659
0.0989087
0.0864529
0.0734966
0.055609
0.0456541
0.0423295
0.0463991
0.0501238
0.0512117
0.0536966
0.0555587
0.0567596
0.0572848
0.0633456
0.0736209
0.0793388
0.0840103
0.0876877
0.090416
0.0946114
0.0954681
0.095588
0.0950646
0.0939692
0.0939508
0.0918512
0.0894766
0.0869009
0.084227
0.0815448
0.0796565
0.0770915
0.074766
0.0727306
0.0710287
0.0697718
0.0686521
0.0678344
0.0672762
0.066866
0.066247
0.0658553
0.0654043
0.0648111
0.0640538
0.0630911
0.0616037
0.0602216
0.0586226
0.0568155
0.0548534
0.052508
0.0502978
0.0480091
0.0456648
0.0432976
0.040714
0.0382952
0.0358451
0.0334014
0.0309643
0.0285641
0.0260813
0.0237948
0.0215873
0.0194412
0.0173841
0.0152746
0.0133714
0.0115404
0.0103051
0.0103683
0.0109659
0.012032
0.0130083
0.0139094
0.0147533
0.0155244
0.015853
0.0164915
0.0170649
0.0175661
0.018005
0.0181191
0.0184444
0.0187091
0.0189128
0.0190519
0.0189496
0.0189646
0.0189029
0.0187758
0.0185584
0.0182893
0.017868
0.0174277
0.0168717
0.0161969
0.0153892
0.0145065
0.0134426
0.0122371
0.0111362
0.0118392
0.0126353
0.0135953
0.0147153
0.0160259
0.0175741
0.0194329
0.0213731
0.0239104
0.0268501
0.0302714
0.0330018
0.0340061
0.0347078
0.0350778
0.0352331
0.0352891
0.0353328
0.0354182
0.0388603
0.0428906
0.0475171
0.0527905
0.0578477
0.0644237
0.071763
0.0799188
0.0888913
0.0973385
0.0855646
0.0977006
0.110965
0.112813
0.105692
0.0956605
0.0825725
0.0676004
0.0515048
0.0619382
0.0720336
0.0805164
0.0870647
0.091748
0.0946474
0.0951032
0.0947701
0.0931036
0.0902893
0.0927103
0.0995977
0.103413
0.106057
0.107597
0.108139
0.107795
0.107518
0.105559
0.103049
0.100072
0.096722
0.0932041
0.0891766
0.0849661
0.0806152
0.0761402
0.0711062
0.0663539
0.0615562
0.0567496
0.0519613
0.0472352
0.0416708
0.0371119
0.0332417
0.0309025
0.0286175
0.0277943
0.0256268
0.0235826
0.0216583
0.0198679
0.0192532
0.0176795
0.0162475
0.0153615
0.0153946
0.0154941
0.0162658
0.0162679
0.0162355
0.0162582
0.0172493
0.0196385
0.020352
0.0209073
0.0213809
0.0215967
0.0229954
0.0227667
0.0223779
0.0217786
0.0210295
0.020144
0.0205514
0.0195103
0.0183906
0.0172353
0.0159561
0.0158261
0.0143842
0.0130122
0.0117955
0.0106199
0.0105387
0.00939744
0.00825907
0.00707713
0.00591045
0.00472288
0.00445653
0.00329594
0.0041889
0.00514964
0.00605022
0.00624855
0.00702351
0.00772088
0.00833851
0.00888263
0.00884488
0.00921755
0.0094864
0.00964759
0.00970336
0.00962994
0.00916778
0.00885421
0.00827303
0.00759786
0.00722765
0.00680587
0.00674016
0.00730994
0.0078854
0.00837112
0.00862357
0.00887605
0.00900928
0.00897971
0.00871393
0.00838641
0.00954393
0.0121387
0.0148346
0.0176209
0.0204862
0.0230033
0.0259375
0.0288569
0.0361918
0.0414867
0.0466422
0.0460441
0.0455471
0.0477042
0.0486642
0.0489157
0.0471007
0.0466845
0.0460946
0.0452782
0.0444847
0.0414956
0.0405402
0.0394055
0.0384299
0.0374261
0.0341943
0.0331995
0.0322081
0.031191
0.0302271
0.0292863
0.0291343
0.0292487
0.0291748
0.0288711
0.0283679
0.029029
0.0282032
0.0272552
0.026193
0.0250221
0.0251628
0.0238549
0.0224801
0.0209839
0.0193101
0.0175636
0.0171981
0.0155222
0.0139191
0.0123927
0.0109471
0.0107086
0.00946837
0.00984683
0.0100647
0.0109266
0.0116471
0.0122995
0.0129772
0.0134753
0.0137584
0.0139121
0.0138199
0.0137883
0.0135745
0.0133165
0.0130347
0.0126
0.0121859
0.0116891
0.0111092
0.0105269
0.00993194
0.0093797
0.00894156
0.00863685
0.00837923
0.00817256
0.00795944
0.0077705
0.00755912
0.00732494
0.00705212
0.00677175
0.00646589
0.00615393
0.00581677
0.00548784
0.00532939
0.00521216
0.00510626
0.00490979
0.00469375
0.00443184
0.00446664
0.00417513
0.00406907
0.00396961
0.00389051
0.00399943
0.00396661
0.00406416
0.00418545
0.00432668
0.00491521
0.00576914
0.00663707
0.00760306
0.00883462
0.0103316
0.011831
0.0135725
0.0156774
0.0181453
0.0208733
0.0235777
0.0270992
0.0311326
0.0357328
0.0409713
0.0464991
0.0533858
0.0606515
0.0686245
0.0805042
0.0904764
0.100175
0.104293
0.102025
0.0950284
0.0847244
0.0704924
0.0570433
0.0434139
0.0323151
0.0254286
0.0183392
0.0139358
0.0131858
0.0197773
0.0247289
0.0282282
0.0319893
0.033083
0.0332712
0.0327189
0.0330897
0.0325616
0.0320052
0.031168
0.0300818
0.0287526
0.0265389
0.0248716
0.0230599
0.0211172
0.0191977
0.0174762
0.0149456
0.0135131
0.012238
0.0111416
0.0102098
0.00827923
0.00827441
0.00864139
0.00872618
0.00855467
0.0080781
0.00784412
0.00757581
0.00719523
0.00679916
0.00641757
0.00583625
0.0055227
0.00514406
0.00471699
0.00448397
0.0047152
0.00475776
0.00478601
0.00488988
0.00498506
0.0054611
0.00544593
0.00532317
0.00504237
0.00458574
0.00424829
0.00417167
0.00397238
0.00377643
0.00353158
0.0032717
0.00311685
0.00274876
0.00285965
0.0030928
0.00327115
0.00321761
0.00322872
0.00321308
0.00312392
0.00301203
0.0029843
0.00292084
0.00322522
0.0035214
0.00373891
0.00407054
0.00393875
0.00399561
0.00404425
0.00409777
0.00422446
0.00423175
0.00454973
0.00478581
0.00496992
0.00495562
0.00502346
0.00483152
0.00466107
0.00432971
0.00401117
0.00366578
0.00335434
0.00315876
0.00301372
0.00278999
0.00268458
0.00258616
0.00250383
0.00250486
0.00268988
0.00297593
0.00332354
0.00366989
0.00409092
0.00435321
0.00447601
0.00448127
0.00436056
0.00407341
0.00376967
0.00350086
0.00329682
0.000757456
0.00236714
0.0152378
0.0283152
0.0381806
0.0409554
0.0458966
0.0494703
0.0520077
0.0537297
0.0485663
0.0489209
0.0488404
0.0483879
0.0476194
0.0465751
0.0390166
0.037647
0.036081
0.0343029
0.0332593
0.0270915
0.0279767
0.0287758
0.0294615
0.0300184
0.0224926
0.0227433
0.0251062
0.0276082
0.0299741
0.0321301
0.0319649
0.0335118
0.0348477
0.0359354
0.0367847
0.0349339
0.0353663
0.035655
0.0358197
0.0368512
0.0367445
0.0387041
0.0405931
0.0423764
0.0440071
0.0454404
0.0435489
0.044347
0.0447381
0.0446609
0.0440823
0.0421572
0.0430065
0.0435192
0.0437311
0.0435013
0.0425601
0.0415962
0.0402756
0.0386467
0.0367908
0.0348057
0.0326708
0.0307177
0.0289236
0.0273255
0.0285255
0.0318709
0.0343524
0.0371529
0.0402913
0.0437575
0.0480269
0.0519814
0.0562204
0.0607218
0.0654438
0.0703914
0.075483
0.0807217
0.086123
0.0916726
0.0973654
0.102849
0.108775
0.114845
0.121072
0.127454
0.133403
0.140079
0.14693
0.153958
0.161157
0.168526
0.175193
0.182785
0.190448
0.198131
0.20578
0.212409
0.21974
0.226725
0.233207
0.238967
0.243217
0.246945
0.249217
0.249798
0.248543
0.245383
0.241044
0.234492
0.226388
0.216954
0.206429
0.196448
0.184461
0.17195
0.159074
0.145948
0.134315
0.12101
0.107698
0.0948331
0.0927245
0.0908901
0.0895672
0.0876385
0.0855541
0.083315
0.0809682
0.079004
0.076628
0.0743262
0.0721498
0.0701477
0.068655
0.0671874
0.066106
0.0654296
0.0651252
0.0651769
0.0654884
0.0677029
0.0744612
0.0823746
0.0913588
0.101256
0.114357
0.12521
0.13663
0.145192
0.148155
0.150096
0.149107
0.145489
0.139612
0.131774
0.118499
0.107618
0.0957609
0.0831674
0.0700416
0.0519909
0.045661
0.0467741
0.0508715
0.054573
0.0556151
0.058007
0.0597363
0.0607722
0.0611018
0.0677866
0.0779689
0.0835471
0.0880493
0.0915146
0.093986
0.0979189
0.098439
0.0981927
0.0972878
0.0957997
0.0954394
0.0929576
0.0902169
0.0872914
0.084291
0.0813129
0.079198
0.076397
0.0738567
0.0716271
0.0697536
0.0683189
0.0669454
0.0658049
0.0648568
0.0640081
0.0629934
0.0621213
0.0611534
0.0600105
0.0586846
0.0571564
0.0551963
0.0533237
0.0513002
0.0491415
0.0468955
0.0443514
0.0419699
0.0395666
0.0371572
0.0348031
0.0323384
0.030152
0.0280359
0.0260296
0.0241246
0.0223434
0.0204627
0.0189279
0.0175319
0.0162587
0.0151242
0.0138645
0.0129777
0.0122109
0.0115506
0.0109954
0.0112498
0.0122089
0.0131325
0.0140067
0.0148238
0.0156031
0.0160585
0.0168019
0.0174936
0.0181455
0.0187366
0.0191092
0.0196113
0.0200537
0.0204326
0.0207461
0.0209461
0.0211422
0.0212654
0.0213113
0.021289
0.0211823
0.0210685
0.0208107
0.0204593
0.0200103
0.0194552
0.0189528
0.0181936
0.0173597
0.01665
0.0158447
0.0150097
0.0140207
0.0129598
0.0118273
0.010625
0.00939456
0.00824946
0.00891706
0.0123523
0.0162712
0.0196281
0.0212335
0.0227686
0.0241096
0.0253303
0.0265178
0.0275847
0.0288058
0.0333414
0.0388136
0.0448756
0.0515671
0.0578381
0.065752
0.0743623
0.0837004
0.0937736
0.10312
0.0923203
0.105373
0.119539
0.122314
0.116052
0.107039
0.0950186
0.0811321
0.07202
0.0716892
0.0690587
0.068009
0.0665478
0.0646251
0.0638856
0.0641912
0.0640718
0.063039
0.0627751
0.068693
0.0750166
0.0781719
0.0801103
0.0809671
0.0809177
0.0801344
0.0796022
0.0775266
0.0750841
0.0723487
0.0693929
0.066336
0.0629753
0.0595817
0.0562162
0.0529169
0.0564145
0.0591826
0.0615296
0.0634452
0.0649278
0.0659814
0.0679609
0.0681599
0.067947
0.0673492
0.06638
0.0663502
0.0647096
0.062818
0.0607015
0.0584108
0.0571528
0.0546427
0.0521034
0.0495826
0.047121
0.0447534
0.0433797
0.0412325
0.0392311
0.0373816
0.0357074
0.0347845
0.0333841
0.0321206
0.0310156
0.0300556
0.029642
0.028927
0.028354
0.0279279
0.0276417
0.0274788
0.0275819
0.0275516
0.0276033
0.0277362
0.0279481
0.0283122
0.0286436
0.0290528
0.0295322
0.0300536
0.0306234
0.0312357
0.0318584
0.0324971
0.0331458
0.0338209
0.0344593
0.0351615
0.0358675
0.0365915
0.0373318
0.0379915
0.0387397
0.0394825
0.0402102
0.0409237
0.0415088
0.0421404
0.0427035
0.0431988
0.0436231
0.0439527
0.0441627
0.0443449
0.0444459
0.0444902
0.0444842
0.0444147
0.0443107
0.0441699
0.0439735
0.0437329
0.0434675
0.0431336
0.042757
0.0423132
0.0417928
0.0411948
0.0405804
0.0398049
0.0389187
0.037925
0.0368377
0.0358752
0.0353635
0.0364011
0.0448856
0.0516881
0.0584401
0.0695153
0.0781686
0.0852679
0.0914508
0.0969473
0.100366
0.105146
0.109675
0.113947
0.117806
0.119226
0.121908
0.123727
0.124428
0.123821
0.12017
0.116715
0.111868
0.105904
0.100447
0.0989252
0.0982867
0.0953095
0.0917759
0.0878513
0.0836762
0.0810157
0.076515
0.0719397
0.0673243
0.0627134
0.0596437
0.0552023
0.0508898
0.0467052
0.0426665
0.0387922
0.0361656
0.0325476
0.0290978
0.0258318
0.0227772
0.0207199
0.0179987
0.0154874
0.0132783
0.0113029
0.0100271
0.00827615
0.00659874
0.00503995
0.00449511
0.00498134
0.00527091
0.00618324
0.00690433
0.00742988
0.00778231
0.0075159
0.00766079
0.00771566
0.00768654
0.00848414
0.00901638
0.00972963
0.010383
0.010994
0.0114956
0.0119054
0.0121892
0.0123966
0.0125039
0.0125
0.0125766
0.0126638
0.012752
0.0127993
0.0128521
0.0128909
0.012882
0.0128024
0.0126286
0.0127718
0.0132234
0.0136395
0.013778
0.0140724
0.0142832
0.0144392
0.0145306
0.0143784
0.0142396
0.0139981
0.0135893
0.0130158
0.0122874
0.0114091
0.0103724
0.00915494
0.00772217
0.00609657
0.00463147
0.00339141
0.00204206
0.00318603
0.00661317
0.0100405
0.0143747
0.0191965
0.0245764
0.0305743
0.0363547
0.0434831
0.0512525
0.0596872
0.0714007
0.0808965
0.0899664
0.0931838
0.0899126
0.0818436
0.0705341
0.0555087
0.0414302
0.0367532
0.0334777
0.0301638
0.0318393
0.0323207
0.031903
0.0313982
0.0352936
0.0376026
0.040386
0.0402288
0.0392118
0.0375001
0.0352702
0.0336774
0.030596
0.0282525
0.0286931
0.0286513
0.027327
0.026428
0.0252076
0.0236536
0.0218363
0.0198251
0.0167998
0.0146161
0.0126427
0.012014
0.0112226
0.0100726
0.00885212
0.0074788
0.00814149
0.0090096
0.00979164
0.0103514
0.0107614
0.0111165
0.0113791
0.0115298
0.0122198
0.0127225
0.013103
0.0134361
0.0136316
0.014503
0.0143692
0.0141469
0.0138359
0.0134624
0.0138499
0.0134938
0.0131156
0.0127462
0.0127633
0.012896
0.013057
0.0130567
0.0130462
0.0130254
0.0129111
0.0127831
0.0124052
0.0119542
0.0114056
0.0108061
0.0104115
0.00989071
0.00951028
0.00916706
0.0088305
0.0085181
0.00817341
0.00795427
0.00776096
0.00756551
0.00736509
0.00709003
0.00689046
0.00667472
0.00638744
0.00614516
0.00597793
0.00598449
0.00602809
0.0060571
0.00605065
0.00604479
0.00601545
0.00607622
0.00609849
0.00602768
0.00590573
0.00570525
0.00551072
0.00532782
0.0051263
0.00495833
0.00481676
0.0047138
0.00464931
0.00465155
0.00466561
0.00466669
0.00464913
0.00471361
0.0048369
0.00488326
0.00488585
0.00490104
0.00493166
0.00497553
0.00504862
0.00511234
0.000757456
0.00241356
0.0153514
0.0285147
0.0385
0.041413
0.0465438
0.0503289
0.0530895
0.0550368
0.050067
0.0506331
0.050736
0.0504091
0.049682
0.0485838
0.0409021
0.039328
0.0375381
0.0355684
0.0334422
0.0261498
0.0240909
0.0219281
0.0218015
0.0218544
0.0139738
0.0139219
0.0138905
0.0155655
0.0180908
0.0205027
0.0206041
0.0224992
0.0242229
0.025741
0.027051
0.0256091
0.0265333
0.0273085
0.0279767
0.0286045
0.0269905
0.0281261
0.0302034
0.0322248
0.0341385
0.0359275
0.0343913
0.0356515
0.0365787
0.0383436
0.0404443
0.0415211
0.0434352
0.0450403
0.0462335
0.0469582
0.0467677
0.0466467
0.0460743
0.0451207
0.0438339
0.0423566
0.0405739
0.0389689
0.0374557
0.0361353
0.0350636
0.0366494
0.0391019
0.0419086
0.0450879
0.0486281
0.0529806
0.0570495
0.0614141
0.0660595
0.070937
0.0760564
0.0813038
0.0867239
0.0923093
0.098047
0.103918
0.109551
0.115626
0.121827
0.128156
0.134615
0.140606
0.147298
0.154127
0.161097
0.16819
0.175393
0.18186
0.189149
0.19641
0.203559
0.210495
0.216302
0.222418
0.227853
0.232396
0.23581
0.237702
0.238464
0.237606
0.235063
0.230865
0.225128
0.218955
0.210829
0.201715
0.1918
0.181259
0.1716
0.160286
0.148741
0.137072
0.12535
0.115029
0.103312
0.0916441
0.0838688
0.0816007
0.0795954
0.0780878
0.0759985
0.0739136
0.0717791
0.0696592
0.0679779
0.0659945
0.0641571
0.062509
0.0611109
0.0601466
0.059231
0.058581
0.0582644
0.0582361
0.0585608
0.0590716
0.0618793
0.069102
0.0775761
0.0916165
0.101797
0.115024
0.123273
0.135525
0.144911
0.148538
0.151206
0.150868
0.147849
0.142469
0.135102
0.122123
0.111474
0.0997574
0.0872717
0.0742117
0.0562029
0.0469517
0.0441841
0.0481215
0.05164
0.0524986
0.0546628
0.0561596
0.0569558
0.057061
0.0639561
0.0741581
0.0797586
0.0842799
0.0877807
0.0903079
0.0943161
0.0949472
0.0948416
0.0940974
0.0927968
0.0926189
0.0903689
0.0878775
0.0852237
0.0825144
0.0798426
0.0779981
0.0755104
0.0732774
0.0713379
0.0697257
0.0685146
0.0674089
0.0665487
0.0658965
0.0653392
0.0645658
0.0639692
0.0632929
0.0624846
0.0615436
0.0604495
0.0589088
0.0575417
0.0560468
0.0544315
0.0527401
0.0506858
0.0488527
0.0469783
0.0450682
0.0431572
0.0409942
0.0390869
0.0371731
0.0352659
0.0333387
0.0313788
0.0291988
0.0271628
0.0251089
0.0230278
0.0209526
0.0187679
0.01672
0.0146932
0.0126899
0.0117137
0.0113589
0.0113267
0.0112274
0.0110806
0.0113328
0.0115091
0.0113134
0.0113566
0.0113525
0.0112867
0.0111755
0.0108278
0.0106519
0.0104282
0.010777
0.0117454
0.0127087
0.0136028
0.0144604
0.0153005
0.0161038
0.0169366
0.0182801
0.0195487
0.0208823
0.0222843
0.0237615
0.0253499
0.027
0.0287674
0.0306902
0.0327592
0.0348885
0.0372425
0.0397555
0.0424275
0.0452476
0.0482003
0.0510768
0.0542548
0.0575697
0.0610226
0.0642895
0.0666775
0.0684165
0.0691048
0.0686957
0.0671393
0.0649912
0.0613513
0.0566312
0.0535539
0.0548484
0.0558021
0.0563966
0.0568545
0.057115
0.0582015
0.0677542
0.0769233
0.0662269
0.0797313
0.0947101
0.0986108
0.0935252
0.0860114
0.0774138
0.0935245
0.108534
0.121683
0.132373
0.141462
0.148546
0.153695
0.156998
0.157753
0.157662
0.156127
0.15329
0.149307
0.143239
0.137293
0.130597
0.12325
0.115389
0.107172
0.0975003
0.0889359
0.0804035
0.0741189
0.0698812
0.0656182
0.0607415
0.0557771
0.050773
0.0458999
0.0407588
0.0361788
0.0318837
0.0279226
0.0242936
0.0209925
0.016874
0.0141795
0.0118376
0.00985657
0.00819193
0.00527866
0.00412723
0.00328515
0.00267345
0.00261653
0.00345495
0.00457819
0.00573195
0.00683134
0.00790462
0.00888552
0.0103704
0.0112225
0.0120384
0.0127971
0.0135008
0.0145818
0.015046
0.0152968
0.0154248
0.0154265
0.0157845
0.0155807
0.0153459
0.015087
0.0148347
0.0145974
0.0146364
0.0142182
0.0137396
0.01319
0.0125781
0.012234
0.0119517
0.0118372
0.011655
0.0114086
0.0120489
0.0116542
0.011212
0.0107035
0.0101362
0.00950129
0.00963188
0.0099248
0.0104715
0.0109861
0.0114848
0.0118752
0.0123262
0.0127177
0.0131633
0.0135546
0.0138793
0.0141943
0.0144429
0.0146446
0.0147515
0.014772
0.0146977
0.0144813
0.0141547
0.0141153
0.0142623
0.0142669
0.014275
0.0142416
0.0140739
0.0137204
0.0132932
0.0127441
0.0120023
0.0110762
0.0105491
0.0113613
0.0121453
0.0126746
0.0137904
0.0168572
0.0199489
0.0226469
0.0256331
0.0284068
0.0274333
0.0323445
0.0371202
0.0360236
0.0340541
0.035836
0.0366559
0.0370667
0.0353619
0.0350345
0.0345466
0.034067
0.0336591
0.0311721
0.0308441
0.03045
0.02993
0.0293658
0.0284179
0.0295484
0.0303727
0.0308917
0.0310448
0.0308661
0.0317348
0.0313379
0.0307541
0.0301307
0.0293607
0.0298819
0.0290732
0.028207
0.0272582
0.0263647
0.0267761
0.0257747
0.0247575
0.0237839
0.022807
0.0216859
0.0216954
0.020134
0.018402
0.0165785
0.0148191
0.0144247
0.0128779
0.012298
0.0127056
0.0131661
0.0127235
0.0132331
0.0137213
0.0142125
0.0146753
0.015128
0.0149343
0.0155053
0.0160869
0.0166519
0.0171408
0.0170542
0.0174693
0.0178445
0.0181651
0.0183724
0.0180919
0.0180185
0.0178702
0.0177656
0.0175989
0.0175056
0.0171569
0.0170701
0.016901
0.016602
0.0162349
0.0157143
0.0152422
0.0146242
0.0137714
0.0136843
0.0139442
0.0149746
0.0160096
0.0170848
0.0182878
0.0192865
0.020182
0.0207596
0.0211791
0.0215982
0.0219827
0.0225101
0.0230169
0.0235921
0.0239209
0.0239253
0.0238149
0.0232783
0.0225049
0.0214179
0.020821
0.0214659
0.0222495
0.0229752
0.0236356
0.0246856
0.026308
0.0280349
0.0301917
0.0327283
0.0358677
0.0395464
0.043259
0.0481314
0.0547967
0.0628281
0.0738363
0.0829966
0.0915784
0.0925733
0.0892426
0.0834146
0.0763112
0.0672181
0.0599226
0.0532497
0.0475018
0.0427627
0.0442848
0.0454675
0.046021
0.0459856
0.045309
0.0440845
0.0429001
0.0436841
0.0434883
0.0423631
0.0404497
0.039136
0.0362227
0.0331076
0.0298858
0.0266688
0.0241427
0.0208994
0.0180601
0.0162233
0.0143605
0.0123339
0.0093804
0.00742903
0.00565824
0.00390041
0.00301579
0.00324297
0.00361469
0.00377417
0.00413236
0.00519377
0.00713706
0.00794598
0.00872371
0.00946313
0.0102432
0.0108493
0.0123173
0.0125737
0.0127727
0.0126964
0.0124458
0.0127982
0.0123334
0.0116971
0.0113187
0.0109635
0.0114225
0.0107843
0.0102358
0.00958347
0.00902206
0.00830251
0.00829312
0.00750664
0.00693235
0.00659576
0.0065656
0.00698853
0.00691235
0.00692093
0.00690356
0.00697894
0.00722936
0.00715658
0.00707135
0.00692491
0.00678663
0.00661539
0.00679353
0.00645135
0.00590925
0.0053291
0.00489634
0.00481667
0.00463118
0.00457166
0.00446957
0.00424166
0.00440699
0.00448465
0.00459754
0.00459953
0.00449784
0.00423633
0.00408454
0.00386485
0.00366519
0.00346717
0.00332569
0.00309809
0.00283904
0.00260141
0.00253834
0.0024064
0.00230911
0.00214115
0.00202036
0.00206102
0.00211382
0.00210069
0.00206718
0.00200765
0.00176051
0.00142346
0.0016202
0.00197986
0.00239649
0.00278227
0.00310607
0.00338313
0.000757456
0.00241356
0.0153514
0.0285147
0.0385
0.041413
0.0465438
0.0503289
0.0530895
0.0550368
0.050067
0.0506331
0.050736
0.0504091
0.049682
0.0485838
0.0409021
0.039328
0.0375381
0.0355684
0.0334422
0.0261498
0.0240909
0.0219281
0.0218015
0.0218544
0.0139738
0.0139219
0.0138905
0.0155655
0.0180908
0.0205027
0.0206041
0.0224992
0.0242229
0.025741
0.027051
0.0256091
0.0265333
0.0273085
0.0279767
0.0286045
0.0269905
0.0281261
0.0302034
0.0322248
0.0341385
0.0359275
0.0343913
0.0356515
0.0365787
0.0383436
0.0404443
0.0415211
0.0434352
0.0450403
0.0462335
0.0469625
0.0467852
0.0466991
0.0461747
0.0452627
0.0440043
0.0425295
0.0407298
0.0390752
0.0374968
0.0360933
0.0349144
0.0369439
0.0394354
0.042279
0.045489
0.049043
0.0533923
0.0574355
0.0617604
0.066346
0.071156
0.076196
0.0813754
0.0867226
0.0922482
0.0979461
0.103803
0.109435
0.11553
0.12176
0.128131
0.134635
0.140679
0.147432
0.15432
0.161325
0.168438
0.17563
0.182059
0.189276
0.196465
0.203559
0.210482
0.216335
0.22259
0.228244
0.233082
0.236871
0.239132
0.24032
0.239857
0.237654
0.233723
0.22815
0.222015
0.213808
0.204483
0.194239
0.183279
0.173206
0.16138
0.149312
0.137131
0.124947
0.114284
0.102267
0.0903775
0.0838775
0.0815459
0.0794442
0.0778175
0.0755314
0.0732012
0.0707444
0.0682257
0.0661232
0.063675
0.0613689
0.0592907
0.0574619
0.0561782
0.0549596
0.0540901
0.053623
0.0535404
0.05387
0.0544558
0.0596469
0.0667292
0.075048
0.0900745
0.100131
0.113268
0.119898
0.131894
0.14104
0.144454
0.146903
0.146373
0.1432
0.13771
0.130245
0.117216
0.106555
0.0948751
0.082446
0.0694823
0.051564
0.0441282
0.0426708
0.0466829
0.0502802
0.0512122
0.0534688
0.0550905
0.056069
0.0591526
0.0669908
0.0770966
0.0826214
0.0871086
0.0906127
0.0931743
0.0972222
0.0979065
0.0978536
0.0971629
0.0959142
0.0957861
0.0935911
0.0911582
0.0885594
0.0859006
0.0832663
0.0814317
0.0789162
0.0766038
0.0745248
0.0726879
0.071188
0.0696309
0.0681743
0.0667694
0.0653305
0.063693
0.0620153
0.06017
0.0581233
0.0559006
0.0534919
0.0507868
0.0481003
0.0453176
0.0424611
0.0395858
0.0365452
0.0336729
0.0308751
0.0281524
0.0255391
0.0228396
0.0204149
0.0180931
0.0159021
0.0138305
0.0118963
0.00988547
0.00821111
0.00754273
0.00735275
0.00724069
0.00721481
0.0083336
0.00933342
0.0102275
0.0110205
0.0112351
0.0118868
0.0124732
0.0130075
0.0135031
0.0139726
0.0140949
0.0145156
0.0149034
0.0152429
0.0155564
0.0155967
0.0158779
0.0161238
0.0163452
0.0165459
0.0165447
0.0166898
0.0167628
0.0167692
0.0166873
0.0165503
0.0162692
0.0160265
0.0157193
0.0153457
0.0149153
0.0144185
0.0138809
0.0132918
0.0126456
0.0119467
0.0112259
0.0103385
0.00932801
0.00817511
0.006873
0.00544438
0.00404655
0.00613758
0.00873455
0.0116822
0.0143313
0.0159485
0.0175919
0.0190814
0.0204291
0.0242693
0.0280015
0.0329155
0.0384205
0.0445823
0.0514158
0.0590225
0.0662284
0.0753934
0.0854632
0.0964821
0.108446
0.119614
0.111008
0.126335
0.14276
0.147697
0.143161
0.135857
0.125191
0.112286
0.0978946
0.0826665
0.0732915
0.0718967
0.07031
0.0685257
0.0668675
0.0684262
0.0698471
0.0704837
0.0705329
0.0701739
0.0678932
0.0670326
0.066179
0.0654094
0.0655333
0.0679621
0.0705524
0.0724053
0.0743017
0.0763114
0.0784118
0.0798997
0.0817217
0.0833543
0.0847074
0.0856848
0.0851454
0.0851604
0.0846808
0.083681
0.0821579
0.0801047
0.0763804
0.073357
0.0699458
0.0662224
0.0622521
0.0569513
0.0527366
0.0485452
0.0444466
0.0404975
0.0354568
0.0318605
0.0285153
0.0254307
0.022625
0.0200965
0.0164444
0.0148658
0.0139611
0.0130682
0.0121955
0.0118639
0.0110604
0.0102644
0.00949666
0.00863907
0.00816252
0.00726915
0.00643266
0.00560338
0.00477352
0.00396271
0.00350584
0.00280374
0.00215571
0.00167256
0.00143729
0.00212818
0.00190063
0.00260885
0.00345262
0.00430496
0.00495558
0.00593948
0.00695428
0.00803518
0.00916019
0.0102047
0.0110725
0.0121595
0.0132588
0.0143557
0.0155147
0.0164329
0.0177041
0.0188896
0.0200444
0.0211094
0.0219141
0.0228634
0.0237699
0.0245952
0.0252999
0.0259039
0.0262426
0.026563
0.0267191
0.0267008
0.0265365
0.0262062
0.0256744
0.0249103
0.0239782
0.0228521
0.0216494
0.0200841
0.0182354
0.0161051
0.0137042
0.0110038
0.00838509
0.00730683
0.00814284
0.00953762
0.0119481
0.0151973
0.0193635
0.0239448
0.0457336
0.0517988
0.0574362
0.064991
0.0683421
0.0687767
0.0672843
0.0646056
0.0598897
0.0558708
0.0516221
0.047473
0.043473
0.0377877
0.0338737
0.0301975
0.0268191
0.0235412
0.0184203
0.0155693
0.0130145
0.0107752
0.00879365
0.00788076
0.00677719
0.00707076
0.00731318
0.00780744
0.0086291
0.0113178
0.0116214
0.0116596
0.0114916
0.0112513
0.0130768
0.0126928
0.0122732
0.0117482
0.0111812
0.0105809
0.0118455
0.0110461
0.0102359
0.00944567
0.00867194
0.00967133
0.00892655
0.00830575
0.00773685
0.00718187
0.0081428
0.00769291
0.00732005
0.00692644
0.0065947
0.00633791
0.00733506
0.00711509
0.00697633
0.00692676
0.00687481
0.00775586
0.00761583
0.00746572
0.00736079
0.00731669
0.00807984
0.00808298
0.00812531
0.00819465
0.00827172
0.00835931
0.0089774
0.00898029
0.00902892
0.00908758
0.00909302
0.0094796
0.00926589
0.00900658
0.00873154
0.00845709
0.00853717
0.00819487
0.0083592
0.00862969
0.00882436
0.00892497
0.00893731
0.00888832
0.00876535
0.0086097
0.0083828
0.00811768
0.00775126
0.00735299
0.00694157
0.00652326
0.00615305
0.00568694
0.00516475
0.00461674
0.00401209
0.0034358
0.00300243
0.00344207
0.00458245
0.0060619
0.00785483
0.00960134
0.0118865
0.0145766
0.0177902
0.0215784
0.0259752
0.031997
0.0389994
0.0470942
0.0589465
0.0691661
0.0792173
0.0839626
0.0825263
0.0763963
0.0670474
0.053665
0.0412357
0.0358099
0.0347137
0.035834
0.0365804
0.0363578
0.0355227
0.0341126
0.0344617
0.0374823
0.0408065
0.0412943
0.0408583
0.0396724
0.037875
0.0366732
0.0338885
0.030874
0.0295632
0.0291236
0.0275163
0.0263929
0.0250916
0.0236199
0.0220165
0.0202501
0.0175343
0.0156637
0.0137695
0.0118786
0.0107446
0.0101475
0.00963876
0.00903061
0.00835767
0.00769427
0.00681213
0.00759983
0.00830027
0.00884491
0.00930056
0.00965765
0.0100119
0.010207
0.0103097
0.0103408
0.010421
0.0105256
0.0104167
0.0102597
0.010197
0.0101388
0.0102339
0.0101143
0.00992137
0.00960949
0.00920218
0.00874367
0.00847203
0.00794131
0.00750628
0.00705338
0.0065991
0.00638688
0.00602943
0.00561979
0.00542948
0.005257
0.00551262
0.00530329
0.00515002
0.0052764
0.00528646
0.00516085
0.00513723
0.00496785
0.00468491
0.00430411
0.00402841
0.00378093
0.00355814
0.00333966
0.00319877
0.00309202
0.00298229
0.00301118
0.00303438
0.00310181
0.00313565
0.00309043
0.00293171
0.00275248
0.0025643
0.00241317
0.00267354
0.00311641
0.00354916
0.00394191
0.00429767
0.00469996
0.00502768
0.0053349
0.00563133
0.00593588
0.00621422
0.00633433
0.00643927
0.00642812
0.00638808
0.00626254
0.0061304
0.00599672
0.00581385
0.00557768
0.00530829
0.0050925
0.000757456
0.00247781
0.0155635
0.0290112
0.0393911
0.0427143
0.0483822
0.0527813
0.0562183
0.0589027
0.0546295
0.0560578
0.057104
0.0578191
0.0582402
0.0583942
0.0518837
0.0517081
0.0513431
0.0507999
0.0500847
0.0440007
0.0438871
0.0456754
0.0473072
0.0487701
0.041998
0.043091
0.0440093
0.0447756
0.0453886
0.0457941
0.0386416
0.0385043
0.0378893
0.036762
0.0351721
0.0276629
0.0270276
0.0274759
0.0277067
0.0278356
0.0256496
0.0256694
0.025618
0.0255833
0.0274635
0.0300757
0.0292383
0.0312891
0.0330685
0.0345486
0.0357221
0.0331025
0.0335663
0.033705
0.033547
0.033131
0.0290593
0.0283278
0.027534
0.0267275
0.0259565
0.0252637
0.0217189
0.0216817
0.0218323
0.0221187
0.0225322
0.0225269
0.0230528
0.0235849
0.0241237
0.0246429
0.0246134
0.0250372
0.0254111
0.0257145
0.0259225
0.026049
0.0256227
0.0260461
0.0268138
0.0276283
0.0285001
0.0296906
0.030647
0.0316806
0.0328072
0.0340116
0.0353837
0.0367767
0.0383118
0.0400095
0.0418898
0.043964
0.0460633
0.0485481
0.0512879
0.0542879
0.0575602
0.0606885
0.0644866
0.0685732
0.0729523
0.0776258
0.0819495
0.0871696
0.0926855
0.0984883
0.10457
0.110911
0.11663
0.123405
0.130359
0.137423
0.144573
0.150822
0.158034
0.165226
0.172381
0.179474
0.185569
0.19249
0.199255
0.205801
0.212035
0.217831
0.222541
0.227693
0.231815
0.23418
0.234752
0.234105
0.232732
0.231063
0.229351
0.227745
0.226418
0.225086
0.223871
0.222733
0.221621
0.220461
0.219321
0.217899
0.216239
0.214261
0.201721
0.199487
0.203045
0.20422
0.201573
0.195856
0.191143
0.192077
0.189873
0.184838
0.177346
0.167827
0.153009
0.140463
0.133759
0.129149
0.12427
0.116966
0.11117
0.104966
0.0990851
0.0977755
0.094348
0.0916233
0.0883622
0.0846447
0.0806189
0.0764093
0.0695649
0.0651945
0.0609615
0.061372
0.0632071
0.0668451
0.0673278
0.0673599
0.0670254
0.0663652
0.0668957
0.0655561
0.0640175
0.062283
0.0603877
0.0583513
0.0568583
0.0544808
0.0520017
0.0494286
0.0467826
0.0443529
0.0415245
0.0386528
0.035772
0.0328694
0.0300262
0.0271316
0.0242878
0.0215022
0.0188193
0.0162327
0.0136013
0.0112545
0.00907005
0.00704935
0.00522456
0.0032547
0.00174219
0.00102957
0.00216652
0.00365744
0.00399033
0.00536482
0.0066448
0.00781213
0.00888034
0.0098429
0.00992214
0.0107377
0.0114619
0.0121273
0.0127147
0.0126552
0.0131567
0.0136014
0.014008
0.0143866
0.0142882
0.0146438
0.0149739
0.0152812
0.0155768
0.015849
0.0157894
0.0160394
0.0162766
0.0164787
0.0166572
0.0165694
0.0166981
0.016783
0.016835
0.0168308
0.0165988
0.0164516
0.0162167
0.0158994
0.0154807
0.0149799
0.0143433
0.0136539
0.0131831
0.0130157
0.0127447
0.0130024
0.0140049
0.0148552
0.015546
0.0160343
0.0162173
0.0162826
0.0160899
0.0156428
0.0149106
0.0138348
0.0125598
0.0120863
0.0145778
0.0168936
0.0195342
0.0224858
0.0255067
0.0280496
0.0301254
0.0317143
0.0327603
0.0355742
0.041182
0.0471241
0.053459
0.0602696
0.0665495
0.074402
0.0829156
0.0921566
0.102172
0.111539
0.100873
0.1142
0.128791
0.132127
0.126451
0.118188
0.10697
0.093908
0.0797088
0.0649493
0.0604424
0.0646319
0.070539
0.0750597
0.0782844
0.0794339
0.0803519
0.0804036
0.0797355
0.0784843
0.0752649
0.073144
0.0708103
0.0683291
0.0657518
0.0631658
0.0598503
0.0560826
0.0534123
0.0507884
0.0481066
0.0433282
0.0403759
0.0372098
0.035989
0.0412587
0.0457764
0.0493618
0.0520468
0.0539882
0.0553907
0.0564502
0.0580294
0.0586837
0.0591277
0.0593663
0.0593565
0.0599923
0.0594408
0.0585935
0.0574522
0.0568209
0.0591285
0.0592529
0.0588109
0.0578044
0.0563372
0.0543949
0.0550931
0.0544947
0.0534173
0.0518865
0.0499629
0.0494753
0.0476285
0.0480761
0.0486488
0.049348
0.0503794
0.051325
0.0524426
0.0537532
0.0552599
0.0569913
0.0588829
0.0610335
0.0634062
0.0659849
0.0687627
0.0714624
0.0745478
0.0777847
0.0811488
0.0848631
0.0885353
0.0924749
0.096348
0.100106
0.103712
0.107095
0.109986
0.112826
0.115288
0.11727
0.118685
0.119484
0.119616
0.118983
0.118089
0.117162
0.115881
0.113912
0.111419
0.108453
0.105057
0.10126
0.0976665
0.0933225
0.0887486
0.0840048
0.0791455
0.0748148
0.0698421
0.0648859
0.0600104
0.0552851
0.0581625
0.0613341
0.0643747
0.0672131
0.0697664
0.0719307
0.0735413
0.0746728
0.0750657
0.0745837
0.0731031
0.07098
0.0684988
0.0668517
0.0475749
0.0430017
0.0375203
0.0287096
0.0226124
0.0182417
0.0147512
0.0193102
0.0259773
0.0312991
0.0361138
0.0403753
0.0440957
0.0485682
0.0514009
0.0538275
0.0559129
0.0577897
0.0608486
0.0624222
0.0638977
0.0653151
0.0667168
0.0681927
0.0709715
0.0727687
0.0748968
0.0774272
0.0804253
0.0846113
0.0885498
0.093038
0.0981164
0.103747
0.109957
0.116382
0.123169
0.13021
0.137912
0.147995
0.157735
0.166298
0.173464
0.178827
0.182095
0.184203
0.183226
0.180283
0.17577
0.170043
0.165103
0.157801
0.150047
0.142047
0.133844
0.12553
0.118813
0.110405
0.102082
0.0939425
0.085995
0.0797088
0.0722717
0.0652056
0.058553
0.0524685
0.0478143
0.0426587
0.0376958
0.0329229
0.0283462
0.0239665
0.0203347
0.0163318
0.0125988
0.00914939
0.00611155
0.00420815
0.00241771
0.00210951
0.00300369
0.00493363
0.00646876
0.00808249
0.00953938
0.0108545
0.0119211
0.0127254
0.0133112
0.0138659
0.0142344
0.0144279
0.0144877
0.014381
0.0141032
0.0137382
0.0132718
0.0129448
0.0125755
0.0120763
0.0113831
0.0104742
0.00934786
0.00804139
0.00699431
0.00569709
0.00429255
0.00284857
0.00467692
0.00789976
0.0124656
0.0177035
0.0235749
0.0300591
0.0363311
0.0441212
0.0525587
0.0616828
0.0741888
0.0846008
0.0944545
0.0985537
0.0961638
0.0889623
0.0785312
0.0642675
0.0509165
0.0410184
0.0378119
0.0336684
0.0286663
0.0234768
0.0180928
0.0201719
0.0241707
0.0268887
0.0302328
0.0309337
0.0307466
0.0297881
0.0281796
0.0270889
0.0244699
0.0217539
0.0224081
0.0227251
0.021797
0.0214389
0.0208216
0.0200727
0.0201948
0.0200509
0.0195701
0.0190137
0.018313
0.0174803
0.0165346
0.0153935
0.0142467
0.013018
0.0117488
0.0104621
0.00905153
0.00787082
0.0067952
0.00590631
0.00580621
0.0056043
0.00559685
0.00543296
0.00545064
0.00573114
0.00607556
0.00718981
0.00733256
0.00743479
0.00746429
0.00748876
0.00824517
0.00819775
0.00800449
0.0078609
0.00775054
0.00753653
0.00782448
0.00753206
0.00733122
0.00730935
0.00731456
0.00777775
0.00758594
0.00726637
0.00688443
0.00655869
0.00668302
0.00641596
0.0060001
0.00565638
0.0053281
0.0051361
0.00529324
0.00514345
0.00504506
0.00502577
0.00502528
0.00532719
0.00537816
0.00543056
0.00538453
0.0053321
0.0054407
0.00520903
0.00499377
0.00479765
0.00458404
0.00436361
0.00448202
0.00457503
0.00461181
0.00462529
0.00473762
0.00487512
0.00500247
0.00524555
0.00545985
0.00568055
0.00584485
0.00594477
0.00598672
0.00596569
0.00591099
0.00579199
0.00572132
0.00567509
0.0056082
0.00550686
0.00543873
0.00537044
0.00528832
0.00524664
0.0051855
0.00501859
