0.000754237
0.0019487
0.0128563
0.0225336
0.0278864
0.0259568
0.0248032
0.0217153
0.0172409
0.0117346
0.0152498
0.0229694
0.0306655
0.0380757
0.0450024
0.0513703
0.0599094
0.0644706
0.0679747
0.0727351
0.0788247
0.0888914
0.0933102
0.102505
0.113831
0.125024
0.142491
0.153072
0.163096
0.172436
0.180975
0.188601
0.201668
0.207118
0.211416
0.214539
0.216464
0.22294
0.222348
0.220695
0.217983
0.214305
0.21424
0.208526
0.201995
0.194681
0.186587
0.17774
0.171135
0.160544
0.149169
0.136997
0.123988
0.120335
0.121805
0.123311
0.12465
0.125628
0.128555
0.128252
0.127149
0.125213
0.129156
0.142775
0.157146
0.16796
0.177223
0.185238
0.192044
0.200152
0.204764
0.208317
0.210758
0.212048
0.214938
0.213909
0.211632
0.208103
0.20338
0.197552
0.194001
0.186424
0.178109
0.170304
0.163651
0.158562
0.151041
0.143174
0.135003
0.126593
0.120077
0.111269
0.102278
0.0931882
0.0840237
0.07481
0.0767893
0.0793659
0.0815263
0.0832623
0.0845359
0.0852497
0.0856578
0.0856151
0.0852334
0.0845312
0.0836852
0.082443
0.0808929
0.0790386
0.0768587
0.0743025
0.0736285
0.0777605
0.0816799
0.0853036
0.0887349
0.0912462
0.094499
0.0976273
0.100642
0.103531
0.105607
0.108139
0.110464
0.112544
0.114388
0.115974
0.116938
0.117964
0.118655
0.118995
0.118985
0.118548
0.117794
0.116554
0.114849
0.112612
0.110161
0.106916
0.106985
0.114359
0.12207
0.130167
0.137652
0.146583
0.155972
0.165852
0.20213
0.211299
0.222788
0.226165
0.225342
0.221069
0.212585
0.203871
0.193755
0.182553
0.170524
0.157868
0.142652
0.135699
0.146504
0.157024
0.166853
0.174193
0.181642
0.187545
0.191716
0.197188
0.226162
0.250856
0.273706
0.294506
0.313119
0.329441
0.345915
0.357528
0.366843
0.373919
0.378876
0.384117
0.385181
0.384515
0.382274
0.37859
0.375638
0.369454
0.36224
0.354071
0.345064
0.335316
0.326637
0.315605
0.309047
0.309217
0.308536
0.309648
0.307352
0.304297
0.300545
0.296119
0.293667
0.28804
0.281874
0.275207
0.268099
0.260577
0.255161
0.246935
0.238421
0.229656
0.220715
0.213905
0.204631
0.195277
0.185874
0.176469
0.169161
0.159779
0.150474
0.141294
0.132254
0.123393
0.116478
0.10797
0.0997134
0.0917067
0.0839827
0.0779783
0.0707647
0.0638804
0.0573404
0.0511451
0.0464098
0.0408332
0.0355888
0.0314762
0.0305401
0.0304299
0.0305011
0.0301928
0.0297771
0.029238
0.0286214
0.0282155
0.0274247
0.0265558
0.0256513
0.0246952
0.0239662
0.0229373
0.0219179
0.0209399
0.0199852
0.0191267
0.0185598
0.0178549
0.0171732
0.0165528
0.0160296
0.0157068
0.0157776
0.0160267
0.0161536
0.0162024
0.0161552
0.0160884
0.0159555
0.0157613
0.0155088
0.0152178
0.0148876
0.0146715
0.0148759
0.0151273
0.01541
0.0157147
0.0160119
0.0163096
0.0165653
0.0192444
0.0221269
0.0258054
0.0297551
0.0339787
0.0384916
0.0433327
0.0476902
0.0530679
0.0586927
0.0645698
0.0707017
0.0761797
0.0604725
0.0680806
0.0762093
0.072355
0.0598052
0.0542174
0.0613907
0.0795496
0.0961626
0.11085
0.122765
0.133137
0.141376
0.147619
0.16967
0.191309
0.210151
0.227142
0.242177
0.25519
0.26715
0.276048
0.282945
0.287887
0.290925
0.292192
0.292583
0.29057
0.287134
0.282394
0.276464
0.270068
0.262071
0.253228
0.24366
0.233464
0.223086
0.21193
0.200492
0.18886
0.177127
0.165372
0.153623
0.141982
0.130514
0.119301
0.111504
0.10758
0.101768
0.0960181
0.0903761
0.084898
0.0811328
0.0760827
0.0713549
0.0670004
0.0630558
0.0595544
0.057478
0.0548589
0.0527518
0.0511787
0.0501587
0.0522195
0.0553181
0.0584236
0.0615439
0.0646911
0.0678967
0.0709836
0.0739253
0.0766194
0.0789257
0.0807253
0.0821379
0.0827449
0.0826711
0.0819279
0.0805609
0.0791406
0.0767408
0.0739365
0.0708185
0.0674547
0.0645799
0.0609696
0.0572806
0.05357
0.0498585
0.0461897
0.045918
0.0449417
0.0438376
0.0426204
0.0412908
0.0406398
0.0390208
0.0372725
0.0353855
0.0333819
0.032029
0.0296846
0.0272623
0.0247429
0.0221487
0.0195298
0.0175625
0.014838
0.0121767
0.0119662
0.0142716
0.0168035
0.0202852
0.0240077
0.0278576
0.0318305
0.0352567
0.0395723
0.0440716
0.0487266
0.0535668
0.0586169
0.0630818
0.0685297
0.0742156
0.0801282
0.0862475
0.0916934
0.098239
0.105015
0.128792
0.136438
0.143144
0.151598
0.155521
0.156087
0.154325
0.150804
0.144845
0.138827
0.131915
0.124295
0.116097
0.106293
0.0972753
0.0880404
0.0787433
0.0695644
0.0597908
0.0548879
0.0500514
0.0453261
0.0407152
0.036269
0.0304399
0.0265322
0.0253185
0.0250072
0.0244739
0.0225671
0.0216094
0.0204031
0.0220137
0.0241066
0.0273268
0.0285722
0.0294196
0.0299254
0.0301597
0.0301685
0.0313983
0.0310238
0.0304066
0.0293503
0.0280178
0.027855
0.0263403
0.0247043
0.0230617
0.0215997
0.0234091
0.023713
0.0238957
0.0239304
0.0239044
0.0238456
0.0248524
0.0244758
0.0239771
0.0233826
0.0227134
0.023039
0.0222424
0.0213875
0.0206103
0.0199552
0.0200508
0.019048
0.0179246
0.0167578
0.0155983
0.0144731
0.014115
0.0130549
0.0118992
0.0105842
0.00927313
0.00867561
0.00890808
0.00910622
0.00930966
0.00956071
0.00982215
0.0101614
0.0105008
0.0108553
0.0112637
0.0117045
0.0121194
0.0126929
0.0133515
0.0140224
0.014669
0.0152106
0.0157376
0.0161385
0.0168148
0.0181448
0.019341
0.0208408
0.022409
0.0239371
0.0255571
0.0273606
0.0290379
0.0311286
0.0333978
0.0358542
0.0385936
0.0412299
0.0444814
0.0479129
0.0516803
0.055842
0.0598222
0.0647923
0.0702399
0.0762
0.0851166
0.0920579
0.0985674
0.0971926
0.0914909
0.083284
0.0737707
0.0625366
0.0527356
0.0458398
0.0491108
0.0518522
0.0670986
0.0828242
0.0970261
0.109591
0.120459
0.129625
0.138049
0.143941
0.148354
0.151369
0.153131
0.15456
0.154201
0.152991
0.151044
0.148488
0.146116
0.142625
0.138834
0.134786
0.130534
0.126131
0.12219
0.117599
0.112976
0.108348
0.103734
0.0996363
0.0950882
0.0906028
0.0862098
0.0819301
0.0781775
0.0741449
0.0702413
0.0664788
0.0628502
0.059362
0.0562949
0.0530927
0.0500273
0.0470904
0.0443184
0.0418904
0.039419
0.0370848
0.0348972
0.0328556
0.0310152
0.0291615
0.0273935
0.0256994
0.0240899
0.02257
0.0213421
0.0206414
0.019962
0.0192865
0.0186381
0.0182527
0.0176205
0.0169772
0.016338
0.0157093
0.0153391
0.0148059
0.0143187
0.0138645
0.0134295
0.0130119
0.0127684
0.0123755
0.0119989
0.0116263
0.0112223
0.0109448
0.0105394
0.0101658
0.00984637
0.00957255
0.00943109
0.00921988
0.00901347
0.0087916
0.00894246
0.0093203
0.00958632
0.00995465
0.0103254
0.0106918
0.0110455
0.0113075
0.0116391
0.0119654
0.0122855
0.012571
0.0127796
0.0130795
0.0133581
0.0135804
0.0137662
0.0139679
0.014114
0.0142632
0.0143715
0.0144664
0.0145326
0.0145514
0.0145496
0.0145036
0.0144129
0.014279
0.000754178
0.00203577
0.0131033
0.0225752
0.0275064
0.0251638
0.0236063
0.0202685
0.0156802
0.0101325
0.0157217
0.0228805
0.0299487
0.0367071
0.0430081
0.0487706
0.0567707
0.0607828
0.064404
0.0705606
0.0762566
0.0861247
0.0904731
0.0997541
0.110938
0.122123
0.139698
0.150466
0.160758
0.170411
0.1793
0.18731
0.200692
0.206517
0.211155
0.214589
0.216713
0.223281
0.222661
0.220822
0.217814
0.213762
0.213359
0.207256
0.200382
0.192798
0.184538
0.175653
0.169125
0.158752
0.147753
0.136103
0.127709
0.132477
0.134615
0.136846
0.139044
0.14097
0.144754
0.145414
0.145277
0.144247
0.142288
0.152456
0.166097
0.176579
0.185687
0.193375
0.199585
0.20691
0.210116
0.211706
0.211613
0.209844
0.209801
0.205258
0.199571
0.192945
0.185598
0.177692
0.172754
0.164083
0.155175
0.146124
0.137027
0.131058
0.122055
0.113199
0.10453
0.0961071
0.09055
0.0825246
0.0747916
0.0673465
0.060197
0.0533587
0.0490061
0.0429671
0.0373063
0.0320331
0.0270904
0.0279324
0.0302699
0.0325164
0.0346166
0.036511
0.0381825
0.0396099
0.0407943
0.0417224
0.0423854
0.0427235
0.0428822
0.0425699
0.0419246
0.0409367
0.0396716
0.0400683
0.0403481
0.0404337
0.0403094
0.0401669
0.0424756
0.0454101
0.0482284
0.0509076
0.0534112
0.055726
0.0573773
0.0592621
0.0608673
0.062165
0.063135
0.0635694
0.0638424
0.0636784
0.0630529
0.0619397
0.0604971
0.0583949
0.0557389
0.0610267
0.069477
0.0784421
0.0867397
0.0966937
0.107224
0.118342
0.155943
0.166351
0.179419
0.184472
0.185384
0.182907
0.176027
0.169129
0.160863
0.151534
0.141356
0.13049
0.1168
0.104815
0.115596
0.127388
0.138529
0.147001
0.155678
0.162779
0.16814
0.179713
0.21017
0.236567
0.261125
0.283625
0.303895
0.321816
0.339671
0.352838
0.36369
0.37232
0.378815
0.385376
0.38796
0.388802
0.387994
0.385693
0.383889
0.378931
0.372841
0.365717
0.357674
0.348822
0.340882
0.330642
0.32054
0.321014
0.320611
0.321932
0.319841
0.316973
0.313384
0.309092
0.306716
0.301127
0.294978
0.288295
0.281134
0.273526
0.26801
0.259644
0.250954
0.241983
0.232806
0.225769
0.216222
0.206574
0.196852
0.187113
0.179503
0.169764
0.1601
0.150566
0.141171
0.131961
0.124753
0.115914
0.107309
0.0989113
0.0907601
0.0843754
0.0767326
0.0693759
0.0622711
0.0554778
0.0502113
0.0440254
0.0389786
0.0362944
0.0337186
0.0326451
0.0332131
0.0333696
0.0333447
0.0331487
0.032814
0.0325852
0.0319732
0.0312605
0.0304525
0.0295546
0.0288502
0.0277974
0.026679
0.0255182
0.0242885
0.0230597
0.0220869
0.0208765
0.0196957
0.0185601
0.0174708
0.0166732
0.0157633
0.0149587
0.014239
0.0136584
0.0133055
0.0129395
0.0127375
0.0126282
0.012603
0.0127404
0.0129907
0.0133195
0.0136658
0.0140667
0.0145026
0.0149253
0.0153786
0.0158411
0.017589
0.0207362
0.0236041
0.0272732
0.0312186
0.0354305
0.0399471
0.0447582
0.0490703
0.0543532
0.0599064
0.0657592
0.0718683
0.0773284
0.0615948
0.0691775
0.0773142
0.0734767
0.0609394
0.0557816
0.0601553
0.0770928
0.0935589
0.108133
0.12
0.130333
0.138514
0.147374
0.169475
0.191141
0.210003
0.227015
0.242077
0.255146
0.267193
0.27623
0.283281
0.288396
0.29164
0.293108
0.293657
0.291805
0.288502
0.283875
0.278041
0.271716
0.263807
0.255074
0.245621
0.235546
0.225265
0.214188
0.202795
0.191187
0.179455
0.167687
0.155918
0.144269
0.132819
0.121624
0.115377
0.111419
0.105553
0.0997403
0.0940134
0.0884278
0.0845455
0.0793415
0.0744394
0.069884
0.0657202
0.0619894
0.0597124
0.0568802
0.0545785
0.0528276
0.0516442
0.0539048
0.0567296
0.0596138
0.0625734
0.0655954
0.0687093
0.0717103
0.0745781
0.0772464
0.0795917
0.0814551
0.0829247
0.0835738
0.0834908
0.0827025
0.0812567
0.0797405
0.0772203
0.0742835
0.0710184
0.0674787
0.0644206
0.0605843
0.0566572
0.0526897
0.0487072
0.0447596
0.0415026
0.0399104
0.0384808
0.0369024
0.0351924
0.0342168
0.032222
0.0301285
0.0279858
0.025788
0.0243737
0.0221307
0.019865
0.0174968
0.0149763
0.0134435
0.0137666
0.0139163
0.0138626
0.013608
0.0135982
0.0157421
0.0187027
0.0218705
0.0251943
0.0286513
0.0315525
0.0352497
0.0391306
0.0431384
0.0473784
0.0518769
0.0559
0.0609062
0.0662066
0.0717907
0.0776317
0.0828641
0.0891821
0.0957514
0.119364
0.126883
0.133483
0.141814
0.145611
0.146083
0.144243
0.140674
0.134728
0.128769
0.121939
0.114397
0.106288
0.0966215
0.0878695
0.0790044
0.0710948
0.066429
0.0603382
0.0554732
0.0506259
0.0458619
0.0412191
0.0367983
0.0310783
0.0271762
0.0235203
0.0201002
0.0172195
0.0190941
0.022013
0.0244449
0.0264186
0.027963
0.0307218
0.0313473
0.0316353
0.0316648
0.031399
0.0309636
0.0317073
0.0306943
0.0294504
0.0279663
0.0263289
0.0259403
0.0249305
0.0239364
0.0227447
0.0214609
0.0205864
0.0191061
0.0175726
0.0172039
0.0168947
0.0163262
0.0164384
0.0160524
0.0157533
0.0154283
0.0150701
0.0156845
0.0152558
0.0148215
0.0143564
0.0138644
0.0142072
0.0136879
0.0131047
0.0124393
0.011692
0.0108602
0.0107522
0.00999579
0.00928855
0.00963474
0.0102512
0.0107472
0.0113078
0.0119261
0.012617
0.0133414
0.0139548
0.0147285
0.0154777
0.0161624
0.0168014
0.0175434
0.0182248
0.0188402
0.0194877
0.020113
0.0206947
0.0212483
0.02193
0.0226797
0.0235639
0.0245098
0.0252607
0.0261127
0.0269929
0.0278531
0.0286298
0.0292512
0.0296338
0.029892
0.0299878
0.0300775
0.0327903
0.0352849
0.0384043
0.0418634
0.0456053
0.0497179
0.0536568
0.058541
0.0638497
0.0696013
0.0782833
0.0850677
0.0915255
0.0901154
0.0844225
0.0762597
0.0668389
0.0557388
0.0461312
0.0486098
0.0514889
0.0538311
0.0671645
0.0824577
0.0961079
0.107906
0.117969
0.126312
0.133993
0.139036
0.142661
0.14498
0.14609
0.147002
0.146088
0.144371
0.141958
0.138955
0.13622
0.132323
0.128115
0.12367
0.119056
0.114326
0.110139
0.105298
0.100469
0.0956823
0.0909689
0.0868326
0.0822959
0.0778881
0.0736212
0.0694781
0.0658445
0.0619817
0.0582882
0.0547672
0.051416
0.0482001
0.0453286
0.0423008
0.0394292
0.0367483
0.0342207
0.0319884
0.0297295
0.0275873
0.0255516
0.0236143
0.0218688
0.0201286
0.0194182
0.0193979
0.0193007
0.0193053
0.0195529
0.019399
0.0191042
0.0187677
0.0184137
0.0182455
0.0178147
0.0173252
0.0167725
0.0163093
0.0162221
0.01596
0.015686
0.0154919
0.0153607
0.0152029
0.0152209
0.0152486
0.0152283
0.0152445
0.0152092
0.0150827
0.0147088
0.0143844
0.0141956
0.0142336
0.0146402
0.0149709
0.0150629
0.0149953
0.0147998
0.014521
0.0142664
0.0138478
0.0133882
0.0129798
0.0127058
0.0125456
0.0123816
0.0124615
0.0125056
0.0126207
0.0128872
0.0131322
0.0133127
0.013481
0.0136814
0.0138882
0.0140539
0.0142502
0.0144282
0.0145908
0.0146725
0.0146937
0.0147267
0.0147427
0.0147433
0.0149634
0.000754237
0.0020052
0.0129952
0.0224812
0.02744
0.0251
0.0235212
0.0200898
0.01527
0.00941893
0.0181432
0.0261249
0.034066
0.0417174
0.0488781
0.055448
0.0641949
0.0691588
0.0731401
0.0779915
0.0844685
0.0949777
0.099994
0.107291
0.119554
0.131777
0.15022
0.16194
0.17313
0.183636
0.193323
0.202036
0.215993
0.222412
0.227629
0.231571
0.234216
0.241216
0.241135
0.239833
0.237353
0.233799
0.233788
0.228043
0.221459
0.214101
0.206006
0.19719
0.190677
0.180286
0.169254
0.157572
0.145222
0.139873
0.142253
0.14476
0.147195
0.149364
0.153345
0.154188
0.154067
0.152907
0.15066
0.147364
0.156605
0.167936
0.178096
0.18701
0.194533
0.202974
0.20731
0.209889
0.210724
0.209837
0.210445
0.206508
0.201207
0.194737
0.187422
0.179477
0.174459
0.165654
0.156587
0.147364
0.138079
0.131918
0.12263
0.113451
0.104449
0.0956868
0.0898384
0.0814828
0.0734084
0.0656528
0.0583008
0.0513561
0.0468862
0.0406755
0.0348554
0.0330386
0.0352522
0.0373805
0.0393536
0.041158
0.0427642
0.0441362
0.0453472
0.0462373
0.0468641
0.0472023
0.0471847
0.0468037
0.0463357
0.0453218
0.0457771
0.0463187
0.0466999
0.0469385
0.0469702
0.0467833
0.0464277
0.0461615
0.0487365
0.0520028
0.0551828
0.0582063
0.0610787
0.0637508
0.0657091
0.0679383
0.0698771
0.0714932
0.0727527
0.0734151
0.0739214
0.0739711
0.0735454
0.072635
0.0713545
0.0694226
0.0669121
0.0637814
0.0715681
0.0802239
0.088295
0.0980306
0.108404
0.119408
0.156928
0.167276
0.180222
0.185144
0.185952
0.183356
0.176327
0.169243
0.160781
0.151245
0.140852
0.129725
0.115818
0.107295
0.119526
0.131413
0.142617
0.151141
0.159917
0.167106
0.172543
0.187009
0.217183
0.243265
0.267518
0.2897
0.30963
0.327231
0.344796
0.357629
0.368174
0.376516
0.382745
0.389094
0.391404
0.391942
0.390842
0.388218
0.386133
0.380868
0.374505
0.36714
0.358895
0.349859
0.341751
0.331329
0.323051
0.323546
0.323146
0.324475
0.322401
0.319544
0.315937
0.31161
0.309217
0.30362
0.29746
0.290761
0.283594
0.275985
0.270468
0.262103
0.253416
0.244448
0.23528
0.228258
0.218734
0.209121
0.199453
0.18977
0.182208
0.172529
0.162936
0.15348
0.144162
0.135018
0.127836
0.118966
0.110317
0.10194
0.093868
0.0875611
0.0799936
0.0727161
0.0657214
0.0590001
0.053769
0.0476086
0.0417797
0.0362881
0.0327752
0.0303722
0.0307619
0.0310545
0.0312001
0.0311532
0.0309547
0.0308266
0.0303037
0.0296421
0.0288774
0.0280289
0.0273724
0.0264123
0.0254223
0.0243896
0.0233079
0.0222471
0.0214156
0.020363
0.0193377
0.018363
0.0174687
0.0168614
0.0161317
0.015459
0.0148257
0.0142781
0.0139357
0.0135579
0.0133067
0.0132143
0.0132439
0.0133092
0.0135148
0.0137627
0.0140375
0.0143617
0.0147196
0.0151475
0.0156484
0.0161837
0.0166732
0.018023
0.0208827
0.0245112
0.0284218
0.0326145
0.0370552
0.0417704
0.0460137
0.0512402
0.0567546
0.0625619
0.0686031
0.0740312
0.0583006
0.0659018
0.0740722
0.0702731
0.057771
0.0511134
0.0594211
0.077473
0.0939202
0.108427
0.120221
0.130457
0.138563
0.150641
0.172879
0.194648
0.213611
0.230702
0.245817
0.258906
0.270937
0.279933
0.286945
0.292025
0.295224
0.29665
0.297174
0.29532
0.292042
0.287445
0.281626
0.275299
0.267376
0.258619
0.249143
0.239064
0.228794
0.217747
0.206388
0.194806
0.183091
0.171325
0.15955
0.147863
0.13632
0.124998
0.116322
0.11241
0.106582
0.100787
0.0950622
0.0894601
0.085552
0.0803027
0.0753397
0.0707185
0.0664757
0.0626504
0.0602737
0.0573057
0.0548395
0.0529042
0.0515247
0.0519852
0.0549893
0.0580302
0.0611521
0.0643296
0.0675795
0.0707645
0.0738638
0.0767791
0.0793835
0.0815715
0.0833649
0.0844246
0.084747
0.0842989
0.083117
0.0817837
0.0793894
0.0765102
0.0732766
0.0697752
0.0667563
0.0629518
0.0590459
0.0551037
0.051158
0.047241
0.0444887
0.043521
0.0424228
0.0412134
0.0399087
0.0393024
0.0377604
0.0360864
0.0343123
0.0324144
0.031191
0.0291096
0.0269448
0.0246976
0.0224072
0.0200566
0.0182654
0.015679
0.0130922
0.0108707
0.0103302
0.0106509
0.013628
0.0168159
0.0202054
0.0238152
0.02699
0.0311089
0.0355095
0.040179
0.0450892
0.0502524
0.0548945
0.060657
0.0667208
0.0730734
0.0796577
0.0854751
0.0923853
0.0994789
0.12356
0.131522
0.138515
0.147293
0.151542
0.152432
0.151038
0.147974
0.142482
0.137054
0.130771
0.123836
0.116387
0.108713
0.104832
0.10048
0.0957068
0.0905634
0.0838871
0.0781414
0.072173
0.065998
0.0596968
0.0534028
0.0458665
0.0398008
0.0338751
0.0285757
0.0299509
0.0320746
0.0328103
0.0331501
0.0331711
0.032949
0.0334984
0.0329276
0.0321935
0.0313452
0.0303554
0.0301339
0.0318541
0.0322947
0.0325462
0.0326648
0.0326377
0.0335374
0.0332843
0.0329536
0.0325829
0.0321846
0.0327084
0.0321947
0.031532
0.0307549
0.0299366
0.0291148
0.0291508
0.0283388
0.027551
0.0267937
0.0260809
0.0261013
0.0254422
0.0248874
0.0244385
0.0240733
0.0243204
0.0240279
0.0237261
0.023367
0.0229905
0.023201
0.0239714
0.024924
0.0256266
0.0260947
0.0263481
0.0262615
0.0262794
0.0261918
0.0259817
0.0255335
0.0248581
0.0240773
0.0241215
0.0246055
0.0251737
0.0258925
0.0264944
0.0271612
0.0277778
0.0283103
0.0287743
0.0291574
0.0295424
0.0299504
0.0302882
0.0305373
0.0306674
0.0306858
0.0306191
0.030469
0.0301277
0.0296877
0.029262
0.0286553
0.0278679
0.0268321
0.0290327
0.031908
0.0355469
0.0395647
0.0438891
0.0485844
0.0530305
0.0585239
0.0643746
0.0706862
0.0800031
0.0873351
0.0941591
0.0931199
0.087711
0.0797233
0.0703626
0.0592994
0.0494683
0.0436429
0.0468594
0.061948
0.0806257
0.0965858
0.110712
0.122874
0.133067
0.141321
0.148742
0.153319
0.156293
0.15779
0.157965
0.157922
0.155831
0.152917
0.149329
0.145154
0.141371
0.136301
0.130944
0.125354
0.119599
0.113719
0.108554
0.102664
0.0968734
0.0912122
0.0857024
0.0809012
0.0756347
0.0705291
0.065611
0.0608962
0.0568169
0.0524959
0.0483615
0.0444427
0.0407521
0.0372803
0.0342724
0.0311889
0.0282804
0.0255157
0.0228903
0.0205696
0.018207
0.0159847
0.0139588
0.0121203
0.0105372
0.00901753
0.00903443
0.00980887
0.0105208
0.0113684
0.0120811
0.0132656
0.0143728
0.0153582
0.0163522
0.017022
0.0179348
0.0187136
0.019395
0.0199872
0.0202474
0.0206674
0.0210397
0.021308
0.0215728
0.021907
0.022059
0.0223477
0.0225994
0.0227973
0.0229385
0.0228861
0.0227163
0.0224161
0.022017
0.0216095
0.0211957
0.0207736
0.0203115
0.0198308
0.0199092
0.0199648
0.0199577
0.0197844
0.0195335
0.0193568
0.0194142
0.0196058
0.0197385
0.0197906
0.0197589
0.0197004
0.0196368
0.0193761
0.0191495
0.0193086
0.0195889
0.0197616
0.0198539
0.0198521
0.0197692
0.019743
0.0199203
0.0202263
0.0205803
0.0207829
0.020898
0.0209343
0.000754178
0.00203577
0.0131033
0.0225752
0.0275064
0.0251638
0.0236064
0.020256
0.0155947
0.00995946
0.0161566
0.0235342
0.0309728
0.0383105
0.0453114
0.0517268
0.0602582
0.0648003
0.0682705
0.0739652
0.0799296
0.0898854
0.0941115
0.104415
0.115719
0.12672
0.143875
0.153932
0.163295
0.171889
0.179576
0.186328
0.198637
0.203351
0.207021
0.209656
0.211253
0.217558
0.216908
0.215301
0.21279
0.209421
0.209712
0.204424
0.198381
0.191619
0.184138
0.175945
0.169906
0.159915
0.149027
0.137239
0.124517
0.11789
0.121025
0.124008
0.126593
0.128599
0.132239
0.132618
0.132072
0.130586
0.132265
0.14388
0.156247
0.165197
0.172718
0.178719
0.183194
0.188973
0.190462
0.190476
0.189076
0.186381
0.185792
0.180806
0.174893
0.168253
0.162088
0.15606
0.151609
0.144749
0.137672
0.1305
0.123305
0.118161
0.111024
0.103996
0.0971026
0.0903483
0.0855652
0.0790855
0.0727724
0.0666286
0.0606546
0.0548503
0.0507448
0.0452367
0.0398972
0.0347215
0.0297386
0.0263933
0.028833
0.0311193
0.0331742
0.0350013
0.0364861
0.0380705
0.0395076
0.040752
0.0418388
0.0427761
0.0435054
0.0441692
0.0446903
0.0450423
0.0451843
0.045221
0.0450907
0.0448109
0.0443612
0.0437381
0.043103
0.0439822
0.0461583
0.0482328
0.0502067
0.0520435
0.0533246
0.0548166
0.0560182
0.0569231
0.0575351
0.0576948
0.0576903
0.0572832
0.0564367
0.0551085
0.0534894
0.0521625
0.0596016
0.067479
0.0758079
0.0846062
0.0927533
0.102505
0.112794
0.123636
0.16094
0.171068
0.183733
0.188375
0.188839
0.185883
0.178608
0.171307
0.16268
0.153052
0.142601
0.131478
0.117635
0.105484
0.115797
0.127423
0.138353
0.146683
0.155289
0.162382
0.167697
0.175453
0.205947
0.232409
0.257055
0.279667
0.300096
0.318245
0.336316
0.349713
0.360752
0.369551
0.376211
0.382907
0.385608
0.386552
0.385865
0.383672
0.381957
0.3771
0.371122
0.36412
0.356204
0.347472
0.339627
0.329503
0.320465
0.321031
0.320722
0.322139
0.320159
0.317393
0.313895
0.309685
0.307382
0.301876
0.295797
0.289171
0.28206
0.274493
0.269008
0.26067
0.252001
0.243047
0.233883
0.226851
0.217304
0.207656
0.197932
0.188186
0.180558
0.170786
0.161068
0.15147
0.142006
0.132715
0.125421
0.116466
0.107741
0.0992428
0.0910288
0.084606
0.0769385
0.0695964
0.0625697
0.0558803
0.0507249
0.0446689
0.0389588
0.0349688
0.0325752
0.0304154
0.0307796
0.0307
0.0304693
0.0300927
0.0295949
0.0292613
0.0285747
0.027821
0.0270104
0.0261591
0.0255303
0.0246105
0.0236766
0.0227507
0.0218181
0.0209007
0.0202254
0.0193704
0.018533
0.0177465
0.0170236
0.0165043
0.0158617
0.0153059
0.0152609
0.0155164
0.0156551
0.0158045
0.0159365
0.0160644
0.0161232
0.0161016
0.0159825
0.0157941
0.0154809
0.0150694
0.0147684
0.0150765
0.0153865
0.0157221
0.0160889
0.017897
0.0209481
0.0248152
0.0290005
0.0334846
0.0382116
0.0432398
0.0477789
0.0533461
0.0591861
0.0652764
0.0716213
0.0773332
0.0619243
0.0698512
0.0783291
0.0748367
0.0625998
0.0547123
0.0596189
0.0757564
0.0921002
0.106569
0.118375
0.12865
0.136789
0.14335
0.16533
0.186899
0.205663
0.222595
0.237587
0.250592
0.262574
0.271527
0.278493
0.283529
0.286698
0.288112
0.288639
0.286782
0.283502
0.278915
0.273139
0.266872
0.259042
0.250404
0.241066
0.231131
0.220996
0.210119
0.198938
0.187538
0.176014
0.164447
0.152851
0.141373
0.130078
0.119059
0.112263
0.108397
0.102655
0.0969785
0.0914115
0.0860057
0.0822869
0.0772699
0.0725678
0.0682271
0.0642778
0.0607553
0.0586591
0.0560278
0.0539107
0.0523283
0.0512965
0.0532646
0.0563315
0.0593883
0.0624451
0.0655097
0.0686311
0.0716047
0.074422
0.0769835
0.0791268
0.0807767
0.0820539
0.0825268
0.0823015
0.0813606
0.0797763
0.0781834
0.0755805
0.0725642
0.0692335
0.0656539
0.0625856
0.0587713
0.0549027
0.051039
0.0472153
0.0434728
0.043197
0.0423666
0.041398
0.0402909
0.0390167
0.0383432
0.0366946
0.0349453
0.0330361
0.0309275
0.0294952
0.0271722
0.0247783
0.0223365
0.0198469
0.0173472
0.0155597
0.0130566
0.0127745
0.0125864
0.0132775
0.0154101
0.0183489
0.0215187
0.0249733
0.0287979
0.0321918
0.0365564
0.0411942
0.0460947
0.0512447
0.0566319
0.0614329
0.0673021
0.073402
0.0797265
0.0862774
0.0921145
0.0990907
0.106268
0.130435
0.138455
0.14547
0.154226
0.158396
0.159174
0.157603
0.154304
0.148561
0.142808
0.13618
0.128788
0.120759
0.111071
0.102152
0.092992
0.0837138
0.0744253
0.0639796
0.0585121
0.0532749
0.0481351
0.043119
0.0382796
0.0320469
0.0275394
0.0234375
0.0196483
0.0162139
0.014398
0.0167227
0.0196565
0.0221007
0.0241254
0.0272846
0.028383
0.0291382
0.0295789
0.0297058
0.029622
0.0307839
0.0303769
0.0298311
0.0290867
0.0281913
0.0284106
0.0272851
0.026071
0.0247484
0.0233826
0.0230521
0.0216638
0.0202976
0.019823
0.0198137
0.0197352
0.0207156
0.0203926
0.0199632
0.0194719
0.0189491
0.0194125
0.0187367
0.0179334
0.0170127
0.0160143
0.0159036
0.0147903
0.0135748
0.0124315
0.0113321
0.0101897
0.00967827
0.00853535
0.00775244
0.00712299
0.00792307
0.00864575
0.00945937
0.0102458
0.0110385
0.0118745
0.0125957
0.0134351
0.0143529
0.0153653
0.0162483
0.0170197
0.0177588
0.0186285
0.0194615
0.0202961
0.0211617
0.0219017
0.0226832
0.0233738
0.0239535
0.0245147
0.0250441
0.0256998
0.0263876
0.0270789
0.0277206
0.0282048
0.0284558
0.0290903
0.0314203
0.0340283
0.0369006
0.0396554
0.0430378
0.0466018
0.0504463
0.054627
0.0585838
0.0634809
0.068837
0.0746414
0.0833455
0.0901012
0.0964762
0.0950155
0.089282
0.0810728
0.0715692
0.0603328
0.0504869
0.0462527
0.0495649
0.0529469
0.0711536
0.0866494
0.100494
0.112601
0.122982
0.131708
0.139741
0.145143
0.148988
0.151405
0.152548
0.153425
0.15243
0.150602
0.148117
0.14506
0.142269
0.138315
0.134059
0.129553
0.12488
0.120094
0.115849
0.110924
0.105982
0.101029
0.0961068
0.0917628
0.086978
0.0822976
0.0777355
0.0732997
0.0694088
0.065228
0.061189
0.0573036
0.0535751
0.0499984
0.0468719
0.043613
0.0404966
0.0375444
0.0347655
0.0323159
0.029817
0.0274402
0.025194
0.0243692
0.0247469
0.0248033
0.0247534
0.0247285
0.0248168
0.0248158
0.0249027
0.0245791
0.0240914
0.0234779
0.0227905
0.0223123
0.0216715
0.0212844
0.0209773
0.0206354
0.0205547
0.020383
0.0202062
0.0200046
0.0197006
0.0193034
0.0190232
0.0185025
0.0180611
0.0178139
0.0175702
0.017429
0.0171452
0.0168204
0.0164669
0.0160907
0.0159014
0.0156974
0.0154935
0.0151117
0.0144953
0.0140639
0.0140458
0.013887
0.013664
0.0133812
0.0130269
0.0127279
0.0124052
0.0121444
0.0118718
0.0115447
0.0111863
0.0106675
0.0105639
0.0105775
0.010599
0.0106117
0.0105923
0.0106041
0.010662
0.010728
0.0108145
0.010904
0.0110584
0.0112212
0.0113732
0.0115069
0.000754178
0.00203577
0.0131033
0.0225752
0.0275064
0.0251638
0.0236064
0.020256
0.0155947
0.00995946
0.0161566
0.0235342
0.0309728
0.0383105
0.0453114
0.0517268
0.0602582
0.0648003
0.0682705
0.0739651
0.079924
0.0898879
0.0941403
0.104261
0.115681
0.126932
0.144393
0.1549
0.164808
0.17401
0.182365
0.189737
0.202526
0.207684
0.211687
0.214566
0.216264
0.222577
0.221834
0.220055
0.217243
0.213483
0.21338
0.207659
0.201169
0.193947
0.186009
0.177382
0.171027
0.160806
0.14988
0.138202
0.125707
0.122793
0.125487
0.128157
0.130534
0.132387
0.135947
0.136229
0.135615
0.134064
0.138266
0.150566
0.163549
0.173182
0.181377
0.188051
0.193167
0.19951
0.201746
0.202479
0.201634
0.19934
0.198978
0.194197
0.188371
0.18169
0.174377
0.166603
0.161848
0.153494
0.14503
0.136511
0.127984
0.122513
0.115159
0.107891
0.100716
0.0936792
0.0886523
0.0819031
0.0753139
0.0688554
0.0625388
0.0563822
0.0519768
0.0461331
0.0404726
0.0350102
0.0297606
0.0270093
0.0290429
0.0309807
0.0328075
0.0345203
0.0359047
0.0374127
0.0388453
0.0401854
0.0413888
0.0424099
0.0432058
0.0438907
0.0444121
0.0447349
0.0448672
0.0449303
0.0448365
0.0445894
0.0441787
0.0436078
0.0430151
0.0440662
0.0467373
0.0492731
0.0516513
0.0538446
0.0553883
0.0571477
0.0586356
0.0598006
0.0605876
0.0608619
0.0609182
0.0604795
0.0595477
0.0581158
0.0563835
0.0539904
0.0510673
0.0572053
0.0651373
0.0736008
0.081487
0.0909747
0.101073
0.111784
0.149003
0.159115
0.171858
0.176608
0.17719
0.174381
0.167236
0.160066
0.151569
0.142067
0.131769
0.120803
0.107114
0.102236
0.114191
0.125942
0.13703
0.145505
0.154252
0.161468
0.16696
0.1771
0.207227
0.23326
0.257482
0.279674
0.299686
0.31741
0.335103
0.348072
0.35874
0.367191
0.373517
0.379926
0.382293
0.382875
0.381819
0.379264
0.377254
0.372081
0.365804
0.358519
0.350349
0.341397
0.33339
0.323108
0.312873
0.313544
0.31335
0.314871
0.31303
0.310409
0.307055
0.302992
0.300826
0.295494
0.289605
0.283182
0.276285
0.268937
0.263644
0.25553
0.247105
0.238412
0.229523
0.222743
0.213491
0.204145
0.194744
0.185342
0.178037
0.168655
0.159342
0.150156
0.141094
0.132195
0.125249
0.116712
0.108426
0.100365
0.092562
0.0864638
0.0791306
0.0720953
0.0653584
0.0589364
0.0539897
0.04817
0.0426921
0.0375248
0.0329305
0.0304704
0.0293508
0.0292708
0.0290751
0.0287686
0.0284055
0.0282166
0.0276782
0.0270538
0.0263739
0.0256454
0.0251172
0.0243028
0.023434
0.0225392
0.0216206
0.0207416
0.0201033
0.0192776
0.0184826
0.0177439
0.0171041
0.016745
0.0163284
0.0159625
0.0156062
0.015284
0.0151037
0.0148759
0.0147229
0.0146336
0.0146154
0.014712
0.0148909
0.0151095
0.0153773
0.0157086
0.0160642
0.016445
0.0168308
0.0172211
0.0175778
0.0179206
0.0187335
0.0223421
0.0262296
0.0304124
0.034884
0.0396599
0.0439614
0.0492629
0.054882
0.0608134
0.0669894
0.072533
0.0569195
0.0646428
0.0729129
0.0692058
0.0567885
0.0534675
0.0594188
0.0775474
0.0941195
0.108846
0.120904
0.131437
0.139801
0.149857
0.17187
0.19347
0.212271
0.229228
0.244242
0.257268
0.269279
0.278263
0.285255
0.290306
0.293488
0.294923
0.295479
0.293671
0.290449
0.285896
0.280119
0.273831
0.26595
0.257229
0.247768
0.237669
0.227353
0.216249
0.204833
0.193197
0.181435
0.169637
0.15784
0.146138
0.134607
0.123308
0.114817
0.110952
0.105181
0.0994492
0.0937956
0.0882754
0.084441
0.0792796
0.0744144
0.0698847
0.0657238
0.0619825
0.059678
0.0567934
0.0544184
0.0525882
0.0513365
0.0542597
0.0573355
0.0603909
0.0634721
0.0665655
0.0697064
0.0727231
0.0756212
0.0782843
0.0805737
0.0823832
0.0838072
0.0844085
0.0842653
0.0833772
0.081789
0.080136
0.0774329
0.074306
0.0708648
0.0671961
0.0640692
0.0602056
0.0563238
0.0524849
0.0487121
0.04652
0.0468882
0.0462931
0.0455664
0.0447128
0.0437292
0.0434097
0.0422293
0.0409435
0.0395353
0.0380222
0.0371156
0.0353242
0.0334085
0.0313188
0.0290983
0.0268324
0.0251567
0.0227027
0.0201611
0.0174511
0.0145779
0.012555
0.0137649
0.0164446
0.0203842
0.0244886
0.0280508
0.0325633
0.0372828
0.0422253
0.0474297
0.0528559
0.0576354
0.063408
0.0693854
0.0755991
0.0821591
0.0880683
0.0951097
0.102267
0.126283
0.1341
0.140897
0.149358
0.153173
0.153577
0.151601
0.147838
0.141709
0.135574
0.128618
0.120983
0.112857
0.103204
0.0945637
0.085936
0.0798282
0.0738414
0.066524
0.0601752
0.0537923
0.0474755
0.0412861
0.0353354
0.0281985
0.022751
0.0176524
0.0158019
0.0167047
0.0183225
0.0184858
0.0183427
0.0186438
0.0192099
0.0206964
0.0207048
0.0205402
0.0203202
0.0200198
0.0196255
0.0204437
0.020748
0.0209198
0.0209564
0.0209085
0.022511
0.0223187
0.0220787
0.0217499
0.0214266
0.0226073
0.0222821
0.0218905
0.0214083
0.0208743
0.0203438
0.0210468
0.0204818
0.0199321
0.0192501
0.018448
0.0186945
0.0193025
0.019985
0.0204788
0.0208758
0.0216969
0.0220109
0.0223323
0.0226476
0.0229647
0.0232859
0.0239696
0.024317
0.0247069
0.0250663
0.0253546
0.0258671
0.0260358
0.0261626
0.026232
0.0261993
0.0263129
0.0261135
0.025892
0.02559
0.0252024
0.0247258
0.0244429
0.0238734
0.0232486
0.0225471
0.022036
0.0236186
0.0252064
0.0267136
0.0281385
0.0294763
0.030667
0.0316546
0.0324374
0.033016
0.0333707
0.0334924
0.0334694
0.0330982
0.0324825
0.031599
0.0306387
0.0296351
0.0291314
0.0324326
0.0360155
0.0399253
0.0437198
0.0485602
0.0540357
0.0601764
0.0693425
0.076672
0.0835873
0.0827054
0.0774324
0.0695142
0.0601157
0.0488236
0.0401661
0.0434336
0.0461794
0.0550602
0.0739945
0.0901543
0.104558
0.11709
0.127676
0.136347
0.144186
0.149298
0.152851
0.154922
0.155681
0.156201
0.154781
0.152499
0.14949
0.145888
0.142618
0.138112
0.133307
0.128272
0.123051
0.117683
0.112919
0.107449
0.102051
0.0967329
0.091513
0.0869569
0.0819364
0.0770297
0.0722824
0.0676989
0.0637001
0.0594445
0.0553123
0.0513039
0.047453
0.0437702
0.0405241
0.037089
0.0337961
0.0306523
0.0276097
0.0248933
0.0220849
0.0212336
0.0213307
0.0215569
0.0219533
0.0222397
0.0226511
0.023039
0.0234036
0.0237036
0.0240542
0.0241405
0.0241408
0.0240732
0.0239908
0.0240726
0.0238892
0.0238703
0.0240228
0.0238156
0.023515
0.0228336
0.0223586
0.022303
0.0222443
0.0222232
0.0220734
0.0220246
0.0219152
0.0218024
0.0217255
0.0215789
0.0214981
0.0213684
0.0212346
0.0211048
0.0208924
0.0207281
0.0206065
0.0204851
0.0203084
0.0200939
0.0198302
0.0195532
0.0192457
0.0189282
0.0186402
0.0183725
0.0181054
0.0178329
0.0175691
0.0173897
0.0172782
0.0172056
0.0171305
0.017042
0.0169185
0.0167611
0.0165506
0.0162753
0.0159576
0.0163718
0.0170485
0.0175694
0.018033
0.0183788
0.0186252
0.0187848
0.000754178
0.00203577
0.0131033
0.0225752
0.0275064
0.0251638
0.0236064
0.020256
0.0155947
0.00995946
0.0161566
0.0235342
0.0309728
0.0383105
0.0453114
0.0517268
0.0602582
0.0648003
0.0682705
0.0739651
0.079924
0.0898879
0.0941403
0.104261
0.115681
0.126932
0.144393
0.1549
0.164808
0.17401
0.182365
0.189737
0.202526
0.207684
0.211687
0.214566
0.216264
0.222577
0.221834
0.220055
0.217243
0.213483
0.21338
0.207652
0.201135
0.193887
0.185901
0.177161
0.170681
0.160288
0.149142
0.137213
0.124427
0.122606
0.125255
0.127891
0.130253
0.132099
0.135646
0.135903
0.135215
0.133583
0.140382
0.152905
0.166121
0.176047
0.184719
0.192149
0.198454
0.206209
0.210278
0.212882
0.213845
0.213168
0.214109
0.210722
0.206167
0.200607
0.194225
0.187156
0.182857
0.174804
0.166387
0.157692
0.148787
0.142836
0.133647
0.124428
0.115231
0.1061
0.0998125
0.0908317
0.0820192
0.0734201
0.0650803
0.0570388
0.0515522
0.0510722
0.053341
0.0554782
0.0574821
0.0593879
0.061079
0.0625696
0.0638268
0.0648149
0.0656319
0.0659356
0.0657811
0.0651554
0.0640835
0.0634137
0.0627697
0.0618138
0.060619
0.059195
0.0576319
0.0561441
0.0542252
0.0522122
0.0522612
0.0553734
0.057724
0.0606797
0.0634982
0.0661737
0.0686545
0.0709083
0.0724645
0.0742221
0.0756822
0.076812
0.0775736
0.0777889
0.077766
0.0772459
0.0762168
0.0746604
0.0727855
0.070187
0.0687585
0.0763231
0.0843175
0.0927718
0.1006
0.109992
0.119922
0.130445
0.167498
0.177435
0.189911
0.194304
0.194517
0.191335
0.183826
0.176279
0.167374
0.157395
0.146642
0.135173
0.120926
0.113217
0.124876
0.136248
0.146991
0.155116
0.163479
0.170281
0.175364
0.181267
0.211052
0.236671
0.26044
0.282158
0.301676
0.318882
0.336131
0.348578
0.358683
0.366595
0.372408
0.378405
0.380319
0.380493
0.379079
0.376202
0.373933
0.368497
0.361975
0.354449
0.346037
0.336849
0.328631
0.318121
0.307078
0.30711
0.306581
0.307812
0.305638
0.302706
0.299074
0.294751
0.292374
0.286819
0.280713
0.274086
0.267015
0.259525
0.254118
0.245887
0.237355
0.228565
0.219582
0.212728
0.203405
0.193997
0.184529
0.175059
0.167702
0.158262
0.148892
0.139648
0.130538
0.121595
0.114609
0.10603
0.0976959
0.0895825
0.08174
0.0756318
0.0683095
0.0612956
0.0545899
0.0481947
0.0432475
0.0374334
0.0330883
0.0334697
0.0337676
0.0338493
0.0339807
0.0336117
0.0330782
0.0323824
0.0315666
0.0309507
0.0299347
0.0288476
0.0277161
0.0265352
0.0256307
0.0244108
0.0231971
0.0220057
0.0208339
0.0197255
0.018909
0.0179033
0.0169553
0.016107
0.0153596
0.0148272
0.014167
0.0136118
0.0131737
0.0128194
0.0126373
0.0124503
0.0123562
0.01233
0.0123615
0.0124698
0.0126546
0.0128909
0.0131893
0.0135704
0.0139918
0.0144171
0.0148654
0.0153373
0.0161803
0.0194079
0.0223428
0.0260704
0.0300612
0.0343504
0.0389393
0.0438073
0.0481775
0.0535583
0.0592172
0.0651546
0.0713654
0.0769575
0.0614162
0.0691946
0.0775454
0.0739463
0.061609
0.0550051
0.0597293
0.0770047
0.0934841
0.108133
0.120124
0.130618
0.138958
0.145201
0.166289
0.187868
0.206645
0.223572
0.238538
0.251498
0.263428
0.272307
0.279193
0.28413
0.28719
0.288486
0.288896
0.286903
0.283485
0.278749
0.272797
0.266365
0.258326
0.249429
0.239802
0.229568
0.219168
0.207997
0.19654
0.184869
0.173069
0.161253
0.14948
0.137846
0.126435
0.117946
0.112061
0.107949
0.101932
0.095997
0.090183
0.0845559
0.0806775
0.0755192
0.0707114
0.0663025
0.0623222
0.0588115
0.05675
0.054168
0.0521111
0.0506028
0.0513842
0.0544207
0.057321
0.0602515
0.0632257
0.0662026
0.0692367
0.0720804
0.0747342
0.077046
0.0789118
0.0802201
0.0811675
0.0811939
0.0805068
0.0791529
0.077211
0.0753436
0.0725129
0.0693565
0.0659598
0.062372
0.0593297
0.0555541
0.0517276
0.0479154
0.0441428
0.0433708
0.0435104
0.0426727
0.0416959
0.0405772
0.0392865
0.0386411
0.0370554
0.0353446
0.0334897
0.0313767
0.0298699
0.0274075
0.0248473
0.0221853
0.0194859
0.016724
0.0157114
0.015518
0.015167
0.0146883
0.0155269
0.0178649
0.0210107
0.0244717
0.0281296
0.031944
0.0352056
0.039223
0.0433891
0.0477323
0.0522736
0.0570505
0.0613089
0.0665355
0.0720141
0.0777633
0.0837701
0.0891419
0.095585
0.10218
0.125746
0.133187
0.139734
0.147999
0.151698
0.152016
0.149988
0.146227
0.140079
0.133845
0.126708
0.118861
0.110457
0.100484
0.0912548
0.0818136
0.0722959
0.0643182
0.0587827
0.0546507
0.0506115
0.0466405
0.0429119
0.0391822
0.0340791
0.0312917
0.0287163
0.026229
0.0264295
0.0293048
0.0309224
0.0321368
0.0329403
0.0334437
0.0345965
0.0346533
0.0345672
0.0343
0.0337751
0.0330317
0.0328429
0.0316703
0.0303227
0.0288171
0.0271747
0.026124
0.0242669
0.024376
0.0253372
0.0260824
0.0275242
0.0279099
0.0281086
0.0281093
0.0278543
0.0273846
0.0276082
0.0268907
0.0260633
0.0250809
0.0240148
0.023642
0.0224684
0.0212834
0.0200332
0.0187508
0.0180981
0.0166821
0.0152657
0.0138851
0.0125681
0.0113364
0.0109122
0.00981241
0.00883695
0.00795422
0.00726085
0.00690863
0.00596423
0.004956
0.00473256
0.00522537
0.00548963
0.00585129
0.00633506
0.00716767
0.00803678
0.00892583
0.00961771
0.0102215
0.0107853
0.0113735
0.012009
0.0125537
0.0131678
0.0138543
0.0146268
0.0154186
0.0161013
0.0167523
0.017307
0.0177525
0.0180792
0.0182894
0.0187904
0.0207085
0.0228697
0.0253275
0.0280374
0.0306072
0.03386
0.0374619
0.0414138
0.0457291
0.0498391
0.0549247
0.0604754
0.0665718
0.0755347
0.0824619
0.0888675
0.0873034
0.0813333
0.0728917
0.063221
0.051883
0.0423069
0.0463759
0.0498948
0.0528946
0.0710233
0.0866442
0.100717
0.113117
0.123784
0.132741
0.140947
0.146598
0.150741
0.153481
0.154969
0.156165
0.155562
0.15413
0.151991
0.149251
0.146722
0.143055
0.139063
0.134836
0.130416
0.125855
0.121806
0.117108
0.112397
0.10769
0.103007
0.0988658
0.094292
0.0898091
0.0854343
0.0811713
0.0774123
0.0733644
0.0694319
0.0656348
0.0619879
0.0584917
0.0554152
0.0522106
0.0491585
0.046264
0.0435215
0.0411012
0.0385739
0.0360534
0.0336167
0.0313185
0.0293185
0.0273458
0.0255081
0.0238028
0.0221917
0.0206716
0.0192773
0.0179085
0.0166365
0.0154454
0.0144802
0.0139295
0.013151
0.0124097
0.0116965
0.0110061
0.0105755
0.00995237
0.00935766
0.00878739
0.0082491
0.00775176
0.00745872
0.00701693
0.00660041
0.00625277
0.0066964
0.00699256
0.00743528
0.00787362
0.00829266
0.00868608
0.00893205
0.00928609
0.0096513
0.0100425
0.0104715
0.0109174
0.0112667
0.0117114
0.0121434
0.0125621
0.0129613
0.0132592
0.0136231
0.0139656
0.014275
0.0145316
0.0146843
0.0148618
0.0150131
0.0151271
0.0151973
0.0152258
0.0151787
0.015089
0.0149648
0.0148259
0.0146701
0.0144988
0.0142918
0.0141023
0.013927
0.0137382
0.000754178
0.00203577
0.0131033
0.0225752
0.0275064
0.0251638
0.0236064
0.020256
0.0155947
0.00995946
0.0161566
0.0235342
0.0309728
0.0383105
0.0453114
0.0517268
0.0602582
0.0648003
0.0682705
0.0739651
0.079924
0.0898879
0.0941403
0.104261
0.115681
0.126932
0.144393
0.1549
0.164808
0.17401
0.182365
0.189737
0.202526
0.207684
0.211687
0.214567
0.216271
0.222578
0.221822
0.220028
0.217217
0.213461
0.213342
0.207593
0.201093
0.193866
0.185955
0.177365
0.171039
0.160801
0.14981
0.138031
0.125403
0.12486
0.127695
0.13046
0.132907
0.134784
0.138305
0.138487
0.137734
0.136064
0.139206
0.151778
0.165061
0.175111
0.183826
0.191192
0.197097
0.20424
0.20745
0.209187
0.209369
0.208085
0.208595
0.204768
0.199805
0.193918
0.187222
0.179776
0.175133
0.166721
0.158024
0.149137
0.140146
0.134202
0.125118
0.116106
0.1072
0.0984388
0.0925384
0.0852059
0.0781631
0.0712779
0.0645442
0.0579573
0.0531568
0.0468417
0.0407044
0.0365366
0.0393325
0.0414979
0.0438104
0.0459451
0.0478773
0.0494724
0.0505965
0.0516955
0.0526028
0.0533175
0.0538263
0.0541378
0.0542613
0.0541906
0.053993
0.0536359
0.0531215
0.0525823
0.0517691
0.050786
0.0495938
0.0482219
0.0469743
0.0496559
0.0522692
0.0547716
0.0571556
0.059393
0.0610185
0.0629285
0.0645766
0.0659062
0.0669127
0.0673929
0.0677206
0.0676354
0.0671166
0.0661501
0.0648269
0.062918
0.0704895
0.0784336
0.0867973
0.0955975
0.103708
0.113391
0.123585
0.134301
0.171432
0.181365
0.193789
0.198188
0.198471
0.195353
0.187869
0.180247
0.171232
0.161167
0.15023
0.138576
0.12419
0.112616
0.124378
0.135827
0.146623
0.154785
0.163198
0.170049
0.175133
0.186755
0.217058
0.24326
0.267609
0.289891
0.309956
0.3277
0.345402
0.358393
0.369073
0.377515
0.383797
0.390169
0.392492
0.393029
0.391916
0.389284
0.387176
0.381865
0.37544
0.368002
0.359662
0.35051
0.342312
0.331795
0.321415
0.321923
0.321545
0.322899
0.320854
0.31802
0.314449
0.310171
0.30782
0.302277
0.296171
0.289524
0.282404
0.27484
0.269358
0.261027
0.252373
0.243443
0.234312
0.22732
0.217828
0.208249
0.198607
0.188958
0.181442
0.171829
0.162307
0.152929
0.143705
0.134674
0.127621
0.118957
0.110523
0.102298
0.0943388
0.0881253
0.0806721
0.0735227
0.0666662
0.0601068
0.0550633
0.0491213
0.0434821
0.0398583
0.0371868
0.0345783
0.0325559
0.0317825
0.0317693
0.0315652
0.0312231
0.0310158
0.0304546
0.0297908
0.0290514
0.0282589
0.0276783
0.0268132
0.0259151
0.0250036
0.0240584
0.0231151
0.0223901
0.0214467
0.0205071
0.019581
0.01868
0.0180308
0.0173123
0.0167113
0.0161754
0.015734
0.0155077
0.0152471
0.015115
0.0150684
0.0150961
0.0152002
0.0153649
0.0155657
0.0158018
0.0160821
0.0163778
0.0166865
0.0169828
0.0172649
0.0174747
0.017627
0.0177257
0.0189816
0.0228228
0.0269306
0.031298
0.0359464
0.0401198
0.045267
0.0507024
0.0564204
0.0624076
0.0677948
0.0520143
0.0595563
0.0676476
0.0637673
0.0512103
0.0533018
0.0622382
0.0805183
0.0972062
0.111991
0.124025
0.134521
0.142828
0.156827
0.178987
0.200697
0.219586
0.23658
0.251598
0.264598
0.276552
0.285452
0.292359
0.297329
0.300422
0.301746
0.302189
0.300231
0.296827
0.292074
0.286105
0.279646
0.271556
0.262605
0.252899
0.242566
0.232061
0.22075
0.209138
0.197301
0.185338
0.173337
0.161362
0.149456
0.137732
0.126261
0.115723
0.111771
0.105903
0.10008
0.0943476
0.0887508
0.0848541
0.0796259
0.0746912
0.0700944
0.0658663
0.0620455
0.0596717
0.0567123
0.0542572
0.0523488
0.051018
0.0521805
0.0552617
0.0583485
0.0614888
0.064664
0.0678966
0.0710482
0.0741043
0.0769736
0.0795633
0.0817345
0.0835055
0.0846351
0.0851663
0.0850105
0.0841842
0.0831783
0.0811813
0.0787081
0.0758355
0.072627
0.0698163
0.066209
0.0624595
0.0586353
0.0547664
0.0509072
0.0477057
0.0439422
0.0402691
0.0382176
0.0370551
0.0366213
0.0353249
0.0339825
0.0325352
0.0309313
0.0299194
0.028016
0.0260416
0.0239982
0.0218779
0.0196967
0.0181529
0.0158499
0.0134538
0.0133605
0.0145797
0.0168994
0.0199872
0.0232278
0.0266443
0.030297
0.0335054
0.0376335
0.0420115
0.0466145
0.0514585
0.0565787
0.0611534
0.0667838
0.0727038
0.0789069
0.0853858
0.0911549
0.0979971
0.105009
0.128995
0.136844
0.143719
0.152364
0.156501
0.157258
0.155669
0.152342
0.146568
0.140749
0.134027
0.126559
0.118544
0.108981
0.100231
0.09128
0.0822419
0.0736336
0.0667997
0.0611389
0.0554744
0.0498857
0.0444696
0.0393921
0.0331554
0.0288411
0.0249171
0.0214537
0.0182255
0.0154786
0.0145899
0.0148541
0.017322
0.019276
0.0223705
0.0235132
0.0243706
0.0249345
0.0251599
0.0251899
0.026466
0.0260635
0.0254635
0.0247586
0.0239143
0.0241666
0.0230833
0.0219441
0.0207216
0.0196752
0.0193147
0.0184405
0.0173836
0.0169149
0.0171238
0.0171432
0.0178043
0.0175555
0.017115
0.0165147
0.0157706
0.0159148
0.0155069
0.0149031
0.0141541
0.0133004
0.0133043
0.0123953
0.0114812
0.0104775
0.00928851
0.00811353
0.00780896
0.00758532
0.00838584
0.00921716
0.00996108
0.0104468
0.0107711
0.0110262
0.0113879
0.0119232
0.0124099
0.0129815
0.0135661
0.0141505
0.0147412
0.0153391
0.0159236
0.01683
0.017762
0.0186961
0.0196244
0.0204049
0.0212504
0.0221178
0.0230422
0.0240407
0.0249071
0.025837
0.0267654
0.0276127
0.0283132
0.0288363
0.0292057
0.0294894
0.0295272
0.0309588
0.0338811
0.0366689
0.0401409
0.0438581
0.0478934
0.0522745
0.0564069
0.0615274
0.067062
0.0730806
0.0820357
0.0890557
0.095656
0.0943853
0.0888106
0.0807396
0.0713738
0.060272
0.0506328
0.048349
0.0513947
0.0540875
0.0690388
0.0844474
0.0981957
0.110143
0.120349
0.128933
0.136868
0.142187
0.145999
0.14843
0.149626
0.150585
0.14973
0.148054
0.145707
0.142794
0.140167
0.136426
0.132388
0.128105
0.123626
0.119005
0.114891
0.110077
0.105225
0.100381
0.0955622
0.0913051
0.08663
0.0820736
0.0776827
0.0734443
0.0697217
0.0657201
0.0618342
0.0580776
0.0544605
0.050987
0.0479229
0.0447143
0.0416449
0.0387059
0.0358683
0.0332861
0.0305632
0.0279374
0.0254195
0.0230372
0.0209249
0.0201337
0.0196777
0.0191787
0.01864
0.0180739
0.0178915
0.0176078
0.0173603
0.0170676
0.0167312
0.0165708
0.0161577
0.0157062
0.0152584
0.0148096
0.0146898
0.0145094
0.0145432
0.0146539
0.0147399
0.0148205
0.0149959
0.0148211
0.0144687
0.0142409
0.0143004
0.0145066
0.014651
0.0148374
0.0149611
0.0149871
0.0149504
0.0146363
0.0142022
0.0137377
0.0135548
0.0137731
0.0138674
0.0139785
0.0140501
0.0141085
0.0141763
0.0142174
0.0143087
0.0143877
0.0144477
0.0144854
0.0144839
0.0145169
0.0145301
0.0145468
0.0145579
0.0145679
0.0145568
0.0145551
0.0145471
0.0145347
0.0145135
0.0144617
0.0144039
0.0143282
0.0142467
0.014156
0.000754178
0.00203577
0.0131033
0.0225752
0.0275064
0.0251638
0.0236064
0.020256
0.0155947
0.00995946
0.0161566
0.0235342
0.0309728
0.0383105
0.0453114
0.0517268
0.0602582
0.0648003
0.0682705
0.0739651
0.079924
0.0898879
0.0941403
0.104261
0.115681
0.126932
0.144393
0.1549
0.164806
0.174003
0.182363
0.189776
0.202614
0.20784
0.211924
0.214852
0.216564
0.222868
0.222073
0.220174
0.217217
0.213307
0.213038
0.207113
0.200411
0.192986
0.18484
0.175979
0.169378
0.158786
0.147398
0.135153
0.121987
0.119987
0.122361
0.124801
0.127032
0.128796
0.132299
0.132532
0.131857
0.130243
0.142897
0.155959
0.169596
0.179815
0.188475
0.195638
0.20138
0.208425
0.211568
0.213309
0.213495
0.212166
0.212564
0.208554
0.203358
0.197126
0.190101
0.182407
0.177591
0.169016
0.160169
0.151153
0.142064
0.136073
0.126931
0.118762
0.110861
0.103047
0.0972856
0.0896345
0.0820922
0.0746716
0.0673606
0.0601788
0.0548646
0.0479729
0.0412776
0.0348019
0.0325037
0.0341657
0.0359211
0.0381482
0.04047
0.0426018
0.0444845
0.0460998
0.0473979
0.0483651
0.0489827
0.0492413
0.0493081
0.0488397
0.0479718
0.0471449
0.0472025
0.0471725
0.0469432
0.0464931
0.0458073
0.0449668
0.0441204
0.0458956
0.0485222
0.0510586
0.0534807
0.0557486
0.0573758
0.0592766
0.0609635
0.0623789
0.0634834
0.0639964
0.064325
0.0642357
0.0636782
0.06265
0.0612646
0.0592214
0.0611784
0.068828
0.076934
0.0855319
0.0935239
0.103125
0.113283
0.12402
0.16123
0.171281
0.183871
0.188427
0.188859
0.185859
0.178546
0.171182
0.162454
0.15268
0.142051
0.130742
0.116692
0.11123
0.123148
0.134779
0.145781
0.154149
0.162789
0.169926
0.175381
0.185362
0.215572
0.241668
0.265912
0.288092
0.308056
0.325713
0.343361
0.356299
0.366929
0.375336
0.381598
0.38793
0.390198
0.390678
0.389502
0.386806
0.384647
0.379279
0.372782
0.365255
0.356813
0.347552
0.339248
0.328611
0.317436
0.311592
0.311197
0.312538
0.310492
0.307671
0.304122
0.299861
0.297528
0.291995
0.28589
0.279254
0.27213
0.264572
0.259118
0.250839
0.24226
0.233418
0.22439
0.217495
0.20814
0.198723
0.189267
0.179826
0.172508
0.163136
0.15386
0.144713
0.135691
0.126836
0.119914
0.111372
0.103076
0.0950375
0.0872835
0.0812522
0.0740051
0.0670603
0.0604122
0.0540458
0.0491174
0.0432986
0.0378051
0.0336086
0.0313789
0.029614
0.030125
0.030226
0.0301166
0.0298124
0.0293679
0.0290839
0.0284703
0.0277912
0.0270395
0.0262234
0.0256168
0.0247375
0.0238597
0.0229795
0.0220885
0.0212286
0.0205904
0.0197727
0.018995
0.0182586
0.0175736
0.0170965
0.016485
0.0159505
0.0154872
0.0151264
0.0149435
0.0147466
0.0146616
0.0146731
0.0147011
0.0147979
0.0149706
0.0151781
0.0154149
0.015714
0.0160445
0.016399
0.0167624
0.0171522
0.0179798
0.0212991
0.0243527
0.028184
0.0322677
0.0366004
0.041164
0.0459861
0.0502968
0.0555917
0.0611626
0.0670056
0.0731068
0.0786039
0.0630105
0.0707403
0.0790242
0.0753461
0.0629637
0.055188
0.0598693
0.0760843
0.0925571
0.10714
0.119022
0.129421
0.137667
0.143985
0.166092
0.187788
0.206721
0.223802
0.238903
0.251975
0.263984
0.272952
0.279922
0.284945
0.288088
0.289476
0.289975
0.288072
0.28473
0.280071
0.274208
0.267846
0.259874
0.251082
0.241598
0.231523
0.221253
0.210224
0.198908
0.187388
0.175759
0.164115
0.152466
0.140952
0.129643
0.118624
0.111563
0.107547
0.101644
0.0958301
0.0901504
0.0846568
0.0808885
0.0758293
0.0711021
0.0667628
0.0628422
0.0593668
0.0573159
0.0547571
0.0527392
0.0512744
0.0503479
0.0521462
0.05528
0.0584474
0.0616649
0.0648874
0.0681081
0.0711439
0.0739554
0.0764409
0.0784836
0.0800095
0.0811471
0.0813904
0.0808894
0.0796793
0.0778692
0.0761179
0.0733932
0.0703114
0.0669657
0.0634167
0.0604121
0.0567052
0.0529806
0.0492883
0.0456538
0.0448788
0.0450295
0.0441885
0.0432206
0.0421184
0.0408619
0.040253
0.0386976
0.0370578
0.0352773
0.0333159
0.0320388
0.0298956
0.0277272
0.025491
0.0231414
0.020581
0.0186431
0.0158581
0.013036
0.0101751
0.0122567
0.01475
0.0180348
0.0214733
0.0250688
0.0288621
0.0321723
0.0363657
0.0407751
0.0454009
0.0502545
0.0553587
0.0599062
0.0654875
0.0713046
0.0773189
0.0835374
0.0890635
0.0956801
0.102495
0.126303
0.133986
0.14072
0.14919
0.153114
0.153655
0.151839
0.148277
0.142299
0.136275
0.129343
0.121667
0.113384
0.103511
0.0944379
0.0851723
0.0758059
0.0687917
0.0627382
0.0579513
0.0532451
0.0486539
0.0442252
0.0399935
0.0343322
0.0304959
0.0268888
0.0235242
0.0221958
0.020373
0.0228538
0.0253892
0.0273161
0.0287031
0.0312752
0.0317496
0.0318729
0.0317096
0.0313185
0.030705
0.0313248
0.030198
0.0288817
0.0274375
0.0259362
0.0257157
0.0241284
0.0224326
0.0207298
0.019073
0.0208555
0.0213008
0.0215235
0.0216903
0.0218691
0.0219634
0.0230999
0.0228762
0.0225085
0.0220373
0.0214312
0.0218181
0.0210887
0.0203022
0.0194887
0.0186264
0.018608
0.0176558
0.0166572
0.0155818
0.0144556
0.0133076
0.0128993
0.0117189
0.0104154
0.00901076
0.00763799
0.00709729
0.00738876
0.00771695
0.00804442
0.0084121
0.00876593
0.00921272
0.00961581
0.0099728
0.0104185
0.0109983
0.0115475
0.0123007
0.0131031
0.0139651
0.0148889
0.0157672
0.0167996
0.0178706
0.0188303
0.0196681
0.0203287
0.0210252
0.021721
0.0224469
0.0230968
0.0235926
0.0238771
0.024654
0.0267241
0.0290802
0.0316715
0.0340704
0.0371121
0.0404809
0.0441715
0.0482117
0.0521359
0.0570319
0.0623633
0.0681591
0.0767524
0.0834493
0.0898563
0.0884157
0.0827261
0.0745918
0.0652314
0.054206
0.0447036
0.0473822
0.0504028
0.0531219
0.0698794
0.0853313
0.0992498
0.1115
0.122087
0.131006
0.139218
0.144878
0.149066
0.1519
0.153516
0.154841
0.154387
0.153124
0.151179
0.148628
0.146293
0.142861
0.139119
0.135114
0.1309
0.126524
0.122612
0.118029
0.113385
0.1087
0.104029
0.0998847
0.0952893
0.0907772
0.0863642
0.0820599
0.0782685
0.0741946
0.0702566
0.0664634
0.06282
0.059349
0.0563222
0.0531921
0.0502305
0.0474259
0.0447737
0.0424391
0.0400555
0.0377721
0.0355876
0.0335083
0.0316357
0.0297629
0.0280346
0.0269446
0.0259938
0.0250613
0.0244687
0.0235819
0.0227208
0.021885
0.0210785
0.0205491
0.0197764
0.0190484
0.0183586
0.0177001
0.017287
0.0166642
0.0160484
0.0154309
0.0148118
0.0141962
0.0137708
0.0131305
0.0124608
0.0117841
0.011108
0.0106026
0.00993703
0.00989087
0.0103466
0.010769
0.011041
0.0114143
0.011773
0.012165
0.0125637
0.0129316
0.013166
0.0134371
0.0136715
0.0139162
0.0141715
0.0143576
0.0146005
0.0151575
0.0156897
0.0161718
0.0164449
0.0167405
0.0169535
0.0169385
0.0165491
0.0159349
0.0152677
0.0148072
0.0143854
0.0138441
0.013283
0.0127373
0.0126156
0.01331
0.014036
0.014747
0.000754237
0.00200616
0.0132602
0.0234157
0.0292307
0.0277929
0.027394
0.0252545
0.0218468
0.0174907
0.00773057
0.0131324
0.0190934
0.0248546
0.0302464
0.0351045
0.0424
0.0456729
0.0480654
0.0526859
0.0572198
0.0659837
0.0748452
0.0836326
0.0921786
0.100346
0.115041
0.122285
0.128898
0.134832
0.140115
0.144662
0.15531
0.158299
0.160608
0.162199
0.16316
0.169147
0.16855
0.167327
0.165528
0.163104
0.164383
0.160363
0.155654
0.150181
0.143903
0.136735
0.131441
0.12208
0.111599
0.0999226
0.0869696
0.0784259
0.0804828
0.0822182
0.0834884
0.0841951
0.086825
0.0874964
0.101843
0.115984
0.129511
0.141916
0.158622
0.176521
0.190015
0.200304
0.208077
0.214563
0.218871
0.221584
0.222788
0.222595
0.222685
0.220082
0.216382
0.211693
0.206146
0.199816
0.19495
0.187437
0.179518
0.171259
0.162835
0.156529
0.147969
0.139383
0.130835
0.122423
0.11619
0.10803
0.100021
0.0921659
0.0844924
0.0770111
0.0714532
0.064302
0.0573706
0.0506648
0.0441989
0.0394464
0.0378808
0.039295
0.0405393
0.0416388
0.042509
0.0434026
0.044194
0.0448891
0.0454761
0.0459377
0.046279
0.0465463
0.0466893
0.0466384
0.0464026
0.0461167
0.0455876
0.0448976
0.0440686
0.0430858
0.0421492
0.0425005
0.0448879
0.0471899
0.0493874
0.0514506
0.0529104
0.0545835
0.0559644
0.0570433
0.0578239
0.0581084
0.0582201
0.0578888
0.0570709
0.0557525
0.0541359
0.0518485
0.0548874
0.0622086
0.0700103
0.0783243
0.08609
0.0954592
0.105422
0.115982
0.153031
0.162955
0.175471
0.179981
0.180265
0.177073
0.169673
0.162322
0.153671
0.143971
0.133521
0.122405
0.108649
0.0996505
0.111575
0.123319
0.134443
0.142963
0.151836
0.159183
0.164828
0.17123
0.201152
0.226981
0.251007
0.273034
0.292891
0.310488
0.328113
0.341075
0.35177
0.36028
0.366679
0.373158
0.375626
0.376348
0.375501
0.373191
0.371405
0.366511
0.360525
0.353526
0.345625
0.336911
0.329098
0.319001
0.308332
0.30648
0.306272
0.307789
0.305943
0.303322
0.299984
0.29595
0.293811
0.288508
0.282649
0.276255
0.269386
0.262072
0.256813
0.248746
0.240369
0.231726
0.222889
0.216156
0.206959
0.197663
0.188289
0.178891
0.171574
0.162173
0.152853
0.143663
0.134612
0.125737
0.118812
0.110274
0.101951
0.0938628
0.0860589
0.0799991
0.0727359
0.0657801
0.0591208
0.05278
0.0479134
0.0421944
0.0384965
0.0364118
0.0344062
0.0324728
0.031873
0.0318715
0.0316951
0.0313525
0.0308844
0.030576
0.0299194
0.0292011
0.0284366
0.0276169
0.026993
0.026057
0.0251004
0.0241646
0.0232157
0.02228
0.0215658
0.0206379
0.0197397
0.0189074
0.0181457
0.0176009
0.0169202
0.0163111
0.0157494
0.0152862
0.015031
0.0147686
0.0146617
0.014652
0.014701
0.0148149
0.0149905
0.0151904
0.0154173
0.0157096
0.0160326
0.0163855
0.0167708
0.0171854
0.0175771
0.0194516
0.0220919
0.0254565
0.0290855
0.0329938
0.0371904
0.0416935
0.0457919
0.0508992
0.0563026
0.0620145
0.0680103
0.0733899
0.0575566
0.0650356
0.0730634
0.0691218
0.0564967
0.0492275
0.0596879
0.0778256
0.0943809
0.109057
0.121026
0.131454
0.139724
0.151859
0.174001
0.195709
0.214614
0.23167
0.246774
0.259872
0.271923
0.280941
0.287951
0.293023
0.296223
0.297654
0.298183
0.296303
0.292968
0.288304
0.282414
0.276013
0.268004
0.259151
0.24956
0.239348
0.228958
0.217781
0.206297
0.194585
0.182713
0.170745
0.158832
0.147018
0.135385
0.124748
0.11904
0.115062
0.109151
0.103278
0.0974807
0.091805
0.087833
0.0825117
0.0774811
0.0727886
0.0684699
0.0645701
0.0621322
0.0591031
0.0565805
0.0545949
0.0531731
0.0539401
0.0567829
0.059637
0.0625234
0.065432
0.0684082
0.0712354
0.0739401
0.0764268
0.0785697
0.0802756
0.0816458
0.0822477
0.0822137
0.0815617
0.0802965
0.0789523
0.076598
0.0738022
0.070661
0.0672403
0.0642745
0.0605378
0.0567172
0.0528932
0.0491206
0.0474025
0.0474751
0.0465508
0.045479
0.0442039
0.0427499
0.0419766
0.0402238
0.0383409
0.0363574
0.0342657
0.0328517
0.0304727
0.0280213
0.0255413
0.0229813
0.0203898
0.0187427
0.0189985
0.0190215
0.0187911
0.0183029
0.019577
0.0226516
0.0258927
0.0292707
0.0328165
0.0358907
0.0398589
0.0440832
0.0485663
0.0533285
0.0583313
0.0627321
0.0680609
0.0734935
0.0790766
0.0848683
0.0900459
0.096306
0.10282
0.126377
0.133846
0.14043
0.148756
0.152577
0.153072
0.151278
0.147808
0.141951
0.136084
0.129348
0.121912
0.113939
0.104425
0.0958672
0.0872557
0.0819683
0.0764295
0.0695235
0.0636985
0.0578739
0.052112
0.0465008
0.041163
0.0345559
0.0296818
0.0252438
0.0211419
0.0193397
0.0173757
0.016515
0.0174478
0.0197867
0.0216526
0.0247128
0.0258971
0.0268056
0.0274034
0.0276598
0.0276895
0.0289152
0.0283266
0.027437
0.0263475
0.0250437
0.024902
0.023385
0.0218462
0.0203244
0.0188577
0.0184994
0.0171604
0.0159008
0.0150123
0.0150802
0.0150863
0.0162245
0.0161531
0.0160701
0.0159361
0.0157829
0.0164678
0.0159945
0.0154758
0.0149306
0.0143105
0.0145539
0.0138372
0.013073
0.012323
0.0116211
0.0109554
0.0109877
0.0103435
0.0108809
0.0114214
0.0118216
0.0121372
0.0127533
0.0134702
0.0141673
0.0147862
0.0153635
0.0161631
0.0169347
0.0178572
0.0187776
0.0195899
0.0202638
0.0209913
0.0216369
0.0222419
0.0228735
0.0234757
0.0244003
0.0255366
0.0267429
0.0279575
0.0289487
0.0300238
0.0309969
0.0317772
0.0324169
0.0328218
0.0330086
0.0330443
0.0328858
0.03253
0.0319765
0.0320312
0.035351
0.0389856
0.0429642
0.0472611
0.0513339
0.0563874
0.0618999
0.0678913
0.0768286
0.0838777
0.0904968
0.0891654
0.0836238
0.0755682
0.0661619
0.0550839
0.0456257
0.042554
0.0455276
0.0480311
0.0644443
0.0793489
0.0927523
0.104511
0.114606
0.123035
0.130854
0.136051
0.13971
0.141974
0.142983
0.14377
0.142712
0.140852
0.138259
0.135052
0.132111
0.127967
0.123541
0.118921
0.114153
0.109285
0.104988
0.100032
0.095101
0.0902251
0.0854253
0.0812358
0.0766442
0.0721843
0.0678724
0.0637183
0.0600988
0.0562602
0.0525934
0.0491097
0.0457752
0.0425952
0.0398102
0.0369522
0.0342632
0.0316976
0.0292414
0.027098
0.0249074
0.0228288
0.0208846
0.0189725
0.0178887
0.0180286
0.0182917
0.0185791
0.0186388
0.0184792
0.0185962
0.0185023
0.0180838
0.0175074
0.0168756
0.0166558
0.0165424
0.0164992
0.0168061
0.0173943
0.0176669
0.0180702
0.0184847
0.0189166
0.0192129
0.0194127
0.0194647
0.0200245
0.0207362
0.021391
0.0219158
0.0223697
0.0226825
0.0228628
0.0228927
0.0227728
0.0226457
0.0223213
0.0219273
0.0215273
0.0212552
0.0209824
0.0207689
0.020377
0.019919
0.0194696
0.0193115
0.0191461
0.0190028
0.0188756
0.0187411
0.0185939
0.0184359
0.0183421
0.0182716
0.0182046
0.0181068
0.0180034
0.0178606
0.0176146
0.0173109
0.0170155
0.0171153
0.0172531
0.017139
0.0168226
0.0164379
0.0163315
0.000754178
0.00203577
0.0131033
0.0225752
0.0275064
0.0251638
0.0236064
0.020256
0.0155947
0.00995946
0.0161566
0.0235342
0.0309728
0.0383105
0.0453114
0.0517308
0.0603035
0.0649512
0.0685608
0.0741227
0.0801193
0.090146
0.0945523
0.104218
0.115779
0.127223
0.144899
0.155735
0.165997
0.175587
0.184316
0.19211
0.205261
0.210863
0.215336
0.218683
0.220812
0.227461
0.227043
0.225524
0.222883
0.219256
0.219238
0.213602
0.207183
0.200009
0.192079
0.18344
0.177049
0.166733
0.155634
0.143738
0.130989
0.125429
0.127991
0.130637
0.133095
0.135137
0.13892
0.139491
0.139145
0.137862
0.137777
0.150741
0.164337
0.17456
0.18323
0.190342
0.195932
0.202775
0.205642
0.207116
0.20717
0.205792
0.206258
0.202444
0.197583
0.19184
0.185395
0.17837
0.174161
0.166247
0.15801
0.149533
0.140931
0.135344
0.12665
0.118017
0.109458
0.101011
0.0953561
0.0875337
0.080541
0.0736652
0.0669153
0.06029
0.0554488
0.0490514
0.042797
0.0367191
0.0364759
0.0380962
0.0400028
0.0424187
0.0446637
0.0466844
0.0484335
0.049867
0.0508615
0.051343
0.0513248
0.0510616
0.0514964
0.0517865
0.0518967
0.0518358
0.0515928
0.0512341
0.0505814
0.0497638
0.0487301
0.0475547
0.0464734
0.0474108
0.0506513
0.0537443
0.0566717
0.0593965
0.0614023
0.0636599
0.0655987
0.0672038
0.0684506
0.0691007
0.0695383
0.0694382
0.068828
0.0677029
0.0662203
0.0640715
0.0614118
0.0687742
0.076593
0.0848917
0.092637
0.101977
0.111911
0.122481
0.159563
0.169529
0.182015
0.186475
0.186772
0.183689
0.1763
0.168919
0.160221
0.150545
0.139977
0.128645
0.114599
0.106964
0.119129
0.131046
0.142287
0.150935
0.159861
0.16723
0.172822
0.184796
0.21491
0.240913
0.265041
0.28711
0.306986
0.324571
0.342115
0.354896
0.365434
0.373807
0.380093
0.386498
0.388863
0.389434
0.388384
0.385833
0.383804
0.378588
0.372241
0.364855
0.35656
0.347445
0.339268
0.32876
0.317693
0.314671
0.314299
0.315656
0.31362
0.310802
0.307257
0.303008
0.300683
0.295162
0.289058
0.282405
0.275283
0.267718
0.262242
0.253924
0.245297
0.236409
0.227331
0.220393
0.210977
0.20148
0.191928
0.182378
0.174947
0.165421
0.155955
0.146603
0.137367
0.128286
0.121176
0.112429
0.103906
0.0956351
0.0876792
0.0814853
0.0740637
0.0669487
0.060127
0.0536238
0.0486097
0.0427068
0.0371431
0.0323253
0.0299648
0.030121
0.0305392
0.030575
0.0304574
0.0301827
0.0297942
0.0295574
0.0289668
0.0282875
0.0275477
0.0267698
0.0262018
0.0253215
0.0244
0.0234616
0.0225141
0.0215998
0.0209147
0.0200369
0.0191812
0.0183613
0.017578
0.0170376
0.0164207
0.0159377
0.0155341
0.0151912
0.0150127
0.0148142
0.0146891
0.0146183
0.0146106
0.0146855
0.0148247
0.0149763
0.0151494
0.0153663
0.0155913
0.0158345
0.0160752
0.0163355
0.0165772
0.0189712
0.0217953
0.0254329
0.0293546
0.0335815
0.0381187
0.0429371
0.0472688
0.0526
0.0582135
0.0640938
0.0702355
0.0757597
0.0601458
0.0678728
0.076157
0.0724766
0.0600604
0.0547928
0.060337
0.0784114
0.094905
0.109476
0.121321
0.131609
0.139743
0.147813
0.170017
0.191781
0.210758
0.227886
0.243073
0.256263
0.268391
0.277478
0.284572
0.289731
0.293015
0.294542
0.295163
0.293363
0.2901
0.285495
0.279674
0.273331
0.265344
0.256497
0.246912
0.2367
0.226289
0.215075
0.203562
0.191848
0.180042
0.168193
0.156344
0.14458
0.132997
0.123109
0.117358
0.113331
0.107378
0.101456
0.0956138
0.0899063
0.0859076
0.0805695
0.0755219
0.0708113
0.0664801
0.0625814
0.0601549
0.0571435
0.054647
0.0526873
0.0512908
0.0529938
0.0559529
0.0589412
0.0620051
0.0651129
0.0682685
0.071301
0.0742178
0.0769073
0.079237
0.0811011
0.0826126
0.0833488
0.0833803
0.0827133
0.081375
0.0799562
0.0775241
0.0746653
0.0714804
0.0680389
0.0650882
0.0614127
0.0576981
0.0539999
0.0503479
0.0488615
0.0490938
0.0483087
0.0473604
0.0462573
0.0450097
0.0444398
0.0429036
0.0412026
0.039382
0.0374445
0.0362091
0.0340338
0.0316496
0.0290986
0.0264241
0.0236953
0.0216691
0.0188579
0.0160536
0.0136334
0.0134835
0.0150682
0.0186261
0.02239
0.0263266
0.0304609
0.03404
0.0384937
0.0431192
0.047942
0.0529698
0.0582079
0.0628036
0.0683289
0.0740565
0.080005
0.0861868
0.0917217
0.0983849
0.105287
0.129203
0.137007
0.143866
0.152499
0.156606
0.157362
0.155819
0.152618
0.147006
0.141413
0.13493
0.127698
0.119848
0.110329
0.101639
0.0927453
0.0837578
0.0756905
0.0688541
0.0631025
0.0573446
0.0516534
0.0460948
0.040699
0.0340483
0.029204
0.0246732
0.0205913
0.0183616
0.0169479
0.0166657
0.016756
0.0190692
0.0209211
0.0239641
0.0249544
0.0254207
0.0254558
0.0252562
0.0248693
0.025825
0.0251728
0.0244479
0.023681
0.022868
0.0231788
0.0221786
0.0211684
0.0201643
0.0191716
0.0191706
0.0190631
0.0192874
0.0193427
0.0191155
0.018763
0.0196664
0.0192551
0.0184857
0.0176169
0.0167245
0.0168837
0.0159526
0.0151144
0.0142843
0.0134776
0.0135057
0.0126646
0.0118707
0.0110589
0.0102679
0.0095075
0.00954231
0.00895196
0.00853616
0.00897831
0.00957637
0.0102151
0.0109923
0.0117453
0.0124519
0.0131222
0.0136914
0.0144841
0.0154917
0.0165479
0.0175547
0.0184899
0.0193444
0.0204815
0.0216211
0.0226377
0.0234908
0.0241904
0.0248703
0.0254387
0.0260084
0.0265585
0.0271172
0.0276988
0.028216
0.0288003
0.0293332
0.0296768
0.0298387
0.0298558
0.0312803
0.0337252
0.0364233
0.0390327
0.0422773
0.0458453
0.0497337
0.0539593
0.0579717
0.0629506
0.0684259
0.0743674
0.0831793
0.0900437
0.0965309
0.0951443
0.0893675
0.0811001
0.0715944
0.0602863
0.0502504
0.0498944
0.0528442
0.055195
0.0690573
0.0841205
0.0975964
0.109255
0.119115
0.127182
0.134631
0.139462
0.142875
0.145002
0.145998
0.146827
0.145866
0.144124
0.141699
0.138695
0.135948
0.132039
0.127797
0.123312
0.118699
0.113998
0.109849
0.10504
0.100223
0.0954477
0.0907435
0.0866181
0.0821176
0.077712
0.0734184
0.0692286
0.0655279
0.0615547
0.0577289
0.0540865
0.0505859
0.0472404
0.0443073
0.0412684
0.0383877
0.0356477
0.033056
0.0307491
0.0283828
0.0261137
0.0239605
0.021922
0.021751
0.0214272
0.0210919
0.0208192
0.0206815
0.0204151
0.0203095
0.0199024
0.0195361
0.019374
0.0192321
0.0192469
0.0191169
0.0189905
0.0188276
0.018734
0.0188788
0.0188451
0.0187412
0.0186387
0.0187694
0.0190315
0.0193377
0.0194143
0.019293
0.0190574
0.0187143
0.0184264
0.0180999
0.0180264
0.0178978
0.0175377
0.0171881
0.0166079
0.0159512
0.0153784
0.0152771
0.0152578
0.0151716
0.0151482
0.0151707
0.0152492
0.0153831
0.0157264
0.0158517
0.0157963
0.0160273
0.0162418
0.0163702
0.0165223
0.0166219
0.0166868
0.0167192
0.016734
0.0167089
0.0166534
0.0165807
0.0168912
0.017206
0.017439
0.0175847
0.0175822
0.0175892
0.0177668
