0.000756547
0.00252633
0.0159698
0.0300194
0.0411548
0.0452243
0.0517928
0.0570897
0.0613979
0.0649112
0.0613177
0.0634556
0.0651215
0.0663313
0.0670936
0.0674168
0.0608933
0.0605133
0.0597285
0.0585598
0.0570201
0.0514664
0.0537338
0.0556521
0.0572168
0.0584276
0.0513203
0.0519176
0.0522562
0.0523289
0.0521831
0.0518161
0.0441524
0.0436632
0.0430106
0.0421875
0.0412272
0.0345199
0.0336221
0.0325708
0.0313954
0.0300841
0.0249325
0.0237757
0.0234688
0.0231582
0.0228233
0.0224918
0.0209053
0.0207628
0.020639
0.0205257
0.0204016
0.0195544
0.0193971
0.019149
0.0188014
0.0183456
0.0174436
0.016873
0.0162651
0.0156468
0.0150464
0.0144989
0.0136956
0.0132703
0.0129345
0.0126635
0.0124785
0.0119332
0.0118527
0.0118059
0.0118009
0.0118272
0.012494
0.0125832
0.0126643
0.0127341
0.0127675
0.0127854
0.013379
0.0132735
0.0131301
0.0129525
0.0127336
0.0128965
0.0125712
0.0122128
0.0118258
0.0114096
0.0112545
0.0107716
0.0102732
0.00976777
0.00925891
0.0087506
0.0084119
0.00790288
0.00740756
0.00693615
0.00649199
0.00616381
0.00577587
0.00543149
0.00513381
0.00488731
0.00470816
0.00456363
0.00448576
0.00447933
0.00454366
0.00468254
0.00483154
0.00511543
0.00547737
0.00592129
0.00645468
0.00695418
0.00766632
0.0084718
0.00936832
0.0103545
0.0112405
0.012394
0.0136359
0.0149629
0.0163704
0.0178568
0.019175
0.0208089
0.0225166
0.0242859
0.026113
0.0277065
0.0296192
0.0315636
0.0335253
0.0354923
0.0371732
0.039136
0.0410625
0.0429232
0.0446846
0.0463194
0.0475652
0.0488089
0.0497571
0.0503364
0.0674451
0.0722035
0.0823017
0.0863498
0.0879758
0.0876064
0.086097
0.0917861
0.0957421
0.0980672
0.0988959
0.0983587
0.0917468
0.0885956
0.0844494
0.0794208
0.0736299
0.0617313
0.0548037
0.0475653
0.0401838
0.0335149
0.0277359
0.0255885
0.0236475
0.0219393
0.020487
0.0197661
0.0272654
0.0303222
0.0329822
0.0352147
0.036992
0.0424223
0.0432301
0.0435674
0.0434739
0.0429683
0.045912
0.0446645
0.0431707
0.041467
0.039635
0.0377323
0.0389873
0.036986
0.0350617
0.0332542
0.031617
0.0327317
0.031386
0.0302799
0.0294491
0.0288858
0.0305513
0.030435
0.0306088
0.0310518
0.0317814
0.0350381
0.0377536
0.0415069
0.0453648
0.0492941
0.0532916
0.0562895
0.0602643
0.0641746
0.0679544
0.0715687
0.0740431
0.0771355
0.079833
0.0820755
0.0837617
0.0848262
0.0847688
0.0845058
0.0834867
0.0816889
0.0791604
0.0760069
0.0722544
0.0679608
0.0632186
0.0581284
0.054352
0.0509605
0.0475345
0.0441384
0.0408156
0.0404812
0.0412819
0.0418516
0.0423099
0.0425997
0.0426986
0.0426835
0.0422561
0.0414705
0.040275
0.0386122
0.0367443
0.0340218
0.0306547
0.026586
0.0247638
0.0258069
0.0264128
0.0268113
0.0264792
0.025616
0.0243174
0.022694
0.0209247
0.0191064
0.0173641
0.0158587
0.0146088
0.0137578
0.0135375
0.0147185
0.0162347
0.0180602
0.019825
0.0220627
0.0244083
0.0280308
0.032118
0.0357328
0.0401202
0.0444914
0.0486994
0.0526701
0.0557412
0.0590366
0.0619405
0.0644751
0.0667231
0.0687827
0.07044
0.0725181
0.074827
0.0832439
0.0925865
0.101281
0.0898229
0.102332
0.116057
0.118444
0.111913
0.102667
0.0905287
0.0766579
0.0618559
0.0549057
0.0615985
0.0677769
0.072048
0.0745541
0.0754576
0.0743781
0.0725832
0.069827
0.0663381
0.0623451
0.0582943
0.0584494
0.0574116
0.0553346
0.0523768
0.0487356
0.0457749
0.0410588
0.0361643
0.0312413
0.0264188
0.0220426
0.0208935
0.0209675
0.0212939
0.0217989
0.0200985
0.0207692
0.0214329
0.0220307
0.022525
0.0228917
0.0210315
0.0211539
0.021121
0.0209512
0.0206477
0.0183691
0.0178888
0.0175803
0.0180295
0.0184942
0.019732
0.0202441
0.0207944
0.0213782
0.0219949
0.0226341
0.0238917
0.0245696
0.0252658
0.0259753
0.0267096
0.0278875
0.0286074
0.0293029
0.0299946
0.0306692
0.0316852
0.0322861
0.0328516
0.0333842
0.0338667
0.0343093
0.0349842
0.0353158
0.0355862
0.0357915
0.035933
0.0362496
0.036229
0.0361333
0.0359602
0.0356827
0.0355564
0.0350971
0.0345273
0.033847
0.0330377
0.0321017
0.0313137
0.0314162
0.0318446
0.0322354
0.0325788
0.033482
0.0337418
0.0339754
0.0341696
0.0343252
0.0349374
0.0349775
0.0349431
0.0348247
0.0357777
0.0398077
0.0436332
0.0474786
0.0511171
0.0544416
0.0570039
0.0582168
0.0585802
0.058458
0.0581119
0.0575764
0.0571986
0.0564166
0.0554941
0.0544353
0.0532151
0.0518253
0.053023
0.0580051
0.0635994
0.0698566
0.076799
0.0834222
0.0916548
0.100535
0.108956
0.120657
0.131022
0.145309
0.155959
0.163445
0.168012
0.169703
0.167852
0.164357
0.158651
0.151191
0.14242
0.132451
0.122219
0.111717
0.101175
0.0907845
0.0800218
0.0702629
0.0610337
0.0524185
0.04448
0.0372677
0.0294453
0.0236825
0.0187373
0.0147972
0.0124516
0.0107646
0.00893456
0.00703342
0.00511469
0.00356533
0.00450815
0.00495965
0.00585902
0.00715924
0.00879371
0.0106969
0.0131679
0.0153499
0.0176062
0.0198714
0.0220955
0.0244313
0.026433
0.0282793
0.0299433
0.0313995
0.0328084
0.033795
0.0345301
0.0349947
0.0351864
0.0351148
0.0350512
0.0345121
0.033757
0.0328096
0.0316859
0.0307008
0.0292701
0.0277085
0.026048
0.0251457
0.0249611
0.0240851
0.023153
0.0232036
0.0233215
0.0233115
0.0237859
0.0235351
0.0231852
0.0227456
0.0222316
0.0221782
0.0215329
0.0208451
0.0201254
0.0193828
0.0190602
0.0182709
0.0174773
0.0166816
0.0160018
0.0162778
0.0166149
0.0169404
0.0172773
0.0176269
0.0179923
0.0183677
0.0187549
0.0191585
0.019552
0.0199054
0.0201882
0.0203998
0.020509
0.0204883
0.0202997
0.0199113
0.019389
0.0185172
0.0173325
0.0157513
0.013742
0.0126929
0.0132727
0.0166819
0.0213917
0.026713
0.0319326
0.0384873
0.0457418
0.0537237
0.0650836
0.0743882
0.0833019
0.0863465
0.0829232
0.0746385
0.0629836
0.0475314
0.0327052
0.025523
0.0238421
0.02579
0.0272148
0.0291153
0.0362156
0.0416062
0.0453556
0.047571
0.0501206
0.0496176
0.0480308
0.0455279
0.0422892
0.0397913
0.0354812
0.0309073
0.0262012
0.0221375
0.0196768
0.0177127
0.0156541
0.0159514
0.0167484
0.0172554
0.0164539
0.0164629
0.0162022
0.0156997
0.014987
0.0133632
0.0123864
0.0112935
0.0111264
0.0108702
0.0106561
0.0107617
0.0114746
0.0120933
0.0126052
0.0130094
0.0142314
0.0143867
0.0144509
0.0143996
0.0142405
0.0148709
0.0145353
0.0141299
0.0136819
0.0131874
0.0134622
0.0129194
0.0123806
0.0118269
0.011243
0.010633
0.0106725
0.0100649
0.00946936
0.00885761
0.00825152
0.00817958
0.0075292
0.00688472
0.00626954
0.00567986
0.00554469
0.00494146
0.00434802
0.00387891
0.00366932
0.00347501
0.00343625
0.00327089
0.0031202
0.00298041
0.00284898
0.00281394
0.00268298
0.00257841
0.0024509
0.00226559
0.0021978
0.00202057
0.00203635
0.00214376
0.00228685
0.00242226
0.0026824
0.00277978
0.0028647
0.00294797
0.00303948
0.00319996
0.0032534
0.00329487
0.00336072
0.00342378
0.00355196
0.00360259
0.00362901
0.00365061
0.00366305
0.00368142
0.00375283
0.00378086
0.00379476
0.00379995
0.00379643
0.00381394
0.00389519
0.00402087
0.00413962
0.00423871
0.000756547
0.00251959
0.0158911
0.0298051
0.0407693
0.0446715
0.0510397
0.056141
0.0602657
0.0636123
0.0598923
0.061917
0.0635108
0.0647097
0.0655364
0.0659975
0.0596612
0.0595609
0.0591305
0.0583786
0.0573217
0.0519763
0.0546111
0.0569646
0.059021
0.0607897
0.0542047
0.0554521
0.0564728
0.0572718
0.0578512
0.0582389
0.0512058
0.051438
0.0514654
0.0512987
0.0509329
0.0447054
0.0442893
0.0436523
0.0428141
0.0417664
0.0367813
0.0357427
0.0345092
0.0339449
0.0344341
0.0350128
0.0343078
0.0352798
0.0364063
0.0377036
0.0391677
0.0398775
0.0416929
0.0436367
0.0456857
0.0478253
0.0493342
0.0516575
0.054051
0.0565126
0.0593598
0.0631119
0.0634677
0.0664812
0.0699339
0.0732282
0.076371
0.0758413
0.0786877
0.081308
0.0837118
0.0858907
0.085188
0.0867725
0.0882128
0.0895634
0.0906709
0.0915685
0.0911342
0.0915019
0.0916598
0.0916077
0.091338
0.0904976
0.0898641
0.089048
0.0880588
0.0869072
0.0853779
0.0839676
0.0824293
0.0810469
0.0797717
0.0784003
0.0758541
0.0743763
0.072819
0.0711877
0.0694873
0.0669273
0.0651457
0.063298
0.0613918
0.0594304
0.0568795
0.0548748
0.052829
0.0507417
0.0486113
0.0464402
0.0439311
0.0417266
0.03949
0.037227
0.034937
0.0324869
0.030187
0.0283249
0.0268285
0.025427
0.024226
0.0240816
0.0243797
0.0247589
0.0252177
0.0257586
0.0262554
0.0269587
0.0277552
0.0286435
0.029624
0.0305028
0.0316372
0.0328491
0.0341316
0.0354786
0.036663
0.0381052
0.0395694
0.0410318
0.0424697
0.0438338
0.0448956
0.0459771
0.0468083
0.0473071
0.065805
0.0702338
0.0798985
0.0835527
0.0848014
0.084269
0.0897284
0.0958548
0.100262
0.103047
0.104343
0.104274
0.098075
0.095391
0.0917042
0.087121
0.0817632
0.0702282
0.0636967
0.0568235
0.0497695
0.0426928
0.0307069
0.024226
0.0181607
0.0144399
0.0130585
0.0119542
0.0157866
0.01885
0.0215683
0.0239117
0.0258507
0.0314621
0.032518
0.033149
0.0333953
0.0332728
0.0365848
0.0357793
0.0347518
0.0335292
0.0321765
0.0307474
0.0324116
0.0308698
0.029396
0.0280278
0.026816
0.0282833
0.0273174
0.0265625
0.0260552
0.025787
0.0276901
0.0278227
0.0282263
0.0288835
0.0298185
0.0320535
0.0345913
0.0381637
0.0418602
0.0456553
0.0495421
0.0524708
0.0563957
0.0602942
0.0641011
0.0677894
0.0703663
0.0736312
0.0765599
0.0790996
0.0811455
0.082634
0.0829902
0.0832414
0.08276
0.0815072
0.0795019
0.0767775
0.0734609
0.0708603
0.0684788
0.0657538
0.0635592
0.0603934
0.0571113
0.0537824
0.0504547
0.0471886
0.0456267
0.0461169
0.0465105
0.0467546
0.0468347
0.0468285
0.0464461
0.0457436
0.044665
0.0431494
0.0414309
0.0388993
0.0357348
0.031885
0.0272782
0.021921
0.0231051
0.0239473
0.0237732
0.0229855
0.0217421
0.0201628
0.0184341
0.0166329
0.0148411
0.0131963
0.0117994
0.010848
0.0103675
0.0103748
0.0109024
0.0122926
0.0136243
0.0154541
0.0181258
0.0212705
0.0247927
0.0279763
0.0319661
0.0360542
0.0401019
0.044044
0.0472171
0.0507628
0.0540353
0.057035
0.0597909
0.0623861
0.0648865
0.0713056
0.0784751
0.086478
0.0953808
0.103887
0.0923804
0.105033
0.119114
0.122115
0.116285
0.107995
0.0969144
0.0841568
0.0704583
0.0569681
0.0585535
0.0643414
0.0684055
0.0708399
0.0717628
0.0707428
0.0690255
0.0663267
0.0628514
0.0588188
0.053241
0.048582
0.0444109
0.0424785
0.0397297
0.036382
0.0337609
0.0295332
0.0252308
0.0209905
0.0197413
0.016985
0.0168766
0.0171202
0.017641
0.0183634
0.0168709
0.0178091
0.0187712
0.0197018
0.0205605
0.0213213
0.020142
0.020732
0.021301
0.0218653
0.0224284
0.0237829
0.024329
0.0248843
0.0254381
0.0259776
0.0272504
0.0277583
0.0282496
0.0287104
0.0291393
0.0295231
0.0305058
0.0308056
0.031057
0.0312561
0.0314268
0.0320787
0.0321732
0.0322225
0.0322534
0.0322602
0.0326928
0.032647
0.0325955
0.0325428
0.0324732
0.0324017
0.0326572
0.0325464
0.0324115
0.03225
0.0320564
0.0321072
0.0318078
0.0314604
0.0310573
0.0305631
0.0302488
0.0295731
0.0287751
0.0278643
0.0268181
0.0261039
0.0262981
0.025626
0.0249449
0.0242386
0.0235109
0.0234852
0.0227079
0.0219107
0.0210972
0.0202476
0.0200098
0.0190917
0.0181443
0.0191927
0.0233482
0.0276971
0.0319522
0.0364774
0.0410112
0.0453738
0.0489359
0.0508394
0.051666
0.0518074
0.0515783
0.0510955
0.0507001
0.049866
0.048829
0.0476126
0.0461741
0.0445355
0.0430366
0.0409658
0.0400662
0.0444415
0.0496325
0.0548871
0.0624531
0.0731539
0.0879682
0.099538
0.109979
0.12472
0.136399
0.145681
0.152958
0.158297
0.160271
0.161498
0.160402
0.157006
0.15152
0.143699
0.135117
0.125518
0.115254
0.104638
0.0933319
0.0826494
0.0722478
0.0622597
0.052792
0.0439295
0.0363201
0.0330084
0.0315394
0.0297814
0.0277422
0.0277916
0.025266
0.0225789
0.0197754
0.0168954
0.0160884
0.0131194
0.0102049
0.00736562
0.0063099
0.00653576
0.0057705
0.00532879
0.00456211
0.00481155
0.00638549
0.00644005
0.00755951
0.00840393
0.00899911
0.00969285
0.00924622
0.011179
0.0132357
0.0152666
0.0172536
0.019166
0.0209651
0.0226733
0.0242581
0.0256852
0.0269367
0.0280087
0.0289046
0.0296288
0.0301838
0.0305454
0.0307899
0.0307989
0.0306332
0.0303161
0.02986
0.0292746
0.0287083
0.0279272
0.0270761
0.0261713
0.0252439
0.0244449
0.0235269
0.0226536
0.0218496
0.0211238
0.0205745
0.0200341
0.0204888
0.0211218
0.0218043
0.0225254
0.0232384
0.023967
0.0246777
0.0253464
0.025969
0.0265139
0.0270352
0.0275241
0.0279397
0.0282599
0.0284948
0.0286107
0.0285704
0.0283507
0.0279302
0.0272925
0.0265439
0.025415
0.0239914
0.0232355
0.0235073
0.0237139
0.0239222
0.0278807
0.0327345
0.0381572
0.0434371
0.0500404
0.0573068
0.0652229
0.0764309
0.0854886
0.0941014
0.0966752
0.0926087
0.083534
0.0709403
0.0545385
0.038735
0.0259563
0.0212673
0.0190108
0.020968
0.0254636
0.0330522
0.0389036
0.0430695
0.0456364
0.0484333
0.0481456
0.0467034
0.0442784
0.0410492
0.0385062
0.0340883
0.0293538
0.0244495
0.0195122
0.0170553
0.0152427
0.0144042
0.0160685
0.0174573
0.0185502
0.0182384
0.0187915
0.0190518
0.0190103
0.0186862
0.0173294
0.0171765
0.0175834
0.0177055
0.0176029
0.0174606
0.0169984
0.0163899
0.0156632
0.0148544
0.013992
0.0146287
0.014995
0.0153131
0.0155755
0.0157742
0.0167358
0.0167971
0.0168008
0.0167363
0.0166018
0.0171337
0.0168312
0.0164602
0.0160305
0.0155375
0.0149976
0.0150686
0.0144523
0.0138306
0.0132196
0.0126117
0.0125567
0.0119242
0.0112853
0.0106613
0.0100538
0.00992286
0.00930882
0.00871956
0.0081601
0.00762601
0.00711727
0.0069851
0.00650148
0.00641878
0.00634423
0.0062651
0.00626922
0.00615211
0.00601859
0.00588046
0.00573649
0.00566547
0.0054937
0.00534561
0.00520025
0.00510186
0.0050254
0.00500724
0.00492629
0.0048293
0.00474147
0.00474966
0.00517449
0.00555968
0.00593694
0.00628306
0.00660366
0.00694604
0.00724472
0.00753382
0.0077944
0.00802374
0.0082393
0.00842503
0.00847535
0.00838473
0.00819871
0.0078887
0.00760014
0.00718457
0.00674206
0.00627302
0.00578105
0.000756547
0.00251307
0.0158379
0.0296734
0.0405487
0.0443752
0.0506663
0.0557048
0.0597819
0.0630992
0.0593695
0.0614019
0.0630217
0.0642567
0.0651216
0.0656202
0.059314
0.0592415
0.0588318
0.0580876
0.0570292
0.0516124
0.0542173
0.056534
0.0585509
0.0602726
0.0536463
0.0548411
0.0558037
0.0565532
0.0570804
0.0574225
0.0503539
0.050555
0.0505647
0.0503937
0.0500411
0.0438425
0.0434717
0.0428945
0.042123
0.0411508
0.0362332
0.0352748
0.0341208
0.0338269
0.0342666
0.0347735
0.0339873
0.034836
0.0358052
0.0369025
0.0381219
0.0385811
0.0400649
0.0416287
0.0432428
0.0449014
0.0459432
0.0476908
0.0494647
0.0512685
0.053088
0.0557737
0.0561809
0.0581522
0.0611014
0.0639141
0.0665979
0.0656925
0.0681461
0.0704144
0.0725062
0.0744131
0.073153
0.0747531
0.0761569
0.0773714
0.0783731
0.0791964
0.0774339
0.0779751
0.0783415
0.0785373
0.0785619
0.076494
0.0763046
0.0759716
0.0755074
0.0749149
0.0726746
0.0719327
0.0710844
0.0701349
0.0690917
0.0679607
0.06563
0.0644052
0.0631069
0.0617407
0.060311
0.0579931
0.0564985
0.0549482
0.0533496
0.0517053
0.0494415
0.0477744
0.0460812
0.0443651
0.0426263
0.0408652
0.03873
0.0369647
0.0351788
0.0333715
0.0315403
0.0294896
0.0276572
0.027102
0.026522
0.0269162
0.0272583
0.0277634
0.0283351
0.0289779
0.0296886
0.0304587
0.0311284
0.0320094
0.0329776
0.0340392
0.0351851
0.0362071
0.0374946
0.0388501
0.040265
0.0417309
0.0429973
0.0445181
0.0460392
0.0475372
0.0489724
0.0502983
0.0513085
0.0523252
0.0530823
0.0534994
0.0676182
0.0721794
0.0819435
0.0857681
0.0871945
0.0866192
0.0841484
0.0902333
0.094542
0.0971851
0.0982937
0.0980066
0.0915828
0.0886214
0.0846332
0.0797446
0.0740694
0.0622649
0.0554254
0.0482635
0.0409371
0.0336261
0.022866
0.020594
0.0185459
0.0167462
0.0152123
0.013944
0.0208986
0.0238076
0.0263305
0.0284414
0.0301109
0.0354618
0.036193
0.0364739
0.0363478
0.0358377
0.0388009
0.0375942
0.0361673
0.034555
0.0328332
0.0310577
0.0324402
0.0306
0.028858
0.0272526
0.0258414
0.0271679
0.0260818
0.0252536
0.024722
0.0244831
0.0264542
0.026716
0.0279603
0.0312308
0.0347314
0.0384191
0.0413107
0.0452575
0.0492862
0.0533451
0.0574131
0.0604099
0.0642924
0.0679903
0.0714137
0.0745021
0.0763582
0.0785461
0.0801133
0.0809921
0.0810838
0.080342
0.0785554
0.0761875
0.0729726
0.0718548
0.0703597
0.0692266
0.0669736
0.0644429
0.061699
0.0588225
0.0566552
0.0536918
0.0507703
0.0512402
0.0536811
0.056129
0.0584628
0.0608071
0.063049
0.0650967
0.0669127
0.0683366
0.0694737
0.0701399
0.0702755
0.069803
0.0688659
0.0670744
0.0645038
0.0611116
0.0568572
0.051747
0.0470605
0.0429165
0.0401481
0.0383716
0.0372824
0.0367096
0.0365598
0.0374369
0.0396518
0.0424017
0.0452076
0.0485918
0.0521162
0.0556514
0.0601504
0.0656461
0.0707316
0.076862
0.083182
0.0895977
0.0959522
0.10134
0.107148
0.112423
0.116958
0.120604
0.122924
0.12444
0.124651
0.123511
0.121012
0.117241
0.112971
0.107126
0.102162
0.100655
0.099749
0.0994809
0.0797538
0.0841786
0.098249
0.101444
0.0959558
0.0882885
0.0780638
0.0663706
0.055208
0.0508921
0.0453546
0.0416482
0.0382361
0.0378287
0.0391112
0.0385524
0.0375522
0.0357824
0.0343924
0.035463
0.0376354
0.0362257
0.0338804
0.0307935
0.0271626
0.0232212
0.0203281
0.0160793
0.0120631
0.0113294
0.0120734
0.0106321
0.0118187
0.0131248
0.0144698
0.0157904
0.0146481
0.0158118
0.0168431
0.0177187
0.0184339
0.0189945
0.0173017
0.017632
0.0178389
0.0179483
0.0179661
0.0184079
0.0189836
0.0195708
0.0201431
0.0207009
0.0219705
0.022472
0.0229458
0.0233919
0.0238062
0.0241873
0.0251735
0.0254958
0.0257908
0.0260648
0.0263384
0.0271028
0.0273447
0.0275649
0.0277924
0.0280213
0.0286654
0.0288712
0.0290746
0.029278
0.0294635
0.0296465
0.0301239
0.0302643
0.0303782
0.0304596
0.0305053
0.0307633
0.0306994
0.0305858
0.0304125
0.0301494
0.0300428
0.0296142
0.0290808
0.0284514
0.0277108
0.0268642
0.0275098
0.0281886
0.0288826
0.029576
0.0302598
0.0314805
0.0321142
0.0327126
0.0332478
0.0337081
0.0345496
0.0348041
0.0349135
0.0375927
0.0412956
0.0450353
0.0486114
0.0522138
0.0556828
0.058915
0.0612157
0.0617611
0.0612742
0.0604499
0.059452
0.0583387
0.0574318
0.0560851
0.0594391
0.0642433
0.0692495
0.0745548
0.0794738
0.085528
0.0920744
0.0991537
0.106711
0.113599
0.121722
0.130713
0.145521
0.155886
0.163985
0.17427
0.179444
0.180331
0.177827
0.172743
0.165645
0.157224
0.147806
0.137777
0.127399
0.11668
0.106165
0.0958703
0.0859179
0.0764501
0.0667388
0.0584239
0.0508807
0.0441725
0.0383277
0.0333548
0.0275424
0.0240539
0.0212854
0.019166
0.0176227
0.0145109
0.0138224
0.014094
0.0157002
0.0177397
0.0207153
0.0232997
0.0260739
0.0289517
0.0318343
0.0346344
0.0376091
0.0400577
0.0422867
0.0442537
0.0459565
0.0476566
0.048773
0.0495717
0.0500833
0.0502873
0.0505561
0.0501863
0.0495492
0.0486625
0.047552
0.0462287
0.0451148
0.0434622
0.0416999
0.0398709
0.0379919
0.0364474
0.0345128
0.0325977
0.0307176
0.0289022
0.0282803
0.0272003
0.026116
0.0250162
0.0239104
0.0227969
0.0222093
0.0210625
0.019904
0.0187368
0.0175589
0.0168276
0.015614
0.0143874
0.0138014
0.0132534
0.0128067
0.0123159
0.0118538
0.01156
0.0120799
0.0126469
0.0132507
0.013884
0.0145327
0.0151766
0.015795
0.0163117
0.0167603
0.0171286
0.0174085
0.0175875
0.0176772
0.0176451
0.017475
0.0171517
0.0166573
0.0159591
0.0151633
0.0139287
0.0123414
0.0103693
0.00955273
0.010404
0.0143304
0.0188097
0.0238747
0.0295599
0.0351047
0.0420386
0.0496625
0.0580124
0.0697564
0.0794463
0.0886791
0.0920351
0.088841
0.0807261
0.0692156
0.0538656
0.0390975
0.0243627
0.017928
0.0198089
0.0211965
0.023262
0.0305295
0.0360805
0.0399766
0.0423288
0.0449951
0.0446316
0.0431917
0.0408585
0.0378001
0.0354753
0.0313795
0.030316
0.0289139
0.0272026
0.0245974
0.0224352
0.0201398
0.0177564
0.0174759
0.0178023
0.0169058
0.0168876
0.0166748
0.0162902
0.015743
0.0143047
0.0138483
0.0142869
0.0145065
0.0145179
0.0145105
0.0142209
0.01381
0.0132974
0.0127119
0.0123223
0.0136144
0.0138607
0.0140024
0.0140367
0.0139693
0.014693
0.0144751
0.0142005
0.0138917
0.0135424
0.0139236
0.013455
0.0129247
0.0123219
0.0116628
0.0109574
0.0108886
0.0100877
0.00922996
0.00830817
0.00734976
0.00694168
0.00588238
0.00479516
0.00371104
0.00264563
0.00211412
0.00146781
0.00121793
0.00103317
0.00186351
0.00277048
0.00321248
0.00398503
0.0046646
0.00525358
0.00575563
0.00589594
0.00625466
0.00650217
0.00665575
0.00669764
0.00646284
0.00631298
0.0060489
0.00574067
0.00538225
0.00498319
0.00446682
0.00399368
0.00349188
0.00298762
0.00269757
0.00270659
0.00282086
0.00330961
0.00377105
0.00420377
0.00460465
0.00502114
0.00542177
0.00580376
0.0061623
0.00650457
0.00681129
0.00712444
0.0074262
0.00770135
0.0079387
0.00812539
0.00827244
0.0083746
0.00843252
0.00844267
0.000756547
0.0025226
0.0159403
0.0299445
0.0410343
0.0450695
0.0516094
0.0568954
0.0612103
0.0647447
0.0611805
0.0633685
0.0651065
0.0664309
0.0673653
0.0679138
0.0616363
0.0615825
0.0611746
0.0604177
0.0593262
0.054358
0.0572416
0.0598241
0.0620887
0.0640427
0.0576044
0.0590046
0.0601595
0.0610938
0.0617994
0.0623126
0.0553874
0.055744
0.0559003
0.0558597
0.0556204
0.0494995
0.0491866
0.0486299
0.0478466
0.0468294
0.0418484
0.0407901
0.0395096
0.0380184
0.0378859
0.0384683
0.0377532
0.0386951
0.0397801
0.041029
0.0424503
0.0431296
0.0449247
0.0468701
0.0489406
0.0511228
0.0526796
0.0550732
0.0575505
0.0601088
0.0627983
0.0667169
0.0673936
0.0703612
0.0739378
0.0773376
0.0805672
0.0801035
0.0830223
0.085718
0.0881995
0.0904601
0.0903187
0.0920483
0.093596
0.0949512
0.0960866
0.0970177
0.0971853
0.0977005
0.0979979
0.0980798
0.0979363
0.0971983
0.0966723
0.0959466
0.0950321
0.0939382
0.0924439
0.0910528
0.0895119
0.0878327
0.0860233
0.0840974
0.081993
0.0798925
0.078128
0.0763803
0.0745537
0.07188
0.0699729
0.0680055
0.065983
0.063907
0.061255
0.0591335
0.0569741
0.0547832
0.0525586
0.0503011
0.0477238
0.0454482
0.0431477
0.0408267
0.0384832
0.0359867
0.0339927
0.032332
0.0307647
0.0292907
0.0280221
0.0270393
0.0275178
0.0280642
0.0286804
0.0293745
0.0300011
0.0308469
0.031778
0.0327894
0.0338839
0.0348603
0.0361044
0.0374277
0.0388219
0.0402744
0.0415395
0.0430615
0.0445951
0.0461129
0.0475877
0.0489721
0.0500422
0.0511343
0.0519905
0.0525344
0.0666354
0.0709822
0.0804756
0.08393
0.0849542
0.0839736
0.0838575
0.0897227
0.0938383
0.0963125
0.0972801
0.0968778
0.0903805
0.0873609
0.0833452
0.0784502
0.0727979
0.0610267
0.0542496
0.0471654
0.0399406
0.0327416
0.0206948
0.0142032
0.0118415
0.0101337
0.00884009
0.0123961
0.0198768
0.0229277
0.0256004
0.0278641
0.0296891
0.0351764
0.0360616
0.0364951
0.0365133
0.0361361
0.0392022
0.0381026
0.0367664
0.0352344
0.0335758
0.031856
0.0332732
0.0314657
0.0297412
0.0281501
0.0267479
0.0280831
0.0270099
0.0262002
0.0256979
0.025498
0.0275172
0.0278506
0.030644
0.0342923
0.0381756
0.0422433
0.0454517
0.0497357
0.0540562
0.0583509
0.0625715
0.0656211
0.069432
0.072905
0.0759371
0.0784681
0.0796891
0.0809877
0.0814975
0.0811734
0.0799455
0.077807
0.074769
0.0711311
0.0697794
0.0679475
0.0657199
0.0640288
0.0612349
0.0582743
0.055207
0.052115
0.0498375
0.0501471
0.0530333
0.0559588
0.0588929
0.0617802
0.0644352
0.067064
0.0694856
0.0716023
0.0733631
0.0746404
0.0754897
0.0757509
0.0753692
0.0742895
0.0727522
0.07022
0.0668702
0.0627022
0.0577087
0.0520099
0.0467514
0.0413744
0.0369218
0.0334379
0.033025
0.0332199
0.0335198
0.0338187
0.0342951
0.0351094
0.0359831
0.0376972
0.0399688
0.0428483
0.0463345
0.0503997
0.054082
0.0587971
0.063605
0.068531
0.0732013
0.0768702
0.0805832
0.0835897
0.0856413
0.0868328
0.0868859
0.0863035
0.0848799
0.0829077
0.0804493
0.0778644
0.0754686
0.0731673
0.0713324
0.0702451
0.0699894
0.0717697
0.061348
0.0752098
0.0905361
0.0948444
0.0901836
0.0833373
0.0738579
0.0628845
0.0511411
0.0411416
0.0377697
0.0365032
0.0354538
0.0345099
0.0336031
0.0323299
0.031263
0.0312898
0.0337139
0.0350677
0.037385
0.0375206
0.0367344
0.0351613
0.0329686
0.0303056
0.0281291
0.0249539
0.0217889
0.0187414
0.0159028
0.0133679
0.0108961
0.0109723
0.0111472
0.0112189
0.00935668
0.0103481
0.0113764
0.0123139
0.0131702
0.0139347
0.0124823
0.0131352
0.0137205
0.0142356
0.0146904
0.0131166
0.0135976
0.014706
0.0157932
0.0168505
0.0185621
0.0195602
0.0205308
0.0214622
0.0223555
0.023197
0.0245772
0.0253291
0.0260362
0.0266944
0.0273289
0.028382
0.0289285
0.0294242
0.0299006
0.0303534
0.0311754
0.0315626
0.0319247
0.0322693
0.0325793
0.0328717
0.0334313
0.0336559
0.0338423
0.033989
0.0340952
0.0344087
0.0344139
0.0343735
0.0342728
0.0340801
0.0340359
0.0336728
0.0331931
0.0325966
0.031868
0.0310121
0.030292
0.0291689
0.0279055
0.0265154
0.0249988
0.025084
0.0255465
0.0259926
0.0264267
0.0268244
0.027666
0.027957
0.0281743
0.0282732
0.028212
0.0297657
0.0331283
0.0364972
0.0397437
0.0427284
0.0447282
0.0452107
0.0450217
0.0446335
0.0442077
0.0437443
0.0435107
0.0429728
0.0423583
0.0416588
0.0450408
0.0490703
0.0529055
0.0577884
0.0632454
0.0693651
0.076166
0.0845195
0.0945898
0.105068
0.119455
0.130277
0.139682
0.152647
0.161741
0.16748
0.170199
0.17007
0.166737
0.161762
0.154804
0.146314
0.136719
0.126166
0.115394
0.10444
0.0935282
0.082837
0.071874
0.0619349
0.0525891
0.0439361
0.0360491
0.0289558
0.0228322
0.0213828
0.0196261
0.01763
0.0153792
0.0153141
0.0127047
0.0100313
0.0073024
0.00491516
0.00479837
0.00486282
0.00543847
0.00558059
0.00531254
0.00698117
0.00687421
0.00811345
0.00908094
0.00973796
0.0104114
0.0101992
0.0116878
0.0128856
0.0138008
0.0144206
0.016138
0.0181523
0.0200674
0.0218483
0.0234704
0.0248941
0.0261641
0.0271475
0.0278953
0.0284022
0.0286566
0.028808
0.0285977
0.028142
0.0274345
0.0264803
0.0255411
0.02419
0.022675
0.0220368
0.0213422
0.0205188
0.0218115
0.0228148
0.0236153
0.0242105
0.0246021
0.0252327
0.0252453
0.0250851
0.0247592
0.0242834
0.0240981
0.0233602
0.0225137
0.0215806
0.0205786
0.0195221
0.0188094
0.0176723
0.0165229
0.0153757
0.0142448
0.0136887
0.0135894
0.0135435
0.0135359
0.0135419
0.0135664
0.0135401
0.0134591
0.0132817
0.0129853
0.0125609
0.0120559
0.0112255
0.0101081
0.00865651
0.0103012
0.0132748
0.0170693
0.0213841
0.0262547
0.0317149
0.0370362
0.0436934
0.0510393
0.0590995
0.0705264
0.0798768
0.0888077
0.0918137
0.0882504
0.0797444
0.0677369
0.0518838
0.0365617
0.021358
0.0207
0.0227782
0.0243332
0.0281095
0.0358662
0.041897
0.0462615
0.0490564
0.0520794
0.0520747
0.0509445
0.0488503
0.0459606
0.0437151
0.0396356
0.0352267
0.0306225
0.0259499
0.0221725
0.0194533
0.0170801
0.014692
0.0145251
0.0153958
0.0149646
0.0154691
0.0157525
0.015788
0.0155829
0.0143717
0.0138021
0.013053
0.0121668
0.0123068
0.0124246
0.0122662
0.0119417
0.0117628
0.0122227
0.0125925
0.0137692
0.0138886
0.0139115
0.0138482
0.0136971
0.0143577
0.0140543
0.0136926
0.0132793
0.0128276
0.013097
0.0125099
0.0118784
0.0112377
0.0105934
0.00996536
0.00998992
0.00934899
0.00872147
0.00812727
0.00755507
0.00754791
0.00699094
0.00649351
0.00606135
0.00565223
0.0057064
0.00536998
0.00527699
0.00516979
0.00505038
0.00492215
0.00492977
0.00481118
0.00470531
0.00459467
0.00448263
0.00446466
0.00432645
0.00418039
0.00402458
0.0038581
0.00376888
0.00358143
0.0033884
0.00320297
0.00301746
0.00284043
0.00273873
0.00262757
0.00287539
0.00311494
0.00334923
0.00351506
0.0037607
0.004007
0.00424042
0.00445235
0.00458348
0.00474644
0.0048897
0.00502072
0.00514151
0.00525664
0.00532466
0.0054267
0.00552046
0.00560346
0.00566468
0.00568372
0.00566827
0.0055743
0.00540598
0.00516744
0.000756547
0.00252254
0.0159356
0.0299339
0.0410157
0.0450398
0.0515613
0.0568212
0.061097
0.0645802
0.0609605
0.0630672
0.0647061
0.0659052
0.0666835
0.0670418
0.0605707
0.0602596
0.0595631
0.0584824
0.0570503
0.0514622
0.0537896
0.0557775
0.0574189
0.0587193
0.0516943
0.0524012
0.0528558
0.0530647
0.0530509
0.0528434
0.0453078
0.0449758
0.0444739
0.0438024
0.0429831
0.0363865
0.0355927
0.0346166
0.0334855
0.032184
0.0270202
0.0258217
0.0247768
0.0244396
0.0240785
0.0237324
0.0221227
0.0219432
0.0217516
0.0215602
0.0213281
0.0203832
0.0200942
0.0197134
0.0192136
0.0186114
0.0175701
0.0168515
0.0161036
0.0153685
0.0146634
0.0140322
0.0131643
0.0126823
0.0123025
0.0120055
0.0118017
0.0112488
0.0111614
0.0111709
0.0113316
0.011514
0.0126498
0.0127382
0.0128098
0.0128663
0.0128704
0.0128481
0.0133957
0.0132317
0.0130243
0.0127795
0.0124865
0.0125829
0.0121766
0.0117314
0.0112543
0.010746
0.0105122
0.00994706
0.00937188
0.00879601
0.00822021
0.0076486
0.00726007
0.00669952
0.00616367
0.00566004
0.00519364
0.00485341
0.0044647
0.00413042
0.0038528
0.00363702
0.00349373
0.00340013
0.00338405
0.0034423
0.00357646
0.00379148
0.00401513
0.00440194
0.00489208
0.00548021
0.00616695
0.00680257
0.0076686
0.00863121
0.00968911
0.0108339
0.0118563
0.0131605
0.0145488
0.0160256
0.0175795
0.0191993
0.0206227
0.022371
0.0241927
0.0260717
0.0280018
0.0296791
0.0316755
0.0337034
0.0357435
0.0377768
0.0394994
0.0414946
0.0434287
0.045273
0.0469987
0.0485685
0.049742
0.0508904
0.0517089
0.0521294
0.0682208
0.0728457
0.0826832
0.086461
0.0878332
0.0872164
0.0872754
0.0931773
0.0973404
0.0998614
0.100847
0.100441
0.0939153
0.0908312
0.0867562
0.081809
0.0761026
0.0642809
0.057454
0.0503321
0.0430703
0.0358375
0.0265866
0.0244959
0.0226139
0.0209671
0.0195741
0.0184264
0.0183099
0.0207455
0.02276
0.0243352
0.0254457
0.0302963
0.030448
0.030152
0.0294563
0.0283979
0.0309008
0.0292031
0.0273212
0.0253009
0.0232149
0.0211302
0.0222797
0.0202221
0.0183145
0.0166041
0.0151402
0.0164613
0.0154099
0.0158965
0.0181679
0.0207158
0.0228549
0.025854
0.0290848
0.0325027
0.0361097
0.0398652
0.0427892
0.0467532
0.0507848
0.0548492
0.0589356
0.0619737
0.0659406
0.0697805
0.0734192
0.0768186
0.0790368
0.0817589
0.0839953
0.0856864
0.0867294
0.0870698
0.0863198
0.0852175
0.0833254
0.0806475
0.0772496
0.0733643
0.0688168
0.0637854
0.0583607
0.0526517
0.0487901
0.0452597
0.0416999
0.0381751
0.0390245
0.0399027
0.0407999
0.0414514
0.0419635
0.0422735
0.0423682
0.0423242
0.0418494
0.040996
0.0397262
0.0379808
0.0360458
0.0332518
0.0298218
0.0257005
0.0208044
0.0200706
0.0203501
0.0212276
0.0219575
0.0223426
0.022355
0.0218673
0.0213794
0.0208068
0.0202708
0.0199229
0.0196562
0.0199689
0.0207913
0.0224365
0.0246812
0.0271287
0.029342
0.032927
0.0369504
0.041272
0.0457277
0.0494803
0.0538294
0.0579695
0.0617781
0.0652151
0.0677896
0.0705073
0.0728671
0.0749215
0.0767662
0.0783828
0.0795794
0.0810465
0.0826103
0.0892906
0.097073
0.104428
0.0913749
0.102238
0.114243
0.114854
0.106751
0.0958193
0.0821384
0.066916
0.0515205
0.0552185
0.0631091
0.0689903
0.0729026
0.074997
0.0754354
0.0739152
0.071593
0.0682998
0.0642803
0.0664184
0.0696031
0.0690971
0.0673695
0.0645944
0.0609545
0.0566641
0.053176
0.0479128
0.0425454
0.0372346
0.0321143
0.0275529
0.0229303
0.0188044
0.0194124
0.0201428
0.0185809
0.0193535
0.0200575
0.0206365
0.0210591
0.0213078
0.0193169
0.0192632
0.0190366
0.0186599
0.0181479
0.0180218
0.0185814
0.0191371
0.0196801
0.020214
0.0214817
0.0220038
0.0225271
0.0230554
0.0235818
0.0241031
0.025232
0.0257386
0.0262332
0.0267169
0.0272002
0.0281427
0.0285782
0.0289849
0.0293877
0.029782
0.0305619
0.0309103
0.0312384
0.0315494
0.0318258
0.0320844
0.0326197
0.0328216
0.0329965
0.0331427
0.033265
0.0335997
0.0336368
0.0336406
0.0336115
0.033528
0.0336149
0.0334454
0.0332134
0.0329285
0.0334432
0.0342963
0.0357904
0.0366215
0.0374428
0.0382501
0.039023
0.0402993
0.0409612
0.0415469
0.0420232
0.0423671
0.0430426
0.0430319
0.0427946
0.0439141
0.0465669
0.0491852
0.0517495
0.0541567
0.0564297
0.0584834
0.0597229
0.0597023
0.063276
0.0694996
0.0757716
0.0819931
0.0873504
0.0934113
0.0994266
0.105413
0.111361
0.117269
0.12235
0.128064
0.133527
0.138519
0.148099
0.155748
0.162953
0.168164
0.174835
0.175808
0.175316
0.176185
0.17306
0.167154
0.159469
0.150677
0.141414
0.131553
0.121603
0.111787
0.102275
0.0927632
0.0841085
0.0761197
0.0688646
0.0624019
0.0554912
0.05047
0.0461845
0.0471269
0.0492868
0.0521261
0.0564609
0.0602726
0.0644133
0.0687053
0.0729577
0.077636
0.0812765
0.0843978
0.0868636
0.0886065
0.0903818
0.0905823
0.0899763
0.0886296
0.0866079
0.0839894
0.0819165
0.0783689
0.0744597
0.0702444
0.0680857
0.0693361
0.0689534
0.0680726
0.0667393
0.0650022
0.0640475
0.0616431
0.058985
0.0561251
0.0531113
0.0499833
0.0478109
0.0459245
0.0442043
0.0423916
0.0405033
0.0397613
0.0377392
0.0356955
0.0336426
0.0315948
0.0305878
0.0285512
0.026563
0.0246277
0.0227508
0.0209293
0.0199661
0.0182391
0.0165832
0.0150003
0.0134916
0.0126828
0.0112951
0.00998227
0.00873885
0.00780489
0.0074048
0.00689797
0.0063225
0.00568222
0.00498157
0.00471687
0.00512193
0.00577354
0.00638622
0.0069519
0.00745595
0.00770502
0.00807707
0.0083684
0.00884371
0.00949574
0.0100127
0.0104567
0.0107507
0.0108576
0.0107328
0.0103405
0.00977336
0.00929087
0.00967562
0.010019
0.0103288
0.010574
0.0121803
0.0166671
0.0217671
0.0275191
0.0331451
0.040197
0.0480023
0.0565996
0.0686416
0.0786878
0.0883001
0.0921708
0.0895563
0.0820792
0.0712189
0.0564536
0.0422042
0.027752
0.0162648
0.0181139
0.0194766
0.0199613
0.0252259
0.0303932
0.0339626
0.0360633
0.0385853
0.0381196
0.0366424
0.0343268
0.0313516
0.0291366
0.0251913
0.0238124
0.0224078
0.0207177
0.0181437
0.0160532
0.0138972
0.0137408
0.014283
0.0146302
0.0137739
0.013835
0.0137478
0.0135834
0.0144089
0.0149921
0.0153337
0.0154482
0.0153408
0.0150501
0.0147965
0.0142543
0.0136024
0.0128757
0.0120884
0.0112655
0.0106594
0.00980324
0.00908527
0.0083499
0.00755724
0.00769469
0.00686872
0.00606185
0.00528061
0.00455517
0.00467411
0.0040026
0.00342238
0.00371617
0.00407696
0.00439435
0.00477389
0.00493008
0.00501052
0.00503066
0.0049783
0.00507191
0.00486195
0.0045546
0.00417656
0.00393347
0.00369063
0.00358739
0.00349352
0.00340293
0.00332148
0.00324537
0.00306857
0.00299849
0.00293438
0.00302652
0.00344482
0.00355643
0.00398873
0.00444023
0.0049013
0.00536583
0.00557244
0.0060169
0.00645193
0.00688274
0.00730534
0.00773199
0.00796525
0.00837047
0.00874875
0.00907174
0.00933504
0.00941899
0.0095941
0.00974634
0.00986964
0.00997378
0.00996502
0.00999586
0.00997995
0.00989661
0.00974287
0.00951539
0.00921641
0.00886482
0.00844397
0.00797866
0.00747511
0.00698531
0.00647154
0.00597909
0.00564562
0.00545295
0.000756547
0.00252254
0.0159356
0.0299339
0.0410158
0.0450402
0.0515623
0.0568137
0.0610644
0.0645019
0.0608278
0.0628605
0.0644091
0.0655072
0.0661761
0.0664323
0.0598797
0.0595049
0.0587766
0.0577196
0.0563534
0.0504838
0.0527644
0.0547419
0.0564085
0.0577771
0.0508416
0.0516882
0.0523118
0.0527216
0.0529277
0.0529479
0.0456185
0.0455261
0.0452635
0.0448279
0.0442359
0.0378337
0.0372564
0.036493
0.0355694
0.0344725
0.0294769
0.0284603
0.0276046
0.0276801
0.027779
0.0279222
0.0267976
0.0272242
0.0277293
0.0283141
0.0289707
0.0288827
0.0296811
0.0304923
0.0312883
0.0320639
0.032282
0.0330361
0.033775
0.0345113
0.0352477
0.0360086
0.0363151
0.0371141
0.0379479
0.0387853
0.0396445
0.0399593
0.0407994
0.0415995
0.0423667
0.0432886
0.0431784
0.0437206
0.0443477
0.0454475
0.0463926
0.0472145
0.0454951
0.0461313
0.0466383
0.0470161
0.04726
0.0454089
0.0454946
0.045463
0.0453282
0.0450888
0.0431784
0.0428347
0.0424067
0.0418982
0.0413169
0.0406651
0.0387651
0.0380413
0.0372522
0.0364014
0.0354906
0.0336314
0.0326655
0.0316484
0.0305838
0.0294758
0.0276792
0.0265452
0.0253815
0.0241897
0.0229644
0.021707
0.0204522
0.0201622
0.0198185
0.0194212
0.0189721
0.0181646
0.0176423
0.0170672
0.0164293
0.0167227
0.0171015
0.0176572
0.0182895
0.0190029
0.0197945
0.020665
0.0214391
0.0224507
0.0235455
0.0247282
0.0259993
0.0271382
0.0285697
0.0300837
0.0316759
0.0333352
0.0347943
0.036558
0.0383308
0.0400843
0.04178
0.043367
0.044586
0.0458277
0.0467904
0.0474005
0.070229
0.0751637
0.0851184
0.0888841
0.0901126
0.091674
0.0968611
0.10252
0.106286
0.108274
0.108637
0.107529
0.100333
0.0964373
0.091487
0.0856284
0.079017
0.0664299
0.0587636
0.0508491
0.0428563
0.0349648
0.0234709
0.021408
0.0196042
0.0180972
0.0168956
0.0178305
0.0251113
0.0278374
0.0300982
0.0318754
0.0331532
0.0381192
0.0383772
0.0381587
0.0375216
0.036499
0.0390274
0.0373455
0.0354823
0.0334789
0.0314246
0.029379
0.0305818
0.0286004
0.0267839
0.025167
0.0238073
0.0252204
0.0242787
0.0236299
0.0233044
0.0232838
0.0254503
0.0259274
0.027285
0.0304079
0.033723
0.0371951
0.0398798
0.043583
0.0473736
0.0512185
0.0551123
0.0580056
0.0618446
0.0656052
0.0692221
0.0726619
0.074973
0.0778709
0.0803656
0.0823999
0.0838733
0.0847262
0.0844868
0.0840275
0.0828282
0.0808736
0.0782148
0.0749767
0.0711591
0.0668363
0.0620916
0.0571424
0.0543959
0.0506811
0.0469331
0.0432208
0.0407585
0.0413868
0.0420788
0.0425233
0.0428706
0.0430771
0.0431401
0.0431414
0.0428122
0.0422197
0.0413319
0.0400964
0.0387159
0.0366807
0.0341488
0.0310666
0.0273772
0.0230632
0.0227988
0.0228878
0.0221429
0.0209213
0.0193646
0.0175986
0.0157379
0.0139577
0.0127009
0.0123899
0.0122861
0.0124473
0.0128498
0.0134701
0.0142795
0.0152726
0.016206
0.0173866
0.0191029
0.0222675
0.0257269
0.0287953
0.0325809
0.036413
0.0401421
0.0437606
0.0466166
0.0498115
0.0527489
0.0554722
0.0580022
0.0604542
0.0624639
0.0649857
0.0698141
0.0779028
0.0869857
0.0957154
0.0845398
0.0975824
0.11212
0.115616
0.110277
0.102635
0.0922727
0.0802943
0.0674292
0.0564755
0.0561696
0.0612727
0.0647052
0.0665898
0.0670576
0.0657315
0.0637887
0.0610133
0.0576194
0.0538334
0.0486058
0.0444969
0.0405681
0.0369517
0.0340841
0.0315356
0.0297547
0.0266181
0.0239376
0.0232721
0.0230531
0.0208646
0.021327
0.0220599
0.0229961
0.0240661
0.0228265
0.0239963
0.0251339
0.0261833
0.0271094
0.027882
0.0263549
0.0268249
0.027101
0.0271931
0.0270983
0.0249509
0.0245584
0.0240316
0.0233711
0.0225992
0.0221768
0.0227164
0.023251
0.0237788
0.0242901
0.0247826
0.0258767
0.0263356
0.0267815
0.0272242
0.0276796
0.0285968
0.0289991
0.0293717
0.0297363
0.03008
0.0308034
0.0310757
0.0313225
0.031548
0.0317343
0.0318983
0.0323465
0.0324451
0.0325201
0.032572
0.032609
0.0328787
0.0328631
0.0328404
0.0328109
0.0327499
0.03288
0.0327876
0.0326636
0.0325188
0.0323449
0.0321496
0.0333963
0.0342223
0.0349868
0.0356958
0.0363015
0.0374035
0.0378134
0.0381085
0.0382363
0.0381975
0.0384913
0.0380252
0.0384718
0.0411325
0.0438236
0.046486
0.0491082
0.0515632
0.0555187
0.0610502
0.0670459
0.0725759
0.0791945
0.0857942
0.0922878
0.0986073
0.103901
0.109721
0.115265
0.120549
0.125496
0.130072
0.133582
0.142704
0.15208
0.15999
0.165988
0.169411
0.171107
0.170627
0.172046
0.168425
0.164595
0.162294
0.156668
0.148824
0.139681
0.129809
0.119874
0.109529
0.0993572
0.0895445
0.0802033
0.0709986
0.062808
0.0554112
0.048798
0.0430256
0.0366781
0.0322658
0.0315784
0.03194
0.0342828
0.0367865
0.0402466
0.0425917
0.0448291
0.046732
0.0483687
0.0507559
0.0517223
0.0523415
0.0526405
0.0526304
0.0536368
0.0531201
0.0523793
0.0514234
0.050261
0.0489567
0.0488226
0.0472488
0.0455732
0.0438793
0.0421343
0.0416358
0.0398564
0.0381302
0.0364473
0.0348239
0.034323
0.032736
0.0311921
0.029698
0.0282715
0.0269223
0.0265496
0.0253125
0.0241274
0.0229887
0.0218846
0.021566
0.0204662
0.0193689
0.018264
0.0171551
0.0166999
0.0155792
0.0144611
0.0133399
0.0122488
0.011199
0.0107359
0.0109616
0.0110767
0.0110696
0.0109477
0.0105877
0.0102738
0.00985916
0.00935487
0.00876836
0.00808629
0.00739917
0.00667069
0.00590255
0.00510433
0.00428277
0.00348705
0.00289987
0.00324596
0.00371475
0.00409862
0.00425152
0.00454257
0.00478742
0.00496186
0.0050526
0.00494199
0.00478248
0.00435214
0.00365478
0.00268468
0.00233346
0.00230654
0.00237959
0.00447842
0.0073124
0.0106154
0.0139638
0.0182117
0.0229959
0.028353
0.0342992
0.0400456
0.0471816
0.0549868
0.0634862
0.0753285
0.0850734
0.0943357
0.0977077
0.094478
0.0862523
0.0744769
0.0587159
0.0445387
0.0366115
0.0339336
0.0297007
0.0241866
0.0182811
0.0170384
0.0159479
0.0195682
0.022239
0.0256291
0.0265405
0.0268023
0.0289247
0.0317975
0.0331756
0.0343497
0.0347743
0.0345187
0.0336432
0.0315173
0.0296488
0.0274377
0.0249917
0.0224009
0.0197372
0.0162326
0.0135972
0.0110819
0.00874668
0.00821063
0.00760898
0.00887853
0.010289
0.0115333
0.0126216
0.0135606
0.0143454
0.0149777
0.0154606
0.0157986
0.0160049
0.0162304
0.016226
0.0161126
0.0158956
0.0156018
0.0154298
0.0149997
0.014512
0.0139844
0.0134211
0.0130587
0.0124747
0.0118887
0.011298
0.0107142
0.0101399
0.00977409
0.00922719
0.00870091
0.00818565
0.00769863
0.0074037
0.00696659
0.00654253
0.00613093
0.00608222
0.00593966
0.00593682
0.00593203
0.00593323
0.00595494
0.00598538
0.00591856
0.00595601
0.00595088
0.00612581
0.0063353
0.00624292
0.00636385
0.00642653
0.00642148
0.00634585
0.0060363
0.00584155
0.0055868
0.00528394
0.00493984
0.00456798
0.00409687
0.00371204
0.00332317
0.00292267
0.00251196
0.00251178
0.00284512
0.00321524
0.00360847
0.00403844
0.00441521
0.00492452
0.00548537
0.00610842
0.0067717
0.00747439
0.00810838
0.00886698
0.00961615
0.0103283
0.0110333
0.0116097
0.0122556
0.012839
0.0133819
0.0138657
0.000756547
0.00252216
0.015907
0.0298439
0.040842
0.044781
0.0511972
0.056355
0.0605404
0.063947
0.0602716
0.0623251
0.0639175
0.0650738
0.065811
0.0661401
0.0596501
0.0593424
0.0586653
0.0576494
0.0562951
0.0509802
0.0533514
0.0554205
0.0571797
0.0586379
0.051776
0.0526805
0.0533635
0.0537973
0.0540358
0.0540588
0.0467446
0.0466383
0.0463447
0.0458636
0.0452146
0.0387552
0.0381072
0.0372696
0.0362705
0.0350991
0.0300396
0.0289472
0.0285304
0.0283943
0.0281167
0.0277389
0.0260314
0.0256757
0.0252737
0.0248546
0.0244026
0.0232895
0.0228346
0.0223116
0.021685
0.0209696
0.0198328
0.0190066
0.0181394
0.0172749
0.0164307
0.0156452
0.0146376
0.0139859
0.0134325
0.0129615
0.012585
0.0118801
0.0116237
0.0114147
0.0112546
0.011146
0.0106106
0.0108456
0.011155
0.0114547
0.0117078
0.0119404
0.0127157
0.0128163
0.0128747
0.012893
0.0128628
0.0131866
0.0130377
0.0128449
0.0126185
0.0123507
0.0123225
0.0119754
0.0116054
0.0112159
0.0108131
0.0103956
0.010131
0.00969574
0.00927107
0.00885855
0.00846668
0.00817439
0.00782105
0.00750279
0.00722578
0.00699222
0.00681885
0.00667211
0.00658314
0.00655349
0.00658785
0.00668767
0.0067986
0.00703275
0.00734465
0.00773579
0.00820749
0.00863796
0.00925566
0.00994958
0.0107305
0.0116009
0.0123858
0.0134197
0.0145472
0.0157644
0.0170672
0.0184558
0.0196921
0.0212328
0.0228676
0.0245901
0.0263975
0.0279882
0.0299112
0.0318782
0.0338768
0.0359025
0.0376417
0.039668
0.0416542
0.0435682
0.0453725
0.0470279
0.0482868
0.049546
0.0505107
0.0511224
0.062876
0.0673804
0.0773327
0.0813257
0.082961
0.0826284
0.0799465
0.0858376
0.090098
0.0928104
0.0940943
0.0940635
0.0879302
0.0853501
0.0817955
0.0773673
0.0721916
0.0608318
0.0545219
0.0478851
0.0410869
0.0342764
0.0225427
0.0195242
0.017756
0.0162475
0.0150108
0.0140407
0.0192867
0.0220135
0.0243233
0.0261931
0.0276009
0.0327069
0.0331446
0.0331183
0.0326776
0.0318442
0.0345229
0.0329858
0.0312261
0.0292791
0.0272174
0.0250994
0.0261796
0.0239924
0.0218963
0.019931
0.0181557
0.0191548
0.0176891
0.0164714
0.0155446
0.0168508
0.0187178
0.0214286
0.0243972
0.0275872
0.031
0.0345978
0.0374129
0.0412868
0.0452684
0.049327
0.0534547
0.0565728
0.0606855
0.0647366
0.0686583
0.0724172
0.0750172
0.0782575
0.0811025
0.0834952
0.0853256
0.0865266
0.0865745
0.0864089
0.0854476
0.0836555
0.0810625
0.0777928
0.0738279
0.0692395
0.064835
0.0624581
0.0605437
0.0576735
0.0546555
0.0515654
0.0484415
0.0453488
0.0429727
0.0433492
0.0442241
0.0448829
0.0452993
0.0455074
0.045271
0.0445978
0.0434303
0.0417043
0.0397118
0.0367698
0.0331
0.0286606
0.0233669
0.017139
0.0124193
0.0146169
0.0151478
0.0144462
0.0131801
0.0118675
0.0107939
0.00987614
0.00908946
0.00902504
0.0104858
0.0131973
0.0161896
0.019358
0.0226252
0.02592
0.028781
0.0319007
0.0348329
0.0379749
0.0440156
0.0497596
0.0565966
0.0633947
0.0699303
0.0760377
0.08078
0.0856574
0.0897539
0.0929798
0.0954206
0.0971132
0.098021
0.0987846
0.0993536
0.104042
0.110901
0.117457
0.103508
0.113536
0.124827
0.124976
0.116682
0.105754
0.0920857
0.0766014
0.0601314
0.0512835
0.0449073
0.0499002
0.0560951
0.0604106
0.0630037
0.0632891
0.0629048
0.0613904
0.066216
0.0699864
0.0742263
0.0748081
0.0740231
0.07202
0.0689677
0.0650678
0.0617616
0.0565273
0.0510091
0.0453833
0.0398119
0.0347651
0.0295173
0.0247001
0.0216472
0.0227033
0.0214644
0.0226313
0.0237493
0.0247605
0.0256235
0.0263079
0.0246907
0.0250549
0.0252314
0.025243
0.0251003
0.0229495
0.0226021
0.0221865
0.0217098
0.0217185
0.0229969
0.023532
0.0240694
0.0246135
0.0251489
0.025678
0.0268117
0.0273273
0.027838
0.0283541
0.0288898
0.0299
0.0304351
0.0309606
0.0314987
0.0320429
0.0329616
0.033476
0.033976
0.0344644
0.0349207
0.0353572
0.0360409
0.0364015
0.0367205
0.036995
0.0372252
0.037638
0.0377477
0.0378104
0.0378263
0.037766
0.0378511
0.0376553
0.0373731
0.0370158
0.036573
0.036052
0.0356706
0.0349879
0.0342229
0.0346639
0.0355067
0.0368146
0.037496
0.0380713
0.0385281
0.0388263
0.0394674
0.0393954
0.0390983
0.0398681
0.0434119
0.0469452
0.0503233
0.0536626
0.0568154
0.0596258
0.0615192
0.0620279
0.0661391
0.072673
0.0792231
0.0857376
0.091353
0.0977099
0.103991
0.110209
0.116346
0.122367
0.127472
0.133093
0.138311
0.142839
0.147161
0.153724
0.159316
0.162648
0.167356
0.166477
0.164513
0.163938
0.159611
0.152818
0.144481
0.135307
0.125859
0.115932
0.106078
0.096488
0.0873218
0.0781994
0.0700639
0.0626663
0.0560555
0.0502724
0.0439569
0.0396267
0.036024
0.0330348
0.0336847
0.0356759
0.0392824
0.0422991
0.0457302
0.0494415
0.0532825
0.0577758
0.0614266
0.0648228
0.0678326
0.0703821
0.0730679
0.0745321
0.075417
0.0757244
0.0754753
0.0746888
0.0742386
0.0725188
0.0703887
0.0678911
0.0650797
0.0628477
0.0595227
0.0560201
0.0530716
0.0522223
0.0520499
0.0505215
0.0486956
0.0466033
0.0442749
0.0417586
0.040067
0.0384825
0.0373693
0.0361086
0.0347181
0.0343678
0.0327478
0.0310593
0.0293176
0.0275398
0.0267396
0.0249021
0.023071
0.0212502
0.019448
0.0176724
0.0167315
0.0150113
0.0133473
0.0117451
0.0102092
0.0093748
0.00866608
0.0079999
0.00730763
0.00657995
0.00614634
0.00532278
0.00446258
0.00358393
0.00269552
0.00318611
0.00385179
0.00461967
0.00539128
0.00615584
0.0069091
0.00754435
0.0082489
0.00892946
0.00958619
0.0102071
0.0107126
0.0112593
0.0117705
0.0122498
0.0126989
0.0131154
0.0134479
0.0138039
0.0141328
0.0144233
0.0146697
0.014843
0.0164071
0.0207665
0.0256938
0.0312233
0.0366258
0.0434281
0.0509751
0.0592947
0.0710306
0.0807357
0.0900144
0.0934586
0.0903472
0.0823168
0.0708553
0.0555405
0.0407062
0.025714
0.0160333
0.0181921
0.019777
0.0219404
0.0290402
0.0343836
0.0380448
0.0401495
0.0426031
0.0420131
0.0403835
0.0378696
0.0346573
0.0322321
0.0280854
0.0270382
0.0256473
0.0239781
0.0214139
0.0193054
0.0171013
0.0148323
0.014598
0.0147813
0.013798
0.0137326
0.0135304
0.0139623
0.0150112
0.0157806
0.0163237
0.0166302
0.0167187
0.0166214
0.0165221
0.0161368
0.0156336
0.0150364
0.0143603
0.0136308
0.0131012
0.0128641
0.0129209
0.0129135
0.0128379
0.0135806
0.0133834
0.0131544
0.0128536
0.0125187
0.0129128
0.0124972
0.0120099
0.0114943
0.010957
0.0103734
0.0103816
0.00966799
0.00890163
0.00811812
0.00731295
0.00706261
0.00619972
0.00534782
0.00449279
0.00363827
0.00332984
0.00337422
0.00353268
0.00371252
0.00387432
0.00401852
0.00422418
0.00428171
0.00430013
0.00431773
0.00431791
0.00439297
0.00434297
0.00425798
0.00415073
0.00407134
0.00412542
0.00422743
0.00430733
0.00435345
0.00437589
0.00437717
0.0043322
0.00430779
0.00427239
0.00422959
0.00418837
0.00413015
0.00407898
0.00401251
0.00393559
0.00385566
0.003773
0.00369577
0.00362223
0.0035498
0.00348477
0.00342993
0.00338396
0.00334223
0.0032922
0.00322092
0.00311741
0.00299695
0.00284164
0.00268242
0.00252132
0.00276607
0.000756547
0.00251307
0.0158313
0.0296322
0.0404335
0.0441552
0.0502833
0.0551233
0.0589759
0.0620451
0.0580822
0.0598296
0.0611506
0.0620824
0.0626577
0.0628919
0.0563829
0.0561196
0.0555664
0.0547329
0.0536315
0.0473155
0.0495397
0.051516
0.0532356
0.0546977
0.0478738
0.0488751
0.0496714
0.0502679
0.0506576
0.0508656
0.0436911
0.0437711
0.0436726
0.0433986
0.0429588
0.0366915
0.0362631
0.0356494
0.0348701
0.0339132
0.0292939
0.0296647
0.0300463
0.0304545
0.0309261
0.0314798
0.0307476
0.0316578
0.0326856
0.0338228
0.0350646
0.0355158
0.0369606
0.0384454
0.0399466
0.0414485
0.042325
0.0438477
0.0453712
0.0468941
0.0484138
0.0499452
0.0509119
0.0524417
0.0539796
0.0554919
0.0578294
0.057833
0.0592349
0.0609974
0.062954
0.0647672
0.063462
0.0650354
0.0664522
0.0677101
0.0687836
0.0697012
0.0680396
0.0687119
0.0692248
0.0695823
0.0697774
0.0678653
0.0678576
0.0677104
0.0674353
0.0670349
0.0649647
0.0644203
0.0637716
0.0630245
0.0621871
0.0612647
0.0591191
0.058108
0.0570246
0.055873
0.0546594
0.0525333
0.0512652
0.0499476
0.0485866
0.0471803
0.0451222
0.0436863
0.0422175
0.0407171
0.0391846
0.0376198
0.0356484
0.0340608
0.0324443
0.0308
0.0291252
0.027206
0.0264774
0.0259155
0.0254339
0.0258405
0.0261947
0.0267114
0.0272924
0.0279401
0.0286537
0.0294368
0.0301352
0.0310559
0.0320543
0.0331248
0.0342689
0.0352806
0.0365523
0.0378824
0.0392622
0.0406806
0.0419018
0.0433558
0.044796
0.0461956
0.0475263
0.0487481
0.0496608
0.0505621
0.0512115
0.0515393
0.0644786
0.0685215
0.0780899
0.0818533
0.0833385
0.0829183
0.0799683
0.0864816
0.0913927
0.0947855
0.0967732
0.097469
0.0919804
0.0901438
0.0873244
0.0836124
0.0791149
0.0683076
0.0625671
0.0564224
0.0500256
0.0435205
0.0319654
0.0258893
0.0217049
0.0200967
0.0186938
0.0174978
0.0139429
0.0148606
0.017412
0.0196337
0.0214702
0.0270033
0.0279842
0.0285517
0.0287429
0.0285626
0.0318229
0.0309481
0.0298371
0.0285198
0.0270669
0.0255309
0.0270842
0.025397
0.023757
0.0222082
0.0208067
0.022108
0.0209535
0.0200183
0.0193401
0.0193093
0.0211746
0.023875
0.0268301
0.0300035
0.0334021
0.0369892
0.0398017
0.0436763
0.0476631
0.0517248
0.0558544
0.058967
0.0630685
0.0670953
0.0709782
0.0746777
0.0772094
0.0803409
0.0830499
0.0852833
0.0869411
0.0879644
0.0878608
0.0875389
0.0864533
0.0845875
0.0819889
0.0787818
0.0749722
0.0706343
0.0658563
0.0609795
0.0592426
0.0566736
0.0540585
0.0514583
0.0489073
0.046449
0.0446684
0.0424005
0.0402219
0.0387636
0.0388923
0.0388791
0.0384157
0.0375389
0.0361795
0.0342668
0.0320933
0.0289141
0.0249502
0.0201459
0.0160732
0.0174643
0.0184352
0.0193316
0.0195085
0.0191847
0.018402
0.0174552
0.0175768
0.0170758
0.0160214
0.0144706
0.0127208
0.0115555
0.0115275
0.0129553
0.0147574
0.0169532
0.0191186
0.0218982
0.0248782
0.0280173
0.0312133
0.0339945
0.0370693
0.0399525
0.043712
0.0483653
0.0521191
0.0562742
0.0600755
0.0634997
0.0665422
0.0692759
0.0713497
0.0737367
0.0761397
0.0829596
0.0922441
0.100842
0.0891746
0.10135
0.114667
0.116618
0.109679
0.0999564
0.0873235
0.0729501
0.0602579
0.0569518
0.0599912
0.0674758
0.073001
0.0766734
0.0786237
0.0783406
0.0773006
0.0751193
0.0720198
0.0682366
0.0654027
0.0650831
0.0634442
0.0606692
0.0569572
0.052549
0.0489453
0.0435658
0.0381227
0.032789
0.0283041
0.0254259
0.0251691
0.0252463
0.0255704
0.0260671
0.0243389
0.0249605
0.0255489
0.0260529
0.0264324
0.0266721
0.0246888
0.0246664
0.0244824
0.0241636
0.0237077
0.0212978
0.0206623
0.0199617
0.0200818
0.0206839
0.0220265
0.022639
0.0232521
0.0238524
0.0244312
0.0249795
0.026115
0.0266076
0.0270734
0.0275142
0.0279528
0.0288545
0.0292529
0.029631
0.0300244
0.0304312
0.0312505
0.0316726
0.0321275
0.0326129
0.03311
0.033621
0.0343999
0.034896
0.0353777
0.0358331
0.0362618
0.0368553
0.0371782
0.03745
0.0376664
0.0377953
0.0380357
0.0379956
0.0378384
0.0375635
0.0371526
0.0366041
0.0361383
0.0352862
0.0342664
0.0330839
0.031726
0.0306443
0.0308876
0.0311128
0.0313079
0.031452
0.0320559
0.032065
0.0319786
0.0317782
0.0314571
0.03398
0.037937
0.0421237
0.0462364
0.0500305
0.0529609
0.0546561
0.0556188
0.0561516
0.0564105
0.0564408
0.0564816
0.0561235
0.0555509
0.0550219
0.0587457
0.0628191
0.066712
0.0716666
0.0772034
0.0833681
0.0901422
0.096903
0.106904
0.117064
0.130828
0.140663
0.148858
0.159993
0.166804
0.169902
0.1698
0.166908
0.16142
0.1544
0.145924
0.136396
0.126161
0.115303
0.104413
0.0935681
0.0829407
0.0726782
0.0621682
0.0528131
0.0441015
0.0361026
0.0320946
0.028938
0.0252829
0.0232846
0.0220374
0.0204767
0.0186478
0.018928
0.0167223
0.0144425
0.0121407
0.0098768
0.00970493
0.00756857
0.00557831
0.00380957
0.0027698
0.00153946
0.00125745
0.00206579
0.00393381
0.00595627
0.00808179
0.0104591
0.0126514
0.0148485
0.0170012
0.0190526
0.0210477
0.0228011
0.0244201
0.0258713
0.0271412
0.0282073
0.0291714
0.0298221
0.0302526
0.0304707
0.0305045
0.0305127
0.0302004
0.0297344
0.029116
0.0283507
0.0276524
0.0266582
0.0255659
0.0243991
0.0231777
0.0219198
0.0208313
0.0195326
0.018994
0.0191162
0.0191124
0.0194559
0.0192041
0.018841
0.0183729
0.0178124
0.0175968
0.0168738
0.0160969
0.0152828
0.014434
0.0135631
0.0132469
0.0130399
0.0128971
0.0128139
0.012784
0.0128375
0.0128719
0.0129232
0.0129748
0.0129966
0.0130003
0.0128817
0.0126588
0.0123096
0.0118019
0.0114973
0.0117382
0.0119634
0.0121294
0.0137805
0.0165168
0.0193183
0.0229009
0.026989
0.0316261
0.0368457
0.0419484
0.0483434
0.0554213
0.0632163
0.0743752
0.0834542
0.0921468
0.0948879
0.0910772
0.0823455
0.0701778
0.0542277
0.0388603
0.0247175
0.0226467
0.0246306
0.0260762
0.026637
0.031858
0.0374902
0.0414695
0.0438976
0.0466159
0.0462844
0.0448533
0.0424995
0.039398
0.037005
0.032897
0.0319043
0.0305669
0.0289641
0.0264804
0.0244843
0.0231085
0.0240732
0.0247644
0.0251735
0.0242891
0.024231
0.0239408
0.0234222
0.0226845
0.0210111
0.0199359
0.0187146
0.0173819
0.0159669
0.0139845
0.0133992
0.0128541
0.0122051
0.0114849
0.0107085
0.0101417
0.0101776
0.0105316
0.0107456
0.0108304
0.0116396
0.0114889
0.0112609
0.0109564
0.0105977
0.0109504
0.0104631
0.00990406
0.00929114
0.00862345
0.0079346
0.00788963
0.00714192
0.00636792
0.00569987
0.00577462
0.00601581
0.00602728
0.00602725
0.00600401
0.00594421
0.00602239
0.00591877
0.00594558
0.00653452
0.00710252
0.00764996
0.00800273
0.0085277
0.00904341
0.00954378
0.0100308
0.0103617
0.0108359
0.0112998
0.0117433
0.0121673
0.0124458
0.0128224
0.0131729
0.0134936
0.0137838
0.0140374
0.0141716
0.0143355
0.014434
0.0144807
0.0144922
0.014445
0.0144243
0.0143929
0.0143506
0.0142973
0.0142057
0.0141219
0.0140158
0.013882
0.0137239
0.0135449
0.0133509
0.0131454
0.0129311
0.0126996
0.0124568
0.012216
0.0119496
0.0116717
0.0113906
0.0111219
0.000756547
0.0025131
0.0158377
0.0296733
0.040543
0.0443565
0.0506248
0.0556339
0.0596766
0.0629494
0.0591736
0.0611461
0.0627011
0.0638677
0.0646638
0.0650949
0.0587323
0.0586028
0.0581458
0.057371
0.0562956
0.0507031
0.0531881
0.0553921
0.0573053
0.0589367
0.0522387
0.0533661
0.0542744
0.0549755
0.0554685
0.0557789
0.0486926
0.0488735
0.048869
0.0486813
0.0483147
0.0420999
0.0417123
0.0411177
0.0403338
0.0393507
0.0344275
0.0334647
0.0323111
0.0322234
0.0325943
0.0330373
0.0322011
0.0329945
0.0339095
0.0349496
0.0361011
0.0364854
0.0378676
0.0393134
0.040794
0.0423069
0.0432148
0.0448007
0.0464133
0.0480593
0.0497302
0.0520482
0.0525826
0.0543273
0.0572043
0.0600113
0.0627187
0.0618506
0.0643603
0.0666987
0.0688741
0.0708736
0.0697009
0.0714069
0.0729258
0.0742618
0.0753889
0.0763384
0.0746888
0.075358
0.0758536
0.0761771
0.076328
0.0743682
0.0742991
0.0740825
0.0737307
0.0732437
0.0710911
0.0704449
0.0696859
0.0688132
0.0678352
0.0667565
0.0644619
0.0632662
0.0619873
0.0606303
0.059201
0.0568791
0.0553771
0.0538186
0.0522101
0.0505544
0.0482764
0.0465878
0.0448664
0.0431177
0.0413407
0.0395377
0.037362
0.0355471
0.0337099
0.0318525
0.0299708
0.0278747
0.0265222
0.0258377
0.0250989
0.0243084
0.0242363
0.0246296
0.0250907
0.0256209
0.0262187
0.0268904
0.0274941
0.0283094
0.0292046
0.0301799
0.0312358
0.0321799
0.0333875
0.0346669
0.0360065
0.0373999
0.0386135
0.040072
0.0415293
0.0429632
0.0443401
0.0456264
0.0466056
0.0475868
0.0483112
0.0487022
0.0663131
0.0707942
0.0805001
0.0841765
0.0854306
0.084684
0.0875919
0.0936981
0.0980603
0.100783
0.101994
0.101827
0.0955238
0.0927146
0.088892
0.0841736
0.0786777
0.0670292
0.0603718
0.0533893
0.0462387
0.0390909
0.0270742
0.0206202
0.0183763
0.0170219
0.0159277
0.0150886
0.0199584
0.0227507
0.0251524
0.0271382
0.028687
0.0339331
0.0345515
0.034731
0.0345187
0.0339385
0.0368537
0.0356089
0.0341608
0.032549
0.0308432
0.0291036
0.0305269
0.0287459
0.0270674
0.0255311
0.0241884
0.0255711
0.0245395
0.0237522
0.0232432
0.0230034
0.0249528
0.025161
0.0261793
0.0292397
0.032506
0.0359445
0.0386146
0.0423166
0.0461241
0.0500037
0.0539521
0.0569096
0.0608432
0.0647179
0.0684693
0.0720639
0.0745298
0.0776281
0.0803489
0.0826357
0.0843823
0.0855256
0.0855478
0.0853869
0.0844736
0.0827813
0.0803473
0.077269
0.073585
0.0693411
0.0646188
0.0601485
0.0578308
0.0545715
0.0512439
0.0479149
0.0446307
0.0424572
0.0432939
0.0439048
0.0444123
0.0447613
0.044938
0.045007
0.0447027
0.0440687
0.0430543
0.0415972
0.0399297
0.037456
0.0343511
0.0305656
0.0260326
0.0231514
0.0241145
0.0247169
0.024386
0.0234695
0.022104
0.0204163
0.0185528
0.0166098
0.0146911
0.0129532
0.0114872
0.0104652
0.00996207
0.00997916
0.0107086
0.0117618
0.013049
0.0152881
0.0180227
0.0212237
0.0247975
0.0280115
0.0320325
0.0361421
0.0402006
0.0441394
0.0472815
0.0507535
0.0539148
0.0567642
0.0593393
0.0617339
0.0636311
0.0697709
0.0770652
0.0852016
0.0942451
0.102878
0.0915091
0.104285
0.118465
0.121538
0.115744
0.107482
0.0964079
0.0836383
0.0699187
0.0558432
0.057969
0.0639837
0.0682564
0.0708799
0.071976
0.0710998
0.0695444
0.0670044
0.0636871
0.0598136
0.0543777
0.0498831
0.0454271
0.0425676
0.0398085
0.0364631
0.0338579
0.0296683
0.0254304
0.0228315
0.0218628
0.0190546
0.0188435
0.0189391
0.0192635
0.0197448
0.0180056
0.0186275
0.0192386
0.0197866
0.0202378
0.0205718
0.018693
0.0188055
0.0187724
0.0186114
0.0183192
0.0176625
0.018114
0.0186085
0.0191198
0.0196427
0.0209065
0.0214172
0.021924
0.0224265
0.0229117
0.0233708
0.0244277
0.0248315
0.025205
0.0255531
0.0258944
0.02671
0.0270024
0.027268
0.0275362
0.0278081
0.0284941
0.0287543
0.0290229
0.0293052
0.0295948
0.0299001
0.0304968
0.0307807
0.0310474
0.0312915
0.0315094
0.0319203
0.032037
0.0321012
0.0321073
0.0320275
0.0323546
0.0326102
0.0328562
0.03311
0.033379
0.0336523
0.0346361
0.0348892
0.0351356
0.0353617
0.0355496
0.0363187
0.0364139
0.0364437
0.0363879
0.0362428
0.036559
0.0362199
0.0362298
0.0406386
0.0452482
0.0499779
0.0545036
0.0592566
0.06391
0.0682812
0.0717726
0.0736477
0.0744322
0.0744136
0.0738715
0.072942
0.0720388
0.0704954
0.0697901
0.0744239
0.0792463
0.0843524
0.089073
0.0948883
0.101165
0.107912
0.115037
0.12148
0.128989
0.136817
0.151041
0.160369
0.167211
0.175792
0.179222
0.17856
0.174833
0.16886
0.161282
0.152571
0.143066
0.133098
0.122924
0.112459
0.102325
0.0925003
0.0831157
0.0742819
0.0651584
0.0575373
0.0506886
0.0446612
0.039458
0.0350869
0.0297676
0.0267748
0.0244161
0.0225934
0.0212277
0.0181352
0.0173303
0.0185802
0.0212123
0.024193
0.0279014
0.0311978
0.0345371
0.0378074
0.0409228
0.0438066
0.0467384
0.0490189
0.0509557
0.0525261
0.0537141
0.0548849
0.0552997
0.0553227
0.0549822
0.054285
0.0537363
0.052422
0.050842
0.0490108
0.0469606
0.044733
0.0428826
0.0404444
0.037961
0.035457
0.0329645
0.0322177
0.0310878
0.0298668
0.0285796
0.0273205
0.0276144
0.0269311
0.0261535
0.0252921
0.0243578
0.0233623
0.0230351
0.0219387
0.0208179
0.0196843
0.0185492
0.0180089
0.0168683
0.0157503
0.0148084
0.0147714
0.0149416
0.0150874
0.0153255
0.0156312
0.0159871
0.0163867
0.016828
0.0172522
0.0176854
0.0181104
0.0185128
0.0188702
0.0191707
0.0193991
0.0195255
0.0195277
0.0194365
0.0191402
0.0186439
0.0179109
0.0169161
0.0156537
0.0143404
0.012536
0.0112479
0.0111389
0.0110024
0.0135294
0.0174736
0.0219217
0.0269202
0.0325061
0.0379382
0.0447306
0.0522133
0.0604153
0.0719754
0.0814902
0.0906217
0.0938821
0.0905781
0.0823534
0.0707126
0.0552532
0.040195
0.0249417
0.0161258
0.0181255
0.0198081
0.0222689
0.0289704
0.033838
0.0369651
0.0384917
0.040401
0.0391525
0.0368317
0.0336382
0.0297667
0.0267772
0.0247236
0.0237061
0.0224434
0.0209965
0.0187087
0.0189304
0.0200598
0.0208881
0.0214202
0.0216586
0.0206337
0.020428
0.0200158
0.0194234
0.0186898
0.0188643
0.0187958
0.0185165
0.0180546
0.0174681
0.0169873
0.0162069
0.0153578
0.0144616
0.0135535
0.0126335
0.0119701
0.0110571
0.0101516
0.00926527
0.00841361
0.00784305
0.00707501
0.0063577
0.0059174
0.00554311
0.00590891
0.00544557
0.0049305
0.00438353
0.0038121
0.00321996
0.00327727
0.0026713
0.0020563
0.00171593
0.00189352
0.00206405
0.00245357
0.00284669
0.00324482
0.0036539
0.00387776
0.00429952
0.00472403
0.00514413
0.00556052
0.00596353
0.00618693
0.00654764
0.00687705
0.00717416
0.00765839
0.00782217
0.00822046
0.008542
0.00878973
0.00894554
0.00884065
0.00889528
0.0089213
0.00892308
0.00890045
0.00885545
0.00863788
0.00850463
0.00833577
0.00814509
0.00800498
0.00779442
0.00768884
0.00760536
0.00756195
0.00757207
0.00751896
0.00755551
0.00760518
0.00767961
0.00776663
0.00786422
0.00789051
0.00796506
0.00804313
0.00808568
0.00807886
0.00803846
0.00798017
0.0078976
0.00777076
0.00760593
0.000756547
0.00252216
0.015907
0.0298439
0.0408379
0.0447699
0.0511774
0.0563223
0.0604927
0.0638855
0.060204
0.0622709
0.063908
0.0651504
0.0660183
0.0665189
0.0602148
0.060148
0.0597457
0.0590159
0.0579726
0.052586
0.0552996
0.0577267
0.0598588
0.0616935
0.0551701
0.0564811
0.0575677
0.0584273
0.0590802
0.0595302
0.0525686
0.0528751
0.0529896
0.0529029
0.0526255
0.0464686
0.0461311
0.0455628
0.0447772
0.0437296
0.0387039
0.0375742
0.0362183
0.0346574
0.0343689
0.03449
0.0333428
0.0337547
0.0342709
0.0348971
0.0356407
0.0356663
0.0366507
0.0377044
0.038813
0.0399629
0.0405717
0.0418345
0.0431486
0.0445181
0.0459384
0.0474237
0.0483877
0.0499583
0.0515786
0.0537109
0.056216
0.0558798
0.0575535
0.0597756
0.0618659
0.0638133
0.0627036
0.0643319
0.0658846
0.0672809
0.068494
0.0695541
0.0680193
0.0688385
0.0695006
0.0700079
0.0703565
0.0685806
0.0687331
0.0687492
0.0686402
0.0684064
0.0664808
0.0660972
0.0656038
0.0650039
0.0643034
0.0635088
0.0614666
0.0605641
0.0595817
0.0585239
0.0573944
0.0553341
0.0541305
0.0528679
0.0515489
0.0501744
0.048133
0.0467034
0.0452271
0.0437092
0.0421458
0.0405407
0.0385239
0.0368755
0.0351862
0.0334593
0.0317479
0.030605
0.0294623
0.0283565
0.0272978
0.0262861
0.0253889
0.0255298
0.0260628
0.0266536
0.0273026
0.0280161
0.0286522
0.0294953
0.0304087
0.0313959
0.0324582
0.0334034
0.0346056
0.0358708
0.0371891
0.0385507
0.0397254
0.0411286
0.0425212
0.0438829
0.0451793
0.0463677
0.0472527
0.0481335
0.0487656
0.049093
0.0647717
0.0687747
0.0783248
0.0821749
0.0838044
0.083545
0.0798414
0.0863191
0.0912229
0.0946243
0.096618
0.0973043
0.0917854
0.0898863
0.0869743
0.0831341
0.0784639
0.0674865
0.0615394
0.0552053
0.0486368
0.0419944
0.0303556
0.0253919
0.0236889
0.0221832
0.0208924
0.019815
0.0163668
0.017586
0.0198614
0.0217501
0.0232255
0.0284256
0.0290061
0.0291552
0.0289167
0.0283087
0.0311977
0.0299147
0.0284178
0.0267401
0.0249516
0.0231091
0.0244271
0.0225079
0.0206726
0.0189628
0.0174342
0.0186492
0.0174292
0.0164601
0.0168258
0.019313
0.0214117
0.0243881
0.0276227
0.0310799
0.0347565
0.0386121
0.0416426
0.0457439
0.0499233
0.0541365
0.0583638
0.0615081
0.0655717
0.0694687
0.0731142
0.0764503
0.0785477
0.0810419
0.0829491
0.0842024
0.084699
0.0843868
0.0829894
0.0810737
0.0783074
0.0747135
0.0703768
0.0669582
0.0651974
0.0631032
0.0607431
0.0582017
0.0562947
0.0535957
0.0509057
0.0482821
0.0496504
0.0514486
0.0531365
0.054661
0.0559922
0.0570492
0.0577925
0.058222
0.0581588
0.0575682
0.0563956
0.054582
0.0524445
0.0492663
0.0453005
0.040516
0.0348503
0.028261
0.0223743
0.0185525
0.0167218
0.0155374
0.0153763
0.0149637
0.0151867
0.0166419
0.0188021
0.0216144
0.0245878
0.0282852
0.0322917
0.0364899
0.0407798
0.0450846
0.0488075
0.0528558
0.0566286
0.0600747
0.0631212
0.0654751
0.0686966
0.0750822
0.0812581
0.0870923
0.0917693
0.0964751
0.100319
0.103182
0.106288
0.108913
0.110386
0.111614
0.11236
0.1129
0.113407
0.113947
0.0990182
0.109998
0.122509
0.123699
0.116225
0.106003
0.0930581
0.078524
0.0658867
0.0606293
0.054222
0.0494777
0.0449858
0.0467115
0.0498662
0.0507165
0.0510525
0.0503177
0.0548274
0.0582646
0.0622767
0.0626682
0.0617603
0.0597145
0.0567036
0.0529507
0.0498686
0.0450169
0.0400182
0.0350477
0.0302492
0.0259584
0.0216352
0.0212177
0.0223337
0.0235275
0.0223367
0.0234912
0.0245429
0.0254426
0.0261619
0.0266883
0.0249242
0.0251154
0.0251174
0.0249532
0.0246355
0.0223291
0.0223302
0.0228704
0.0233574
0.0237912
0.0249407
0.0252877
0.0256078
0.0258964
0.0261595
0.0263978
0.0272749
0.0274916
0.02771
0.0279376
0.0281993
0.0289782
0.0292658
0.0295605
0.0298911
0.0302492
0.0310274
0.0314047
0.0317973
0.0322053
0.0326115
0.033026
0.0337138
0.0341045
0.0344775
0.0348309
0.0351653
0.0356816
0.0359238
0.0361333
0.0363062
0.0364166
0.0366661
0.0366795
0.0366265
0.0365155
0.0363314
0.0360827
0.0359505
0.0355704
0.0351206
0.0346117
0.0340448
0.0350934
0.0359581
0.0367428
0.0374243
0.0379683
0.0388479
0.0390745
0.0391082
0.0389046
0.0422489
0.0456207
0.0488416
0.0520165
0.0549914
0.0576627
0.0595258
0.0614602
0.067422
0.0735678
0.0797322
0.0858658
0.0911494
0.097148
0.103105
0.10904
0.114915
0.120732
0.125696
0.131168
0.136287
0.141098
0.149073
0.154808
0.15953
0.1621
0.166188
0.164767
0.162449
0.161552
0.157057
0.150206
0.141975
0.132921
0.123649
0.113981
0.104415
0.0951081
0.0861933
0.0772568
0.0692926
0.0620105
0.0554515
0.0496382
0.0432439
0.0387694
0.0350157
0.0319286
0.0294537
0.0275125
0.0240582
0.0228672
0.0219697
0.0212454
0.0211104
0.0242508
0.0266948
0.0292713
0.0319047
0.0344997
0.0375736
0.0398392
0.0418595
0.0436083
0.0450443
0.0461579
0.0475004
0.0479353
0.0480408
0.0477832
0.0472169
0.0468943
0.0456983
0.0441898
0.04243
0.0404095
0.038817
0.0364528
0.0339848
0.0314254
0.028803
0.0268154
0.0266255
0.0267929
0.0268236
0.0266837
0.0263796
0.0269419
0.0263137
0.0255573
0.0246918
0.0237368
0.0236141
0.0225019
0.0213467
0.0201566
0.0189472
0.0177181
0.0172125
0.0159483
0.0147022
0.0134837
0.0122957
0.0117349
0.0106025
0.00952432
0.00850073
0.00753193
0.00707177
0.00617875
0.00533483
0.00576051
0.00652047
0.00739133
0.00828258
0.00927383
0.0103145
0.0113896
0.0124966
0.0135212
0.0146381
0.015734
0.0167816
0.0177449
0.0185188
0.0192228
0.0197311
0.0200214
0.0200621
0.0198256
0.0193767
0.0184969
0.0172077
0.0154814
0.013622
0.0138537
0.0155026
0.0201701
0.0254339
0.0313157
0.0370267
0.044152
0.0519956
0.0605754
0.0725408
0.0824351
0.0918377
0.0953928
0.0924016
0.0844922
0.073153
0.0579311
0.0432813
0.0286247
0.016087
0.0163455
0.0177884
0.018784
0.0259829
0.0314556
0.0352765
0.0375638
0.0401665
0.0397201
0.0382005
0.0357856
0.0326658
0.0305452
0.030032
0.0290748
0.0277467
0.0261265
0.023611
0.0215666
0.019417
0.0186504
0.0192703
0.019647
0.0187591
0.0187208
0.0184748
0.0180285
0.017413
0.016107
0.0164432
0.0165299
0.0163934
0.0160609
0.0157497
0.0151191
0.0143644
0.0135328
0.0126413
0.0116989
0.0109969
0.0100182
0.00931963
0.00918978
0.00898772
0.00958598
0.00920191
0.00874886
0.00831383
0.00788811
0.00826034
0.00784576
0.00746506
0.0070785
0.00671247
0.00634509
0.00663421
0.0063242
0.00605279
0.00577447
0.00551412
0.0057818
0.00559399
0.00543061
0.00531551
0.00522423
0.00557101
0.00558382
0.00569554
0.00587019
0.00613041
0.00645724
0.00704393
0.00732438
0.00758033
0.00784247
0.00816849
0.00852686
0.0088049
0.00904743
0.0092537
0.00941129
0.00958499
0.00967044
0.00972214
0.00974457
0.00974138
0.00971484
0.00973083
0.00966722
0.00957793
0.00945583
0.00928871
0.00913398
0.00885938
0.00853722
0.0082131
0.00790049
0.00768718
0.00745472
0.00719276
0.00688122
0.0065155
0.00608698
0.00568123
0.00513825
0.00453548
0.00387828
0.00315858
0.00251254
0.00173417
0.000942811
0.000865445
0.00161247
