0.000682205
0.0015334
0.00661838
0.0132331
0.0253785
0.0371937
0.0501521
0.0667448
0.0839336
0.0996618
0.116344
0.128951
0.141158
0.166143
0.191604
0.216645
0.243982
0.266016
0.285968
0.304139
0.321098
0.340403
0.355263
0.36939
0.382979
0.395973
0.410205
0.421403
0.431609
0.440603
0.448151
0.454064
0.45873
0.460864
0.461117
0.459478
0.458328
0.476664
0.488781
0.498737
0.506432
0.511829
0.518548
0.51919
0.517515
0.513576
0.507439
0.499201
0.49212
0.479942
0.466034
0.450562
0.433694
0.418268
0.399022
0.378939
0.358217
0.337062
0.317764
0.296212
0.274811
0.253738
0.233151
0.215544
0.210131
0.201768
0.193648
0.185907
0.178716
0.174349
0.168466
0.163509
0.159605
0.156843
0.156381
0.155791
0.156402
0.158142
0.160831
0.164226
0.168047
0.171422
0.173841
0.1745
0.172713
0.169275
0.162387
0.15329
0.142605
0.130946
0.120589
0.108394
0.0967039
0.0933701
0.0899349
0.0864451
0.084639
0.0810478
0.077432
0.0762857
0.0760205
0.0760702
0.0748204
0.0730861
0.0708988
0.068296
0.0662958
0.0629875
0.059374
0.0555065
0.0514332
0.0472012
0.0438715
0.0394481
0.0349986
0.0305588
0.0261557
0.0227285
0.0201711
0.0200935
0.0200132
0.0199827
0.0200642
0.0205203
0.0250331
0.0294193
0.033631
0.0375859
0.0405876
0.0438389
0.0466333
0.0489395
0.0507179
0.0516945
0.052403
0.0524766
0.0519158
0.0506786
0.0489355
0.0462406
0.0427562
0.0384557
0.0333298
0.0306337
0.0356743
0.0421442
0.0494811
0.0577241
0.092814
0.101354
0.112619
0.116294
0.116296
0.113388
0.111479
0.11243
0.109585
0.103135
0.093364
0.0899328
0.0933337
0.101391
0.114273
0.126922
0.138919
0.148155
0.157777
0.165837
0.172124
0.176508
0.176949
0.192092
0.211526
0.229115
0.244728
0.258288
0.272564
0.281902
0.289216
0.294612
0.298192
0.302465
0.302693
0.301469
0.298935
0.295202
0.292384
0.28654
0.279857
0.272438
0.264396
0.255817
0.24833
0.238863
0.229073
0.22545
0.226965
0.23013
0.230316
0.229882
0.228875
0.227307
0.227437
0.224841
0.221793
0.218313
0.214456
0.210239
0.207745
0.20289
0.197765
0.192398
0.186847
0.182988
0.177068
0.171031
0.164894
0.158697
0.154139
0.147824
0.141496
0.135195
0.128922
0.122704
0.118001
0.111895
0.105899
0.100006
0.0942478
0.0898463
0.0843323
0.0789798
0.0737877
0.0687673
0.0649297
0.0602378
0.0557384
0.0514397
0.0473318
0.043433
0.0404743
0.0381485
0.0359843
0.0338649
0.0317815
0.0303166
0.0283401
0.0264361
0.0246001
0.022838
0.0216488
0.0200263
0.0184793
0.0169918
0.0155766
0.0141996
0.0132974
0.0120016
0.0107448
0.00950816
0.00827996
0.00742399
0.00616907
0.00487217
0.0044463
0.0045833
0.00484512
0.00522749
0.00620029
0.00714845
0.00804651
0.00891692
0.00958526
0.0102976
0.012083
0.0140078
0.0160187
0.0183613
0.0213742
0.0246143
0.0280582
0.0317344
0.0350292
0.0391453
0.0435274
0.0481875
0.0531196
0.0583489
0.0630635
0.0688921
0.0750599
0.0815932
0.088471
0.0946973
0.0799544
0.0886213
0.0979169
0.0953122
0.0839034
0.0685212
0.0571733
0.0617701
0.0775216
0.0914844
0.10291
0.112838
0.12072
0.126611
0.134745
0.155811
0.174058
0.19052
0.205096
0.217727
0.229415
0.23807
0.244789
0.249629
0.25266
0.253997
0.254507
0.252691
0.249511
0.245084
0.239519
0.233475
0.225928
0.217595
0.208587
0.199012
0.189216
0.178764
0.168066
0.157211
0.146297
0.135411
0.124469
0.113804
0.10339
0.0944128
0.088464
0.0844049
0.0785607
0.0729267
0.0675481
0.0624853
0.0592106
0.0548703
0.0510121
0.0476814
0.0449074
0.0427176
0.0418975
0.0408339
0.0430595
0.0465927
0.0502922
0.0541671
0.058048
0.0619282
0.0657345
0.0693355
0.0726506
0.0754472
0.077618
0.0790558
0.0796784
0.0794877
0.0789969
0.0773671
0.0750948
0.072289
0.0690538
0.0661978
0.0623877
0.0584073
0.0543204
0.0501635
0.0467084
0.0425592
0.0384551
0.0344321
0.0305007
0.0270905
0.026241
0.0243146
0.022322
0.0202676
0.0181669
0.0169344
0.0147761
0.0126145
0.010462
0.00831492
0.00697972
0.00566735
0.00699153
0.00825951
0.00926709
0.0100248
0.010401
0.0106367
0.0106021
0.0102821
0.01191
0.0132754
0.0152547
0.0173136
0.0194527
0.0217063
0.0235478
0.0260874
0.0288139
0.0317466
0.0364079
0.0413605
0.0458028
0.051281
0.0570383
0.0630544
0.0693057
0.0748728
0.0815376
0.0884062
0.112266
0.11999
0.126754
0.135246
0.139193
0.139778
0.138046
0.134613
0.128776
0.122922
0.116188
0.108736
0.100726
0.0911293
0.0824068
0.0735482
0.0646849
0.0603012
0.0555002
0.0522489
0.049123
0.0461359
0.0432978
0.0406018
0.036206
0.0337336
0.0354399
0.0379202
0.039794
0.0420788
0.0427957
0.0429502
0.0425907
0.0417666
0.0416125
0.0400199
0.038121
0.0359806
0.0336546
0.0312026
0.0296344
0.0270246
0.0244062
0.0230679
0.0223029
0.0227103
0.0218223
0.0226689
0.023795
0.0246907
0.0267296
0.0271559
0.0273611
0.0273541
0.0271429
0.0267385
0.0274099
0.0266497
0.0257492
0.0247304
0.0236072
0.0235144
0.0222104
0.0208572
0.019469
0.0180648
0.0176011
0.0161568
0.014731
0.0133331
0.0119654
0.0106308
0.0100795
0.00879556
0.00755046
0.00634615
0.00518316
0.00497217
0.00501615
0.00508062
0.00516634
0.00526813
0.00535946
0.00568858
0.00633495
0.00694439
0.00749672
0.00798342
0.00817777
0.00854117
0.00883117
0.00903164
0.00913998
0.00902502
0.00896042
0.0087746
0.00847948
0.00877946
0.00887257
0.00949696
0.0105342
0.0116892
0.0129788
0.0144173
0.015799
0.0175692
0.019567
0.0218144
0.0243296
0.0267408
0.0297884
0.0331657
0.0369058
0.041031
0.0449795
0.0499337
0.0553762
0.0613383
0.0702748
0.0772553
0.0837992
0.0824328
0.0767036
0.0684267
0.0588158
0.0474815
0.0389751
0.0436896
0.0478203
0.0520398
0.0701413
0.0855003
0.0991453
0.110957
0.120902
0.128998
0.136372
0.140952
0.143948
0.145507
0.145773
0.145862
0.143942
0.141145
0.137594
0.133414
0.129609
0.124459
0.118969
0.113217
0.107272
0.101193
0.0958148
0.0896059
0.0834104
0.0772649
0.0712038
0.065907
0.0600719
0.054397
0.0489086
0.0436197
0.0390473
0.0341792
0.0295574
0.0251942
0.0210941
0.0172628
0.0139977
0.0106831
0.00890255
0.00773966
0.00783926
0.00891703
0.00902534
0.00900745
0.00887927
0.00865754
0.00911209
0.00873384
0.00919238
0.00980446
0.0102699
0.0106039
0.0109326
0.0110671
0.011098
0.0110377
0.0109006
0.0108341
0.0105819
0.0102839
0.00995302
0.00959684
0.00936219
0.00897305
0.00857669
0.00817819
0.00778495
0.00739652
0.00714161
0.0070893
0.00714774
0.00719145
0.0072218
0.00714953
0.00716367
0.00716619
0.00715937
0.00714312
0.00705463
0.00702828
0.00699341
0.00695398
0.00690733
0.00685813
0.00676379
0.00671458
0.00666165
0.00660905
0.00655362
0.00646959
0.00641599
0.00635894
0.00629647
0.00623092
0.00614512
0.00607616
0.00600195
0.00592701
0.0058517
0.00577404
0.00568619
0.00560187
0.00554095
0.0055048
0.00548853
0.00547165
0.00547498
0.00547926
0.00548805
0.00549656
0.000678509
0.00170408
0.00640196
0.01386
0.0261662
0.038179
0.0510834
0.0664546
0.0833703
0.0988515
0.115407
0.128004
0.142456
0.166997
0.191985
0.216619
0.24371
0.265495
0.285249
0.303152
0.31985
0.339158
0.354175
0.368585
0.382396
0.395571
0.409963
0.42132
0.431652
0.440737
0.448357
0.454319
0.459013
0.461167
0.461434
0.459815
0.457487
0.475914
0.488119
0.49815
0.505908
0.511359
0.51812
0.518806
0.517169
0.51326
0.507149
0.498939
0.491879
0.479726
0.465844
0.45039
0.433547
0.418144
0.398925
0.378868
0.358174
0.337046
0.317771
0.296244
0.274867
0.253816
0.233249
0.215086
0.209672
0.20131
0.193192
0.185455
0.178271
0.17391
0.168036
0.163088
0.159193
0.15644
0.15599
0.155417
0.156051
0.157819
0.160546
0.163987
0.167852
0.17129
0.173784
0.174534
0.172844
0.169489
0.162687
0.153661
0.14303
0.131405
0.121065
0.108874
0.0968766
0.093252
0.0898241
0.0863472
0.0845525
0.080966
0.0773518
0.0759261
0.0757058
0.0757967
0.0745922
0.0729098
0.0707781
0.0682232
0.0662552
0.0629745
0.0593854
0.0555408
0.0514879
0.0472762
0.0439605
0.0395532
0.0351244
0.0307067
0.0263268
0.0229217
0.0201642
0.0201173
0.0200703
0.0200171
0.0200297
0.0205056
0.0249939
0.0294124
0.0336621
0.0376621
0.0406999
0.044012
0.0467764
0.048961
0.0506075
0.0514838
0.0521214
0.0522
0.0516686
0.0505027
0.0488567
0.0463468
0.0430848
0.0390249
0.0341124
0.0314339
0.0363139
0.04252
0.0495326
0.0574328
0.0921545
0.100344
0.111207
0.114496
0.11416
0.110966
0.110095
0.110992
0.108137
0.101753
0.0920885
0.0884816
0.091945
0.0985261
0.111519
0.124309
0.136514
0.145961
0.155828
0.164115
0.170611
0.175186
0.175781
0.192195
0.211588
0.229142
0.244727
0.258266
0.272524
0.281843
0.289139
0.29451
0.298063
0.302314
0.302519
0.301273
0.298714
0.29496
0.29213
0.286278
0.279606
0.272205
0.26418
0.25562
0.248151
0.238701
0.228948
0.225148
0.226682
0.22986
0.230058
0.229634
0.228636
0.227075
0.227209
0.224619
0.22158
0.218107
0.214255
0.210042
0.207554
0.202703
0.197583
0.192221
0.186675
0.182823
0.176909
0.17088
0.164751
0.158562
0.154011
0.147703
0.141385
0.135095
0.128832
0.122625
0.117934
0.111841
0.105858
0.0999797
0.0942368
0.0898481
0.0843472
0.0790074
0.0738268
0.0688165
0.0649872
0.0603044
0.0558136
0.0515191
0.0474146
0.0435226
0.0405697
0.0382365
0.0360765
0.03396
0.0318771
0.0304091
0.0284291
0.0265235
0.0246895
0.02293
0.0217413
0.0201212
0.0185747
0.0170895
0.0156791
0.0143101
0.0134139
0.0121169
0.0108562
0.00961205
0.00837564
0.0075139
0.00625423
0.00495794
0.00432874
0.00447398
0.00473784
0.00513805
0.00611937
0.00707817
0.00800555
0.00888883
0.00957095
0.0103241
0.0120893
0.0140567
0.0160505
0.0184347
0.0215011
0.0247988
0.0282927
0.0320282
0.0353754
0.0395463
0.0439723
0.0486654
0.053617
0.0588815
0.0636201
0.0694629
0.075648
0.0821841
0.0890704
0.0953031
0.0805642
0.0892329
0.0985305
0.095924
0.0845132
0.069128
0.0573084
0.0616532
0.0773879
0.0913337
0.102745
0.112657
0.120522
0.126398
0.134202
0.15527
0.173517
0.189981
0.204555
0.217184
0.228871
0.237522
0.244238
0.249076
0.252104
0.253439
0.253949
0.252132
0.248952
0.244524
0.238958
0.232913
0.225364
0.217031
0.208023
0.198452
0.188662
0.178218
0.167531
0.156692
0.145795
0.134925
0.123996
0.113354
0.10296
0.094064
0.0881278
0.0840827
0.0782547
0.0726371
0.0672736
0.0622288
0.0589722
0.054652
0.0508133
0.0475025
0.0447492
0.0425822
0.041782
0.0407408
0.0432773
0.0468114
0.0505136
0.0543868
0.0582644
0.0621361
0.0659237
0.0694956
0.0727736
0.0755263
0.0776504
0.0790436
0.0796228
0.0793919
0.0788702
0.0772127
0.0749225
0.0720992
0.0688528
0.0659931
0.062184
0.0582102
0.0541356
0.0499915
0.0465492
0.042415
0.0383268
0.0343207
0.0304045
0.0271884
0.0263421
0.0244185
0.0224356
0.0204013
0.0183186
0.0170971
0.0149479
0.0127926
0.0106442
0.00850212
0.00717082
0.00582812
0.00692987
0.00818581
0.00918205
0.00993019
0.0102987
0.0105258
0.0104829
0.0101492
0.011761
0.0131295
0.0151132
0.0171751
0.0193203
0.0215809
0.0234276
0.0259661
0.0286878
0.0318053
0.0364589
0.0414051
0.0458418
0.0513146
0.0570683
0.0630774
0.0693214
0.0748824
0.0815429
0.0884073
0.112262
0.119979
0.126744
0.135241
0.139192
0.139778
0.138045
0.134612
0.128777
0.122925
0.116191
0.108748
0.100745
0.0911529
0.082435
0.0735803
0.0647228
0.0603417
0.0555128
0.0522305
0.0490817
0.0460773
0.0432458
0.040551
0.0361573
0.0336874
0.0356175
0.0381194
0.0400089
0.0423039
0.0430292
0.0431891
0.0428323
0.0420071
0.0418479
0.0402475
0.0383393
0.0361867
0.0338481
0.0313829
0.0298029
0.0271806
0.0245492
0.0231562
0.0224037
0.0228111
0.0219283
0.0226046
0.0237322
0.0246309
0.0266699
0.0270971
0.0273024
0.0272979
0.0270901
0.0266871
0.0273607
0.0266023
0.0257003
0.0246762
0.023547
0.023451
0.0221443
0.0207868
0.0193957
0.0179843
0.017513
0.0160616
0.0146259
0.0132156
0.0118443
0.0105081
0.00995487
0.00866818
0.00742068
0.00621639
0.00505571
0.00483433
0.00487541
0.00493836
0.0050175
0.00511266
0.00519645
0.00573753
0.00638814
0.00700001
0.0075473
0.00802813
0.0082157
0.00857855
0.00886582
0.00906456
0.00917047
0.00905699
0.00898129
0.00879775
0.00851795
0.0088025
0.0088817
0.00936896
0.0104056
0.0115563
0.0128391
0.0142714
0.0156473
0.0174185
0.0194178
0.0216674
0.0241862
0.0265998
0.0296497
0.0330257
0.0367663
0.0408944
0.0448466
0.0498058
0.0552642
0.0612464
0.0702004
0.0771951
0.0837514
0.0823991
0.0766741
0.068401
0.0587923
0.0474578
0.0389451
0.0436545
0.0477797
0.0519926
0.0700911
0.0854461
0.0990868
0.110894
0.120832
0.128922
0.136291
0.140865
0.143855
0.145407
0.145667
0.145755
0.143836
0.141036
0.137482
0.133299
0.129489
0.124336
0.118842
0.113085
0.107136
0.101054
0.095674
0.0894644
0.0832687
0.0771235
0.071063
0.0657669
0.0599321
0.0542592
0.0487707
0.043482
0.0389104
0.0340429
0.0294211
0.0250582
0.0209579
0.0171278
0.0138634
0.0105533
0.00868407
0.0075199
0.00781628
0.00889093
0.00899544
0.00897181
0.00883901
0.00861362
0.00906953
0.00868019
0.00928548
0.00989482
0.0103574
0.0106876
0.0110019
0.0111202
0.0111455
0.011081
0.0109409
0.0108727
0.0106175
0.010316
0.0099819
0.00962342
0.00938845
0.00899994
0.00860448
0.00820602
0.00781249
0.00742364
0.00716844
0.00708441
0.00714493
0.0071896
0.00722128
0.00715014
0.00716682
0.00717361
0.00717101
0.00715759
0.00707041
0.00704576
0.00701088
0.00697321
0.00692706
0.00687879
0.0067858
0.00673786
0.00668623
0.00663422
0.00657795
0.00649288
0.00643826
0.00638022
0.00631672
0.00624999
0.00616306
0.00609203
0.00601578
0.00593752
0.00585277
0.00576679
0.00567392
0.00558569
0.0055235
0.00548552
0.00546739
0.00545108
0.00545572
0.00546212
0.00547342
0.005481
0.000678509
0.00170408
0.00640196
0.01386
0.0261989
0.0381275
0.0511065
0.0661988
0.0830916
0.0985856
0.115111
0.127642
0.141619
0.166121
0.191078
0.215588
0.24249
0.264122
0.283827
0.301818
0.318629
0.337964
0.353061
0.367545
0.381477
0.394872
0.409504
0.421182
0.431843
0.441228
0.449107
0.45529
0.460142
0.462441
0.462819
0.461281
0.457849
0.474355
0.486695
0.49686
0.504749
0.510327
0.517195
0.517993
0.516463
0.512653
0.506636
0.498509
0.491519
0.47944
0.465626
0.450239
0.43345
0.418091
0.398914
0.378895
0.358229
0.337121
0.317859
0.296343
0.274973
0.253924
0.233356
0.215217
0.209792
0.201413
0.193276
0.185517
0.178307
0.173924
0.16802
0.16304
0.159113
0.156327
0.155846
0.15524
0.155845
0.15759
0.160301
0.163745
0.167636
0.171132
0.173717
0.174575
0.17301
0.169766
0.163077
0.154137
0.143565
0.131969
0.121632
0.109434
0.0974215
0.0935019
0.0900471
0.0865368
0.0847183
0.0811117
0.077479
0.0756254
0.0754116
0.0755077
0.0743082
0.0726256
0.0704932
0.0679474
0.0659971
0.0627439
0.0591841
0.0553656
0.0513376
0.0471462
0.043848
0.0394572
0.0350421
0.0306441
0.0262986
0.0229252
0.0200845
0.0201754
0.0203366
0.0204935
0.0207666
0.0211617
0.0258355
0.0303431
0.0345464
0.0383946
0.0412291
0.0442261
0.0466539
0.0485427
0.0499417
0.0506299
0.0510487
0.0509271
0.0502817
0.0490205
0.0472891
0.0446687
0.0412922
0.0371711
0.0322596
0.030929
0.0360295
0.0424995
0.0497773
0.057934
0.0929158
0.10132
0.112393
0.115854
0.115641
0.112522
0.110693
0.111594
0.108686
0.102236
0.0924978
0.0881605
0.0915659
0.0989524
0.111837
0.124513
0.136576
0.145895
0.155633
0.163804
0.170208
0.174705
0.175241
0.192055
0.211445
0.228996
0.244575
0.258101
0.272348
0.281656
0.28894
0.294298
0.297837
0.302078
0.30227
0.301016
0.298456
0.294701
0.291867
0.28601
0.27933
0.271922
0.263891
0.255327
0.247855
0.238403
0.228649
0.224781
0.226302
0.229469
0.229662
0.229239
0.228245
0.226692
0.226832
0.22425
0.221218
0.217755
0.213915
0.209715
0.207237
0.202399
0.197289
0.191938
0.186404
0.182559
0.176655
0.170634
0.164512
0.15833
0.153785
0.147484
0.141172
0.134887
0.128629
0.122427
0.117739
0.111649
0.105666
0.0997882
0.0940465
0.0896596
0.0841617
0.078825
0.0736482
0.0686423
0.0648153
0.0601356
0.0556494
0.0513638
0.047272
0.0433899
0.0404448
0.0382376
0.0360759
0.0339617
0.0318862
0.0304245
0.0284519
0.0265524
0.0247221
0.0229642
0.0217798
0.0201615
0.0186158
0.0171324
0.0157245
0.0143585
0.0134681
0.0121811
0.0109242
0.00968216
0.00845046
0.00758764
0.00632683
0.0050298
0.0043285
0.00447524
0.00475356
0.00543779
0.00643025
0.00740148
0.00832517
0.00921881
0.00990405
0.0106602
0.0119153
0.0138061
0.0157167
0.0178259
0.0208539
0.0241413
0.0276233
0.0313426
0.0346756
0.0388234
0.0432205
0.0478738
0.0527949
0.0580248
0.0627452
0.068567
0.0747362
0.0812695
0.0881638
0.094413
0.0796929
0.0883856
0.0977106
0.0951318
0.0837464
0.0683941
0.0571272
0.0614569
0.0772043
0.0911641
0.10259
0.112518
0.120403
0.126293
0.134654
0.155703
0.173931
0.190378
0.204938
0.217553
0.229228
0.237867
0.244572
0.2494
0.252422
0.253752
0.254256
0.252431
0.249243
0.244805
0.239225
0.233166
0.225603
0.217251
0.208224
0.198635
0.188832
0.178375
0.167678
0.156831
0.145926
0.135047
0.124111
0.113458
0.103057
0.0941458
0.0881891
0.0841214
0.0782692
0.0726219
0.0672321
0.0621628
0.0588892
0.0545537
0.0507032
0.0473837
0.0446255
0.0424566
0.041656
0.0406154
0.0432944
0.0468254
0.0505221
0.0543943
0.058271
0.0621437
0.0659375
0.0695168
0.0728011
0.0755624
0.0776926
0.07909
0.0796724
0.0794428
0.0789195
0.0772565
0.0749558
0.072122
0.0688637
0.0659937
0.0621723
0.0581863
0.0540989
0.0499442
0.0464908
0.042348
0.0382529
0.0342429
0.0303268
0.0269972
0.0261536
0.024236
0.0222571
0.0202225
0.0181402
0.0169216
0.0147777
0.0126303
0.0104919
0.00836051
0.00704015
0.00575716
0.00694566
0.00819706
0.00918748
0.00992773
0.0102899
0.01051
0.0104613
0.0101285
0.0118126
0.0131813
0.0151651
0.0172287
0.019374
0.0216342
0.0234801
0.0260187
0.0287413
0.0318862
0.0365376
0.0414808
0.0459129
0.0513786
0.0571116
0.0631
0.0693233
0.0748724
0.0815286
0.0883907
0.112242
0.119959
0.126722
0.135217
0.139161
0.139743
0.138007
0.13457
0.128728
0.122869
0.116133
0.108686
0.100681
0.0910884
0.082371
0.0735178
0.0646632
0.0605451
0.0556853
0.05236
0.0491738
0.0461439
0.0432803
0.040563
0.036156
0.0336805
0.0359059
0.0384291
0.0403344
0.0426346
0.0433613
0.0435196
0.043158
0.0423259
0.042158
0.0405473
0.0386259
0.0364606
0.0341068
0.0316253
0.0300313
0.0273946
0.0247489
0.023239
0.0224922
0.022913
0.0220454
0.022589
0.0237221
0.0246238
0.0266673
0.0270988
0.0273084
0.0273071
0.0271059
0.0267148
0.0273962
0.0266437
0.0257468
0.0247281
0.0236049
0.0235114
0.0222022
0.020842
0.0194441
0.0180238
0.0175445
0.0160822
0.0146363
0.01321
0.0118157
0.0104708
0.00992022
0.00864628
0.00741587
0.00623423
0.00509943
0.00484592
0.00492974
0.00502983
0.00514308
0.00526608
0.00537153
0.00562047
0.00630466
0.00693082
0.00749145
0.00799435
0.00819992
0.00857637
0.00887779
0.00909214
0.00920878
0.00910328
0.00904983
0.00888707
0.00860646
0.00885823
0.00894123
0.00941472
0.0104426
0.0115842
0.0128569
0.0142789
0.0156463
0.0174082
0.0193986
0.021641
0.0241526
0.0265608
0.0296056
0.0329824
0.036725
0.0408533
0.0448039
0.0497627
0.0552204
0.0612016
0.0701553
0.0771331
0.0836732
0.082305
0.0765671
0.0682795
0.0586561
0.0473104
0.0389092
0.043619
0.047743
0.0521767
0.0702786
0.0856359
0.0992774
0.111084
0.12102
0.129107
0.136474
0.141042
0.144027
0.145567
0.145817
0.145898
0.14397
0.141162
0.137601
0.133408
0.129591
0.124428
0.118925
0.113158
0.107199
0.101109
0.0957214
0.0895025
0.0832975
0.0771436
0.0710749
0.0657721
0.0599305
0.05425
0.0487571
0.0434643
0.0388893
0.0340186
0.0293965
0.0250321
0.0209319
0.017105
0.0138406
0.0105281
0.00872365
0.00756806
0.00784594
0.00891653
0.00901273
0.00898391
0.00884539
0.00861707
0.00907111
0.00868526
0.00930631
0.00990924
0.010368
0.0106952
0.0110066
0.0111217
0.011144
0.0110783
0.0109361
0.0108668
0.0106108
0.0103088
0.00997463
0.00961508
0.00937821
0.0089862
0.00858814
0.00818799
0.00779347
0.00740416
0.00714937
0.00709556
0.00715272
0.00719574
0.00722483
0.00715166
0.00716528
0.00716954
0.00716521
0.00714935
0.0070602
0.00703309
0.00699918
0.00696249
0.00691849
0.00687124
0.00677884
0.00673144
0.00667998
0.00662772
0.00657204
0.00648662
0.0064318
0.00637366
0.00630996
0.00624277
0.00615445
0.00608253
0.00600509
0.00592715
0.00584218
0.00575824
0.00566541
0.00557725
0.0055142
0.00547703
0.00545649
0.00543912
0.00544395
0.00544962
0.00545733
0.00543538
0.000678509
0.00170408
0.00640196
0.01386
0.0261583
0.0381486
0.0511933
0.066376
0.0832529
0.0986247
0.114999
0.127393
0.140991
0.16549
0.190413
0.214926
0.241851
0.2635
0.283213
0.301338
0.318355
0.337873
0.353164
0.36786
0.382003
0.395616
0.410452
0.422351
0.433226
0.442828
0.450909
0.457263
0.462243
0.46466
0.465128
0.463647
0.46026
0.472743
0.485232
0.495543
0.503576
0.509294
0.51628
0.517213
0.515809
0.512118
0.506217
0.498199
0.491284
0.479276
0.465527
0.450201
0.433471
0.418156
0.399024
0.379038
0.358401
0.337314
0.318065
0.296558
0.275188
0.254133
0.233553
0.214799
0.209389
0.201022
0.192892
0.185134
0.177921
0.17353
0.167614
0.16262
0.158676
0.155873
0.155379
0.154762
0.15536
0.157106
0.159829
0.163297
0.167222
0.17078
0.173452
0.174441
0.173029
0.169917
0.163361
0.154523
0.144021
0.132468
0.122158
0.10998
0.0979668
0.093849
0.0903792
0.0868507
0.0850094
0.0813733
0.0777145
0.0757203
0.0755096
0.0756125
0.074426
0.0727642
0.0706548
0.0681237
0.0661782
0.0629261
0.0593658
0.0555482
0.0515216
0.0473329
0.0440365
0.0396436
0.0352242
0.0308222
0.0264601
0.0230691
0.0200694
0.0199714
0.0198889
0.0199067
0.020028
0.0202742
0.0247914
0.0291664
0.0333391
0.0372417
0.0401945
0.0434164
0.0461873
0.0484403
0.0501057
0.0509633
0.0515294
0.0514747
0.0507219
0.0492585
0.0473302
0.0444641
0.0407968
0.0363681
0.0312083
0.0307734
0.0358365
0.0423065
0.0495898
0.0577438
0.0926976
0.101079
0.112147
0.115632
0.115467
0.11241
0.113215
0.114021
0.111026
0.104486
0.0946621
0.0899298
0.0932788
0.0992007
0.112234
0.125061
0.137273
0.14671
0.156556
0.164819
0.171288
0.175837
0.176407
0.191348
0.210831
0.228467
0.244126
0.25773
0.272042
0.281423
0.288778
0.294204
0.297808
0.302103
0.302356
0.301156
0.298643
0.294929
0.292132
0.286322
0.279688
0.27232
0.264327
0.255796
0.248347
0.238918
0.22918
0.225241
0.226766
0.229933
0.230117
0.229684
0.228682
0.22712
0.227255
0.224666
0.221626
0.21815
0.214294
0.210076
0.207581
0.202722
0.197594
0.192223
0.186668
0.182807
0.176883
0.170843
0.164703
0.158503
0.153944
0.147626
0.141297
0.134997
0.128724
0.122508
0.117807
0.111706
0.105717
0.0998327
0.0940844
0.0896916
0.084187
0.0788438
0.0736605
0.0686484
0.0648187
0.0601366
0.0556477
0.0513591
0.047263
0.0433719
0.0404185
0.0380617
0.0359026
0.0337909
0.031715
0.0302542
0.0282826
0.0263841
0.0245564
0.022802
0.0216189
0.0200028
0.0184604
0.0169746
0.0155687
0.0142044
0.0133126
0.0120237
0.010772
0.0095375
0.00830898
0.00745145
0.00619768
0.0049044
0.00439159
0.00450301
0.00474495
0.00534676
0.0063361
0.00730709
0.00823337
0.00911669
0.00981379
0.0105692
0.0122255
0.0141945
0.0161875
0.0179544
0.020981
0.0242471
0.0277289
0.0314496
0.0347929
0.0389675
0.0434119
0.0481243
0.0531087
0.0583995
0.0631626
0.0690306
0.0752342
0.0817816
0.0886765
0.0949128
0.0801607
0.0888171
0.0981006
0.0954781
0.0840518
0.0686457
0.0567769
0.0618755
0.0776157
0.0915667
0.102981
0.112896
0.120763
0.126637
0.134843
0.155919
0.174174
0.190643
0.20522
0.217851
0.229538
0.238189
0.244902
0.249734
0.252757
0.254086
0.254588
0.252761
0.249569
0.245129
0.239548
0.233489
0.225924
0.217575
0.208552
0.198964
0.189158
0.178697
0.167993
0.157135
0.146219
0.135332
0.124392
0.113739
0.103334
0.0943619
0.0884079
0.0843382
0.0784862
0.072842
0.0674557
0.0623881
0.0591139
0.0547769
0.0509226
0.0475967
0.0448279
0.0426448
0.0418304
0.0407724
0.0432693
0.0467955
0.0504893
0.0543593
0.0582379
0.0621136
0.0659113
0.0694976
0.0727901
0.0755678
0.0777165
0.0791329
0.0797355
0.079526
0.0790202
0.0773751
0.0750906
0.0722727
0.0690211
0.066156
0.0623379
0.0583525
0.0542645
0.0501067
0.0466544
0.0425112
0.0384136
0.0343995
0.0304772
0.0273744
0.0265185
0.0245845
0.0225828
0.0205187
0.018407
0.0171628
0.0149903
0.0128141
0.0106481
0.00848794
0.00714134
0.00582335
0.0069516
0.00822118
0.00923074
0.00999052
0.0103696
0.0106092
0.0105737
0.0102523
0.0118679
0.0132374
0.015221
0.0172818
0.0194247
0.0216799
0.0235217
0.0260533
0.028767
0.0316843
0.0362861
0.0412248
0.0456547
0.051119
0.0568527
0.0628426
0.0690734
0.0746259
0.081279
0.0881391
0.111993
0.119713
0.126482
0.134985
0.138943
0.139537
0.137812
0.134386
0.128554
0.122706
0.115982
0.108548
0.100555
0.0909741
0.0822702
0.0734306
0.0645898
0.060482
0.0556231
0.0522988
0.0491047
0.0460677
0.0431979
0.0404778
0.0360704
0.0335934
0.0358891
0.0384148
0.0403228
0.0426212
0.0433443
0.0434986
0.0431311
0.0422939
0.0421225
0.0405076
0.0385826
0.0364147
0.0340612
0.0315803
0.0299869
0.0273508
0.0247058
0.0232126
0.0224708
0.0228901
0.0220161
0.022582
0.0237094
0.0246076
0.0266469
0.0270738
0.0272804
0.0272778
0.0270693
0.0266719
0.0273485
0.026594
0.0256943
0.0246766
0.0235477
0.0234447
0.0221292
0.0207634
0.0193635
0.0179434
0.0174646
0.0160058
0.0145651
0.0131458
0.0117579
0.0104142
0.009858
0.00856949
0.00732718
0.00612614
0.00496513
0.00477669
0.00480455
0.00484417
0.00489867
0.00496858
0.00518315
0.00589968
0.00656099
0.00716215
0.00771663
0.0082102
0.0084091
0.0087795
0.00906076
0.00925809
0.00936306
0.00924551
0.00917513
0.00899581
0.00870007
0.00896456
0.00903456
0.00922949
0.0098931
0.011034
0.0123117
0.013742
0.0151189
0.0168939
0.0188983
0.0211598
0.0236923
0.0261182
0.0291858
0.0325801
0.0363389
0.0404866
0.0444545
0.0494316
0.0549089
0.0609087
0.0698813
0.0768874
0.083457
0.0821192
0.0764093
0.0681463
0.0585447
0.0472162
0.0388519
0.0435818
0.0477239
0.0521388
0.0702429
0.0856029
0.0992395
0.111042
0.120976
0.12906
0.136424
0.140989
0.14397
0.145512
0.14576
0.145839
0.143907
0.141095
0.137528
0.133331
0.12951
0.124345
0.118838
0.113068
0.107107
0.101015
0.0956252
0.0894076
0.0832036
0.0770507
0.0709825
0.0656802
0.0598384
0.0541592
0.0486676
0.0433763
0.0388027
0.0339338
0.0293141
0.0249517
0.0208547
0.0170297
0.0137666
0.0104601
0.00868562
0.00752783
0.00780368
0.00887498
0.0089722
0.00894567
0.00880939
0.00858295
0.00903893
0.00865352
0.00930497
0.00990641
0.0103637
0.010689
0.0109999
0.0111147
0.0111365
0.0110698
0.0109276
0.0108572
0.0106006
0.0102991
0.0099656
0.00960733
0.00937083
0.00897977
0.00858286
0.00818409
0.00779091
0.00740314
0.00715083
0.00709504
0.0071518
0.00719386
0.00722304
0.00714992
0.00716448
0.00716917
0.007164
0.00714651
0.0070557
0.00702709
0.00699165
0.00695363
0.00690843
0.00686061
0.00676805
0.00671996
0.00666744
0.00661367
0.00655726
0.00647154
0.00641625
0.00635782
0.00629729
0.00623217
0.00614561
0.00607489
0.00599745
0.00591712
0.00583223
0.0057428
0.00564638
0.00558215
0.00554575
0.00552456
0.00551781
0.00550951
0.00551857
0.0055237
0.00553189
0.00553663
0.000678509
0.00170408
0.00640196
0.01386
0.0261583
0.0381486
0.0511933
0.066376
0.0832529
0.0986247
0.114999
0.127393
0.140991
0.16549
0.190413
0.214926
0.241851
0.2635
0.283212
0.301349
0.318341
0.337836
0.353078
0.367684
0.381789
0.395431
0.410338
0.422351
0.433353
0.443073
0.451262
0.457716
0.46277
0.465258
0.465784
0.464352
0.461005
0.47206
0.48459
0.494942
0.50302
0.508785
0.515815
0.516799
0.515456
0.511826
0.505973
0.498
0.491123
0.479162
0.465454
0.45016
0.433456
0.418158
0.39904
0.379068
0.35844
0.337362
0.318119
0.296615
0.275249
0.254199
0.233624
0.214597
0.209214
0.200875
0.19277
0.185034
0.177842
0.173468
0.16757
0.162592
0.158662
0.155871
0.155386
0.154775
0.155376
0.15712
0.159837
0.163294
0.167212
0.170767
0.173437
0.174416
0.17299
0.169863
0.163289
0.154438
0.143927
0.13237
0.122057
0.109877
0.0978669
0.0940383
0.0905598
0.087023
0.0851751
0.0815312
0.0778646
0.0758835
0.0756406
0.0757135
0.0744864
0.072784
0.0706372
0.0680815
0.0661234
0.0628634
0.0592943
0.0554648
0.0514271
0.0472274
0.0439219
0.0395271
0.0351049
0.0306947
0.0263212
0.0229174
0.0201482
0.0201242
0.0201427
0.020207
0.0203099
0.0206359
0.0250942
0.0293988
0.0334858
0.0372987
0.0401791
0.0433353
0.0460249
0.0481866
0.0497924
0.0505997
0.0511317
0.051108
0.0504789
0.0492151
0.0475064
0.0449269
0.0415825
0.0374502
0.0325452
0.0309347
0.0361436
0.042766
0.0502134
0.0585158
0.0936163
0.102126
0.113331
0.116915
0.116823
0.113814
0.110209
0.11118
0.108317
0.101904
0.0921945
0.0892414
0.0926653
0.101693
0.114539
0.127168
0.139186
0.148459
0.158126
0.166216
0.172518
0.176904
0.177338
0.192099
0.211418
0.228894
0.244398
0.257852
0.272036
0.281273
0.288489
0.293794
0.297288
0.301493
0.30165
0.300359
0.297763
0.293974
0.291121
0.285248
0.27855
0.271127
0.263083
0.254509
0.247029
0.237572
0.227816
0.224102
0.225633
0.228812
0.229021
0.228617
0.227646
0.226118
0.226284
0.223731
0.220731
0.217297
0.213485
0.209313
0.206859
0.202048
0.196967
0.191645
0.186139
0.182321
0.176446
0.170455
0.164363
0.158211
0.153692
0.147419
0.141133
0.134875
0.128642
0.122464
0.117797
0.111732
0.105774
0.0999182
0.0941967
0.0898256
0.0843436
0.0790212
0.0738569
0.0688625
0.0650464
0.060378
0.055901
0.0516219
0.0475348
0.0436511
0.0406986
0.0385012
0.0363426
0.0342271
0.0321466
0.03068
0.0287019
0.0267967
0.0249625
0.0231996
0.0220081
0.0203823
0.0188309
0.0173409
0.0159271
0.0145488
0.0136437
0.0123419
0.0110772
0.00982938
0.00858823
0.00771812
0.00645008
0.00513995
0.00430113
0.00442085
0.00465952
0.00521916
0.00621463
0.00718812
0.00812486
0.00902711
0.00971506
0.0104609
0.0119904
0.013932
0.0158847
0.0179251
0.0209441
0.024204
0.0276712
0.031374
0.0347038
0.0388551
0.0432653
0.0479399
0.0528811
0.0581307
0.0628652
0.0687097
0.0748925
0.0814316
0.0883272
0.0945703
0.079837
0.0885127
0.0978165
0.095222
0.0838252
0.0684591
0.0572594
0.0614904
0.0772505
0.0912219
0.102656
0.112593
0.120483
0.126383
0.134682
0.155736
0.17397
0.190423
0.204991
0.217615
0.229299
0.237949
0.244663
0.249499
0.252527
0.253861
0.254371
0.252555
0.249376
0.244948
0.239382
0.233338
0.225791
0.217459
0.208453
0.198884
0.189096
0.178655
0.16797
0.157132
0.146233
0.135363
0.124431
0.113782
0.103377
0.0941508
0.0882181
0.0841691
0.0783356
0.0727064
0.0673358
0.0622847
0.059023
0.0546978
0.0508559
0.0475421
0.0447859
0.042615
0.0418106
0.0407647
0.043119
0.0466533
0.0503554
0.0542322
0.0581157
0.061995
0.0657966
0.0693864
0.0726833
0.0754656
0.0776237
0.0790471
0.0796528
0.0794449
0.0789382
0.0772916
0.0750074
0.0721878
0.0689398
0.0660781
0.062264
0.0582823
0.0541968
0.0500417
0.0465889
0.0424442
0.0383467
0.034333
0.0304116
0.0271919
0.0263433
0.0244182
0.0224258
0.0203711
0.0182678
0.0170322
0.0148692
0.0127031
0.0105469
0.00839821
0.00706256
0.00576191
0.00700941
0.0082743
0.00927864
0.0100328
0.010406
0.0106386
0.0105955
0.0102667
0.0118477
0.0132124
0.0151908
0.0172489
0.0193873
0.0216394
0.0234789
0.0260097
0.0287248
0.0316438
0.036293
0.0412383
0.0456753
0.0511456
0.056898
0.062906
0.0691524
0.074716
0.0813784
0.0882443
0.112101
0.119823
0.126591
0.135093
0.139048
0.13964
0.137911
0.134482
0.128651
0.122804
0.116076
0.108637
0.100641
0.0910553
0.0823448
0.0734982
0.0646477
0.0603624
0.0555318
0.0522389
0.049083
0.0460746
0.0432209
0.0405137
0.0361145
0.0336446
0.0357376
0.0382506
0.0401482
0.0424482
0.0431778
0.0433389
0.0429803
0.0421524
0.0419912
0.0403871
0.038475
0.0363185
0.0339748
0.0315036
0.0299184
0.0272868
0.024642
0.0231627
0.0224108
0.0228228
0.0219431
0.0225543
0.0236835
0.024584
0.0266256
0.0270557
0.0272642
0.0272634
0.027062
0.0266729
0.0273573
0.0266054
0.0257099
0.0246962
0.0235729
0.0234794
0.0221738
0.0208187
0.0194298
0.0180238
0.0175595
0.0161208
0.0146977
0.0133002
0.0119308
0.0105993
0.0100493
0.00877312
0.00754323
0.00635874
0.00521858
0.00517134
0.00527361
0.00539276
0.00552494
0.00567039
0.00579611
0.00595397
0.00625373
0.00689014
0.00746249
0.00796523
0.00816816
0.00854131
0.00883558
0.00904133
0.0091493
0.00903865
0.00897686
0.00881121
0.00852118
0.00878469
0.00919133
0.0101149
0.0111344
0.0122642
0.0135266
0.0149397
0.0162992
0.0180503
0.0200285
0.0222599
0.0247338
0.0271047
0.0301147
0.0334535
0.0371599
0.0412569
0.0451835
0.050115
0.0555469
0.0614941
0.0704123
0.0773726
0.0839009
0.082516
0.0767601
0.0684592
0.0588267
0.0474731
0.0390588
0.0437528
0.0478649
0.0523052
0.0704015
0.0857534
0.0993908
0.111195
0.121131
0.129218
0.136584
0.141154
0.14414
0.145687
0.145941
0.146024
0.144097
0.14129
0.137728
0.133535
0.129718
0.124556
0.119052
0.113284
0.107324
0.101232
0.0958419
0.0896203
0.0834132
0.0772571
0.0711854
0.0658795
0.0600334
0.0543482
0.04885
0.0435512
0.0389709
0.0340934
0.0294642
0.0250925
0.0209842
0.0171489
0.0138717
0.0105439
0.00865874
0.00749192
0.007806
0.00888047
0.00898576
0.00896078
0.00882465
0.0085952
0.00904781
0.00865531
0.00933954
0.00994882
0.0104102
0.0107397
0.0110525
0.0111688
0.0111917
0.0111246
0.0109825
0.0109115
0.010654
0.0103511
0.0100148
0.00965418
0.00941548
0.00902165
0.00862198
0.00821993
0.00782309
0.00743203
0.0071754
0.00707801
0.00713786
0.00718208
0.00721306
0.00714126
0.00715668
0.00716214
0.00715943
0.00714503
0.00705689
0.0070318
0.00699864
0.00696313
0.00691982
0.00687373
0.00678267
0.00673534
0.00668436
0.00663248
0.0065769
0.00649253
0.00643784
0.00638233
0.00632104
0.00625557
0.00616831
0.00609753
0.00602011
0.00594036
0.00585625
0.00576857
0.0056745
0.00561616
0.00558129
0.00556098
0.0055268
0.00549485
0.00548664
0.00548384
0.00545797
0.00543387
0.000678509
0.00170408
0.00640196
0.01386
0.0261583
0.0381486
0.0511933
0.066376
0.0832529
0.0986247
0.114999
0.127393
0.140991
0.16549
0.190413
0.214926
0.241851
0.2635
0.283212
0.301349
0.318341
0.337836
0.353078
0.367684
0.381789
0.395431
0.410338
0.422351
0.433353
0.443073
0.451262
0.457716
0.46277
0.465258
0.465784
0.464352
0.461005
0.47206
0.48459
0.494942
0.50302
0.508785
0.515815
0.516799
0.515456
0.511826
0.505973
0.498
0.491123
0.479162
0.465454
0.45016
0.433456
0.418158
0.39904
0.379068
0.35844
0.337362
0.318119
0.296615
0.275249
0.254199
0.233624
0.214597
0.209214
0.200875
0.19277
0.185034
0.177842
0.173468
0.16757
0.162592
0.158662
0.155871
0.155386
0.154775
0.155376
0.15712
0.159837
0.163294
0.167212
0.170767
0.173437
0.174416
0.17299
0.169863
0.163289
0.154438
0.143927
0.13237
0.122057
0.109877
0.0978669
0.0940383
0.0905598
0.087023
0.0851751
0.0815312
0.0778646
0.0758835
0.0756406
0.0757135
0.0744864
0.072784
0.0706372
0.0680815
0.0661234
0.0628634
0.0592943
0.0554648
0.0514271
0.0472274
0.0439219
0.0395271
0.0351049
0.0306947
0.0263212
0.0229174
0.0201482
0.0201242
0.0201427
0.020207
0.0203099
0.0206359
0.0250942
0.0293988
0.0334858
0.0372987
0.0401791
0.0433353
0.0460249
0.0481866
0.0497924
0.0505997
0.0511317
0.051108
0.0504789
0.0492151
0.0475064
0.0449269
0.0415825
0.0374502
0.0325452
0.0309347
0.0361436
0.042766
0.0502134
0.0585158
0.0936163
0.102126
0.113331
0.116915
0.116823
0.113814
0.110209
0.11118
0.108317
0.101904
0.0921945
0.0892414
0.0926653
0.101693
0.114539
0.127168
0.139185
0.14847
0.158151
0.166243
0.172546
0.176932
0.177366
0.192014
0.211328
0.228801
0.244302
0.257754
0.271938
0.281177
0.288396
0.293694
0.297178
0.301374
0.301521
0.300225
0.297625
0.29383
0.290963
0.285079
0.278373
0.270941
0.262893
0.254317
0.246838
0.237381
0.227625
0.224101
0.225631
0.228817
0.229033
0.228633
0.227663
0.226137
0.226303
0.223748
0.220745
0.21731
0.2135
0.20933
0.206878
0.20207
0.196992
0.191674
0.186171
0.182354
0.176481
0.170491
0.164398
0.158245
0.153724
0.147451
0.141164
0.134906
0.128673
0.122494
0.117824
0.111756
0.105795
0.0999381
0.0942148
0.0898419
0.0843582
0.079034
0.0738683
0.068872
0.0650546
0.060384
0.0559043
0.0516245
0.0475355
0.0436535
0.0407071
0.0384804
0.0363203
0.0342068
0.0321274
0.0306607
0.0286816
0.0267757
0.0249403
0.0231769
0.0219853
0.0203606
0.018812
0.0173227
0.0159082
0.0145303
0.0136265
0.0123262
0.0110607
0.00981078
0.00856716
0.00769924
0.00643167
0.00512675
0.00431093
0.00446656
0.0047306
0.0051175
0.00609483
0.00705059
0.00795935
0.0088427
0.00953468
0.0102777
0.0120374
0.0140028
0.0159995
0.0181776
0.0212062
0.0244624
0.0279229
0.0316277
0.0349539
0.0391012
0.0434998
0.0481643
0.0530965
0.0583331
0.0630572
0.0688903
0.0750667
0.0815982
0.0884833
0.0947159
0.0799703
0.0886417
0.0979422
0.0953354
0.0839168
0.0685228
0.0567795
0.0618899
0.0776397
0.0915979
0.103018
0.112934
0.120803
0.126681
0.134869
0.155942
0.174194
0.190661
0.205238
0.217869
0.229555
0.238208
0.244923
0.249758
0.252785
0.254118
0.254625
0.252806
0.249621
0.245187
0.23961
0.233556
0.225997
0.217653
0.208632
0.199049
0.189249
0.178796
0.168101
0.157252
0.14634
0.135456
0.124516
0.113856
0.103441
0.0945005
0.0885483
0.0844811
0.0786281
0.0729799
0.0675862
0.0625163
0.0592375
0.0548914
0.0510272
0.047691
0.044912
0.0427184
0.0418954
0.0408285
0.043155
0.0466782
0.0503697
0.0542368
0.0581114
0.0619851
0.0657826
0.0693757
0.0726812
0.075479
0.077649
0.0790882
0.0797121
0.0795219
0.0790315
0.0774015
0.0751304
0.0723165
0.0690764
0.0662155
0.0624017
0.0584192
0.0543335
0.0501778
0.0467249
0.0425786
0.0384787
0.0344622
0.0305373
0.0272787
0.0264212
0.0244864
0.0224942
0.0204408
0.0183377
0.017101
0.0149368
0.012768
0.0106081
0.00845518
0.0071147
0.00578329
0.00694961
0.00822268
0.00923849
0.0100053
0.0103891
0.0106334
0.0106075
0.0102964
0.0119127
0.0132875
0.0152764
0.0173417
0.0194873
0.0217444
0.0235856
0.0261178
0.0288331
0.0317509
0.0363668
0.0413035
0.045732
0.0511954
0.0569411
0.0629437
0.069181
0.0747393
0.0813962
0.0882608
0.112117
0.119839
0.126607
0.135108
0.139064
0.139656
0.137929
0.134498
0.128664
0.122815
0.116087
0.10865
0.100654
0.0910689
0.0823581
0.0735107
0.0646604
0.060232
0.0554077
0.0521234
0.0489767
0.0459794
0.0431415
0.0404485
0.0360582
0.0335944
0.035607
0.0381122
0.0400027
0.0422991
0.0430253
0.0431855
0.0428281
0.0420036
0.0418452
0.040246
0.0383375
0.0361848
0.0338448
0.0313788
0.0297983
0.0271767
0.0245454
0.0231216
0.0223704
0.0227888
0.0219167
0.0226092
0.0237349
0.0246314
0.026669
0.0270943
0.0272984
0.0272926
0.0270858
0.0266921
0.0273734
0.0266188
0.0257193
0.0246946
0.0235658
0.0234665
0.0221509
0.0207872
0.0193872
0.0179685
0.0174943
0.016041
0.0146057
0.0131991
0.0118214
0.0104793
0.00992065
0.00863162
0.00739231
0.00619636
0.00504177
0.0048358
0.00487863
0.00493866
0.00501397
0.00510812
0.00519317
0.00577816
0.00644282
0.00706398
0.00761902
0.00810244
0.00829063
0.0086477
0.00892732
0.00912054
0.00922638
0.00910299
0.00903079
0.00885337
0.00857308
0.00886106
0.00894189
0.00932279
0.0103515
0.0114925
0.0127686
0.014195
0.0155674
0.0173357
0.0193322
0.0215807
0.0240985
0.0265104
0.029563
0.0329433
0.0366865
0.0408182
0.0447727
0.0497346
0.0551869
0.0611625
0.0701128
0.0770945
0.083639
0.0822742
0.0765393
0.0682567
0.0586379
0.0472962
0.0388577
0.0435639
0.0476865
0.0521645
0.0702638
0.0856195
0.0992602
0.111066
0.121009
0.129103
0.136473
0.141046
0.144034
0.145583
0.14584
0.145924
0.144
0.141195
0.137636
0.133447
0.129632
0.124472
0.118972
0.113207
0.107249
0.101157
0.0957675
0.0895468
0.0833411
0.0771869
0.0711176
0.0658142
0.0599702
0.0542886
0.0487935
0.0434989
0.038921
0.0340475
0.029422
0.0250534
0.0209492
0.0171171
0.0138479
0.0105329
0.00869411
0.00753725
0.00783312
0.00890934
0.00901344
0.00898626
0.0088551
0.0086301
0.00908634
0.00870118
0.00930676
0.0099124
0.0103734
0.0107025
0.011015
0.0111317
0.0111558
0.0110987
0.0109657
0.0109023
0.010651
0.010353
0.0100209
0.00966279
0.0094265
0.00903456
0.00863609
0.00823532
0.00783946
0.00744885
0.00719243
0.00708865
0.00714649
0.00718904
0.00721934
0.00714704
0.00716114
0.00716574
0.00716169
0.00714605
0.00705656
0.00702935
0.00699446
0.00695761
0.00691254
0.00686483
0.00677243
0.00672443
0.0066727
0.00662069
0.00656497
0.00648138
0.00642729
0.00637348
0.00631355
0.00624913
0.00616351
0.00609371
0.00601791
0.00593966
0.00585435
0.00576884
0.00567599
0.00558677
0.00552237
0.00548369
0.00546223
0.00544421
0.00542006
0.00540011
0.00539096
0.00538817
0.000678509
0.00170408
0.00640196
0.01386
0.0261583
0.0381486
0.0511933
0.066376
0.0832529
0.0986247
0.114999
0.127393
0.140991
0.16549
0.190413
0.214926
0.241851
0.2635
0.283212
0.301349
0.318341
0.337836
0.353078
0.367684
0.381789
0.395431
0.410338
0.422351
0.433353
0.443073
0.451262
0.457716
0.46277
0.465258
0.465784
0.464352
0.461005
0.47206
0.48459
0.494942
0.503018
0.508782
0.51581
0.516788
0.51543
0.511787
0.505927
0.497948
0.491067
0.479102
0.465391
0.450096
0.43339
0.418089
0.398969
0.378996
0.35837
0.337293
0.31805
0.296548
0.275183
0.254133
0.233557
0.214578
0.209192
0.20085
0.192743
0.185004
0.177809
0.173433
0.167533
0.162553
0.158622
0.155832
0.155346
0.154734
0.155338
0.157084
0.159805
0.163265
0.167179
0.170726
0.173393
0.174368
0.172941
0.169815
0.163242
0.154394
0.143886
0.132336
0.122031
0.109859
0.0978554
0.0941059
0.0906392
0.0871143
0.0852766
0.0816495
0.0780017
0.0760689
0.0758207
0.0758871
0.0746581
0.0729573
0.0708148
0.0682611
0.0663015
0.0630319
0.0594527
0.0556176
0.0515795
0.047388
0.0440917
0.0397016
0.0352819
0.0308678
0.0264907
0.0230847
0.020094
0.0200198
0.0199462
0.0198867
0.019906
0.01997
0.0244517
0.0289064
0.03318
0.0371487
0.0401374
0.0434347
0.0462512
0.0485227
0.0502343
0.0511871
0.0518697
0.0519555
0.0514163
0.0502135
0.0485341
0.0459791
0.0426169
0.0384635
0.0335321
0.0305583
0.035504
0.0418352
0.0490194
0.0570749
0.0919298
0.100223
0.11119
0.114567
0.114286
0.111122
0.110131
0.110985
0.108023
0.101517
0.0917577
0.0890897
0.0925252
0.099397
0.11238
0.125157
0.137322
0.146717
0.156529
0.164765
0.17121
0.175734
0.176285
0.192781
0.212134
0.229645
0.245182
0.258667
0.272879
0.282149
0.289398
0.294722
0.298228
0.302441
0.302602
0.301315
0.29872
0.294931
0.292075
0.286196
0.279482
0.272036
0.263967
0.255363
0.247857
0.23837
0.228586
0.224476
0.225998
0.229169
0.22937
0.228959
0.22798
0.226443
0.226597
0.224032
0.221019
0.217571
0.213746
0.20956
0.207094
0.20227
0.197176
0.191841
0.186322
0.182492
0.176604
0.170599
0.164494
0.158329
0.1538
0.147516
0.141221
0.134953
0.128712
0.122526
0.11785
0.111775
0.10581
0.09995
0.0942238
0.0898491
0.0843631
0.0790368
0.0738687
0.0688704
0.0650512
0.0603792
0.0558992
0.0516186
0.0475295
0.0436468
0.0406997
0.0384543
0.0362964
0.0341822
0.0321022
0.0306367
0.0286598
0.0267551
0.0249227
0.0231646
0.0219793
0.0203609
0.0188149
0.0173288
0.0159165
0.0145406
0.0136357
0.0123335
0.0110646
0.00981284
0.00856961
0.00770253
0.00643816
0.00513173
0.00429214
0.00441882
0.00467361
0.00503337
0.0060268
0.0069802
0.00790482
0.00874465
0.00937926
0.0103226
0.0122898
0.0143121
0.016352
0.018365
0.0214183
0.0246915
0.028172
0.0318818
0.0352113
0.039369
0.0437903
0.0484729
0.0534232
0.0586848
0.0634302
0.0692946
0.0755028
0.0820667
0.0889781
0.0952302
0.0805117
0.0891972
0.0985081
0.0959128
0.0845121
0.0691374
0.0571562
0.0617018
0.0774205
0.0913506
0.10275
0.112647
0.120501
0.126361
0.134149
0.155216
0.173463
0.189927
0.204502
0.217135
0.228825
0.237481
0.244202
0.249045
0.25208
0.25342
0.253935
0.252126
0.248952
0.244531
0.238968
0.232922
0.225373
0.21704
0.208033
0.198465
0.188679
0.17824
0.167561
0.156731
0.14584
0.134979
0.124057
0.113417
0.103022
0.0943551
0.0884226
0.0843722
0.0785341
0.0729029
0.067533
0.0624808
0.0592191
0.0548948
0.0510539
0.0477421
0.0449872
0.042818
0.0420155
0.0409709
0.0432336
0.0467667
0.0504659
0.0543404
0.0582174
0.0620886
0.0658798
0.0694572
0.072735
0.0754853
0.0776022
0.0789844
0.0795523
0.079309
0.0787766
0.0771058
0.0748012
0.0719664
0.0687069
0.0658357
0.0620156
0.0580324
0.0539497
0.0497989
0.046353
0.042216
0.0381273
0.0341211
0.0302066
0.0269534
0.0261036
0.024176
0.0221863
0.0201372
0.0180422
0.0168146
0.0146622
0.0125064
0.0103596
0.00822139
0.0068945
0.00568844
0.00708032
0.00833312
0.00932572
0.0100683
0.0104319
0.0106538
0.0106066
0.0102748
0.0119463
0.0133105
0.0152889
0.017346
0.019486
0.0217425
0.0235848
0.0261235
0.0288482
0.0318156
0.0364765
0.0414276
0.0458682
0.0513461
0.0571033
0.0631155
0.0693613
0.0749249
0.0815852
0.088448
0.112302
0.120021
0.126786
0.135283
0.139234
0.139822
0.138089
0.134656
0.128817
0.122961
0.116225
0.108777
0.100772
0.0911781
0.0824587
0.0736025
0.064744
0.0602545
0.0554341
0.0521563
0.0490115
0.0460244
0.0431988
0.0405136
0.0361247
0.0336601
0.0354715
0.0379683
0.0398554
0.0421508
0.0428739
0.0430356
0.0426794
0.0418585
0.0417037
0.0401099
0.0382087
0.0360631
0.0337324
0.0312749
0.0297023
0.0270883
0.0244673
0.023155
0.0224021
0.0228124
0.021937
0.0226472
0.0237766
0.0246747
0.0267133
0.0271398
0.0273442
0.0273404
0.0271278
0.0267262
0.0274017
0.0266443
0.025742
0.0247196
0.023593
0.0234953
0.0221841
0.0208236
0.0194303
0.0180259
0.0175634
0.01612
0.0146942
0.0132956
0.0119364
0.0106134
0.0100749
0.00880846
0.00758536
0.00641388
0.00527944
0.00516255
0.00524906
0.00534619
0.00545295
0.00557179
0.00567011
0.00580403
0.00628416
0.00690701
0.00745912
0.00795028
0.00814676
0.00851608
0.00881056
0.00902677
0.00914946
0.00904939
0.00900122
0.00884256
0.0085652
0.00876538
0.00885623
0.00967474
0.0106912
0.0118203
0.0130843
0.0144996
0.0158615
0.0176175
0.0196019
0.0218388
0.0243487
0.0267539
0.0297976
0.0331658
0.0368977
0.0410176
0.0449622
0.0499129
0.0553619
0.061332
0.070273
0.077255
0.0837999
0.0824343
0.0766981
0.0684128
0.0587917
0.0474478
0.0390024
0.0437088
0.0478314
0.0521305
0.0702312
0.0855884
0.099231
0.11104
0.12098
0.129072
0.136447
0.141027
0.144022
0.145577
0.14584
0.14593
0.144012
0.141214
0.137661
0.133478
0.129669
0.124515
0.119021
0.113262
0.107311
0.101228
0.0958459
0.0896333
0.0834341
0.0772858
0.0712213
0.0659213
0.0600824
0.0544033
0.0489106
0.0436178
0.0390415
0.0341685
0.0295424
0.0251752
0.0210708
0.0172352
0.0139664
0.01065
0.0087612
0.007595
0.00784305
0.00891924
0.00902829
0.00900716
0.008876
0.00864995
0.00910431
0.00871375
0.00924745
0.0098615
0.0103275
0.0106618
0.0109791
0.0111
0.0111279
0.0110654
0.0109273
0.0108603
0.0106066
0.0103063
0.0099737
0.00961606
0.00937992
0.0089891
0.00859112
0.00819142
0.00779721
0.00740784
0.00715181
0.00707071
0.00713082
0.00717613
0.00720742
0.00713632
0.00715156
0.00715739
0.00715479
0.0071405
0.00705248
0.00702649
0.0069935
0.00695826
0.00691508
0.00686891
0.00677752
0.006731
0.00667985
0.00662844
0.00657396
0.00649041
0.00643757
0.0063836
0.00632508
0.00626174
0.00617751
0.00610997
0.00603592
0.00595985
0.00587995
0.00579509
0.00570175
0.005615
0.00555335
0.00551318
0.00549276
0.00547566
0.00548013
0.00548546
0.00549366
0.00549878
0.000678509
0.00170408
0.00640196
0.01386
0.0261583
0.0381486
0.0511933
0.066376
0.0832529
0.0986247
0.114999
0.127393
0.140991
0.16549
0.190413
0.214923
0.241859
0.263521
0.28328
0.301379
0.318315
0.337766
0.352941
0.367473
0.381472
0.394951
0.409662
0.421435
0.432202
0.441687
0.449649
0.4559
0.460803
0.463146
0.463559
0.462044
0.458634
0.474003
0.486416
0.496651
0.504609
0.510254
0.517176
0.518037
0.516573
0.512826
0.506864
0.498786
0.491834
0.479794
0.466012
0.450651
0.433887
0.418545
0.399382
0.37937
0.358706
0.337598
0.318332
0.296804
0.27542
0.254357
0.233773
0.215371
0.209954
0.20158
0.193445
0.185682
0.178465
0.174071
0.168151
0.163154
0.159206
0.156399
0.155901
0.155275
0.15586
0.157586
0.160283
0.163719
0.16761
0.171122
0.173741
0.17467
0.173201
0.170037
0.16342
0.154534
0.143995
0.132417
0.122094
0.109909
0.0978986
0.0937356
0.0902694
0.0867451
0.0849079
0.0812742
0.0776154
0.0755498
0.0753256
0.0754156
0.0742141
0.0725367
0.0704128
0.0678688
0.0659134
0.0626569
0.059096
0.0552775
0.0512514
0.0470674
0.0437754
0.0393891
0.0349748
0.0305722
0.0262209
0.0228492
0.0199796
0.0199387
0.0199925
0.0200464
0.0201662
0.0204197
0.0249457
0.0293435
0.0335388
0.0374387
0.0403632
0.0435319
0.0462146
0.0483397
0.0498848
0.0506701
0.0511833
0.0511113
0.0503485
0.0489221
0.0470977
0.0444034
0.0409427
0.0367225
0.0317379
0.0303413
0.0354353
0.0419581
0.0493387
0.0576148
0.0927006
0.1012
0.112402
0.116002
0.115926
0.112915
0.111206
0.112086
0.109184
0.102709
0.0929484
0.0900607
0.0934732
0.101487
0.114423
0.127156
0.139276
0.148615
0.158336
0.166479
0.172831
0.177257
0.177722
0.191727
0.211089
0.228613
0.244168
0.257675
0.271908
0.281202
0.288473
0.293821
0.297355
0.301593
0.301786
0.300532
0.297969
0.294211
0.291382
0.285534
0.278857
0.27145
0.263422
0.254861
0.247391
0.237942
0.228193
0.224158
0.225694
0.228883
0.229102
0.228702
0.22773
0.226199
0.22636
0.2238
0.220793
0.217354
0.213537
0.209359
0.206899
0.202082
0.196994
0.191664
0.18615
0.182324
0.176441
0.17044
0.164338
0.158176
0.153649
0.147368
0.141073
0.134805
0.128562
0.122375
0.117699
0.111623
0.105657
0.0997942
0.0940666
0.0896911
0.0842044
0.078878
0.0737107
0.0687132
0.0648944
0.0602236
0.0557449
0.0514649
0.0473747
0.0434918
0.0405442
0.0381914
0.0360344
0.0339218
0.0318438
0.0303808
0.0284068
0.0265054
0.0246768
0.0229218
0.0217382
0.0201223
0.0185824
0.0171049
0.015704
0.0143385
0.0134416
0.0121493
0.0108935
0.0096528
0.00841629
0.00755253
0.00628998
0.00498738
0.00432242
0.00444973
0.00470199
0.00528802
0.00625916
0.00718581
0.00808381
0.00894582
0.00961251
0.010396
0.0123347
0.01433
0.0163551
0.0181267
0.0211632
0.0244412
0.0279243
0.0316683
0.0350327
0.0392321
0.0436839
0.0483972
0.0533729
0.0586676
0.0634404
0.0693241
0.0755478
0.0821206
0.0890384
0.0952902
0.0805647
0.0892468
0.0985496
0.0959404
0.08452
0.0691199
0.0569508
0.0618078
0.0775444
0.0914908
0.1029
0.112806
0.120664
0.126531
0.13439
0.155471
0.173733
0.190209
0.204795
0.217431
0.229123
0.237779
0.244498
0.249337
0.252367
0.253704
0.254214
0.252398
0.249216
0.244784
0.23921
0.233158
0.225601
0.217259
0.208243
0.198662
0.188862
0.178404
0.167704
0.156848
0.145936
0.13505
0.124106
0.113445
0.103028
0.0945626
0.0886251
0.0845742
0.0787373
0.0731041
0.0677275
0.062669
0.0594001
0.0550625
0.0512047
0.0478736
0.0450987
0.0429089
0.0420882
0.0410236
0.0432634
0.0467944
0.0504909
0.0543621
0.0582379
0.0621097
0.0659056
0.0694945
0.0727848
0.0755539
0.0776897
0.0790908
0.0796753
0.0794487
0.0789276
0.0772675
0.0749701
0.0721392
0.0688779
0.0660037
0.0621771
0.0581855
0.0540928
0.0499318
0.0464741
0.0423234
0.0382205
0.0342029
0.0302777
0.0270831
0.0262167
0.0242756
0.022273
0.0202105
0.0181013
0.0168616
0.0146949
0.0125258
0.0103668
0.00821555
0.00687889
0.00568328
0.00716834
0.0084343
0.00943923
0.0101935
0.0105665
0.0107977
0.0107532
0.0104219
0.0120122
0.0133726
0.0153453
0.017397
0.0195311
0.0217797
0.0236159
0.0261441
0.0288575
0.0317763
0.0362806
0.0412321
0.0456733
0.0511497
0.0569079
0.062923
0.0691737
0.074741
0.0814068
0.0882772
0.112138
0.119865
0.126636
0.13514
0.139097
0.139692
0.137967
0.134538
0.128704
0.122855
0.116126
0.108689
0.100695
0.0911104
0.0824012
0.0735548
0.0647049
0.0603749
0.0555449
0.0522485
0.0490969
0.0460927
0.0432399
0.0405309
0.0361281
0.0336511
0.0355788
0.0380901
0.0399862
0.0422837
0.0430113
0.0431735
0.0428173
0.0419943
0.0418369
0.0402403
0.0383351
0.0361868
0.0338509
0.0313892
0.0298113
0.0271929
0.0245646
0.023145
0.022393
0.0227999
0.0219156
0.0225866
0.0237139
0.0246125
0.0266527
0.027076
0.0272794
0.0272734
0.0270658
0.0266682
0.0273446
0.0265896
0.0256924
0.0246796
0.0235575
0.0234632
0.0221547
0.0207966
0.0194025
0.0179911
0.0175213
0.0160715
0.0146445
0.0132467
0.0118775
0.0105443
0.00999275
0.00871547
0.0074825
0.00628908
0.00514311
0.00500412
0.005075
0.0051629
0.00526439
0.00538117
0.00548212
0.00567847
0.00634293
0.00696565
0.00754101
0.00804193
0.00824855
0.00861673
0.0088985
0.00909305
0.00919683
0.00908312
0.00902212
0.00885401
0.00856941
0.00882935
0.00891439
0.00949305
0.0105087
0.0116354
0.0128988
0.014314
0.0156764
0.0174339
0.0194214
0.0216642
0.0241778
0.0265876
0.0296346
0.0330097
0.0367488
0.0408745
0.0448239
0.0497796
0.0552333
0.0612106
0.0701585
0.077138
0.0836806
0.0823374
0.0766278
0.068368
0.0587709
0.0474431
0.0390427
0.0437614
0.0478934
0.0521037
0.0702054
0.0855651
0.0992114
0.111021
0.120961
0.12905
0.136419
0.140991
0.143979
0.145528
0.145785
0.145871
0.143947
0.141144
0.137587
0.133399
0.129586
0.124428
0.11893
0.113167
0.107213
0.101127
0.0957434
0.0895284
0.0833282
0.0771787
0.0711142
0.0658146
0.0599751
0.0542975
0.0488059
0.0435152
0.0389402
0.03407
0.0294476
0.0250814
0.0209803
0.0171498
0.0138774
0.0105572
0.00873151
0.00756624
0.00781357
0.00888634
0.00898784
0.00896209
0.00882769
0.00860193
0.00905669
0.00866517
0.00929952
0.00990775
0.0103687
0.0106984
0.0110123
0.0111291
0.0111458
0.0110733
0.0109265
0.0108528
0.0105931
0.0102897
0.00995412
0.0095944
0.00935671
0.00896418
0.00856602
0.00816588
0.0077713
0.00738229
0.00712755
0.00706615
0.00712551
0.00717041
0.0072017
0.00713056
0.00714628
0.00715268
0.00715061
0.00713637
0.0070484
0.00702313
0.00699028
0.00695506
0.00691217
0.00686638
0.00677499
0.00672802
0.00667645
0.00662482
0.00656997
0.00648576
0.00643075
0.00637206
0.00630777
0.00624056
0.00615253
0.00608151
0.00600426
0.00592647
0.00584152
0.00575641
0.00565964
0.00557086
0.00550857
0.00546885
0.00545017
0.005435
0.0054422
0.0054511
0.00546202
0.0054702
0.000678509
0.00170408
0.00640196
0.01386
0.0261583
0.0381486
0.0511933
0.066376
0.0832529
0.0986247
0.114999
0.127393
0.140991
0.16549
0.190413
0.214926
0.241851
0.2635
0.283212
0.301349
0.318341
0.337836
0.353078
0.367684
0.381789
0.395431
0.410338
0.422351
0.433353
0.443073
0.451262
0.457716
0.46277
0.465258
0.465784
0.464352
0.461005
0.47206
0.48459
0.494942
0.50302
0.508785
0.515815
0.516799
0.515456
0.511826
0.505973
0.498
0.491123
0.479162
0.465454
0.45016
0.433456
0.418158
0.39904
0.379068
0.35844
0.337362
0.318119
0.296615
0.275249
0.254199
0.233624
0.214597
0.209214
0.200875
0.19277
0.185034
0.177842
0.173468
0.16757
0.162592
0.158662
0.155871
0.155386
0.154775
0.155376
0.15712
0.159837
0.163294
0.167212
0.170767
0.173437
0.174416
0.17299
0.169863
0.163289
0.154438
0.143927
0.13237
0.122057
0.109877
0.0978669
0.0940383
0.0905598
0.087023
0.0851751
0.0815312
0.0778646
0.0758835
0.0756406
0.0757135
0.0744864
0.072784
0.0706372
0.0680815
0.0661234
0.0628634
0.0592943
0.0554648
0.0514271
0.0472274
0.0439219
0.0395271
0.0351049
0.0306947
0.0263212
0.0229174
0.0201482
0.0201242
0.0201427
0.020207
0.0203099
0.0206359
0.0250942
0.0293988
0.0334858
0.0372987
0.0401791
0.0433353
0.0460249
0.0481866
0.0497924
0.0505997
0.0511317
0.051108
0.0504789
0.0492151
0.0475064
0.0449269
0.0415825
0.0374502
0.0325452
0.0309347
0.0361436
0.042766
0.0502134
0.0585158
0.0936163
0.102126
0.113331
0.116915
0.116823
0.113814
0.110209
0.11118
0.108317
0.101904
0.0921945
0.0892414
0.0926653
0.101693
0.114539
0.127168
0.139185
0.14847
0.158151
0.166243
0.172546
0.176932
0.177366
0.192014
0.211328
0.228801
0.244302
0.257754
0.271938
0.281177
0.288396
0.293694
0.297178
0.301374
0.301521
0.300225
0.297625
0.29383
0.290963
0.285079
0.278373
0.270941
0.262893
0.254317
0.246838
0.237381
0.227625
0.224101
0.225631
0.228817
0.229033
0.228633
0.227663
0.226137
0.226303
0.223748
0.220745
0.21731
0.2135
0.20933
0.206878
0.20207
0.196992
0.191674
0.186171
0.182354
0.176481
0.170491
0.164398
0.158245
0.153724
0.147451
0.141164
0.134906
0.128673
0.122494
0.117824
0.111756
0.105795
0.0999381
0.0942148
0.0898419
0.0843582
0.079034
0.0738683
0.068872
0.0650546
0.060384
0.0559043
0.0516245
0.0475355
0.0436535
0.0407071
0.0384804
0.0363203
0.0342068
0.0321274
0.0306607
0.0286816
0.0267757
0.0249403
0.0231769
0.0219853
0.0203606
0.018812
0.0173227
0.0159082
0.0145303
0.0136265
0.0123262
0.0110607
0.00981078
0.00856716
0.00769924
0.00643167
0.00512675
0.00431093
0.00446656
0.0047306
0.0051175
0.00609483
0.00705059
0.00795935
0.0088427
0.00953468
0.0102777
0.0120374
0.0140028
0.0159995
0.0181776
0.0212062
0.0244624
0.0279229
0.0316277
0.0349539
0.0391012
0.0434998
0.0481643
0.0530965
0.0583331
0.0630572
0.0688903
0.0750667
0.0815982
0.0884833
0.0947159
0.0799703
0.0886417
0.0979422
0.0953354
0.0839168
0.0685228
0.0567795
0.0618899
0.0776397
0.0915979
0.103018
0.112934
0.120803
0.126681
0.134867
0.155939
0.174194
0.190665
0.205244
0.217878
0.229566
0.238221
0.24494
0.24978
0.252811
0.254148
0.25466
0.252846
0.249667
0.24524
0.239675
0.233629
0.226081
0.217747
0.208736
0.19916
0.189363
0.178909
0.168212
0.15736
0.146449
0.13556
0.12461
0.113939
0.103516
0.0946048
0.0886745
0.0846308
0.0787995
0.0731644
0.06778
0.0627087
0.0594269
0.0550767
0.0512078
0.0478661
0.0450819
0.0428837
0.0420558
0.0409828
0.0430749
0.0466015
0.0502967
0.0541695
0.0580487
0.0619262
0.0657267
0.06932
0.0726244
0.0754212
0.0775896
0.0790272
0.07965
0.0794584
0.0789662
0.0773336
0.0750604
0.07225
0.0690099
0.0661487
0.0623334
0.0583496
0.0542626
0.050105
0.0466503
0.0425028
0.0384018
0.0343828
0.0304545
0.0270735
0.0262196
0.0242865
0.0222905
0.0202347
0.018132
0.0168979
0.0147383
0.0125758
0.010423
0.00827705
0.00694625
0.00572079
0.00702468
0.00829241
0.00929841
0.0100535
0.0104264
0.0106581
0.010614
0.0102867
0.0118908
0.013243
0.0152104
0.0172584
0.01939
0.0216366
0.0234739
0.0260078
0.0287304
0.031779
0.0364467
0.0414062
0.0458554
0.051339
0.0570912
0.0631016
0.0693492
0.0749155
0.0815812
0.0884532
0.112317
0.120046
0.126814
0.135313
0.139266
0.139859
0.138133
0.134705
0.128871
0.123019
0.116286
0.108841
0.100838
0.0912452
0.0825241
0.0736635
0.0647957
0.0601183
0.0553114
0.0520438
0.0489077
0.0459187
0.043077
0.0403771
0.0359808
0.0335095
0.0350922
0.0375718
0.0394493
0.0417387
0.0424632
0.042627
0.0422716
0.0414537
0.0413043
0.0397213
0.0378325
0.0357008
0.0333844
0.0309424
0.0293823
0.0267817
0.0241732
0.0230523
0.0222891
0.0226954
0.0218091
0.0228568
0.0239827
0.0248782
0.0269144
0.0273331
0.0275293
0.0275189
0.0273031
0.0269003
0.0275674
0.026798
0.0258829
0.0248497
0.0237145
0.0236116
0.0222997
0.020938
0.0195418
0.0181314
0.0176629
0.0162124
0.0147813
0.0133802
0.0120151
0.0106888
0.010142
0.00886394
0.00762438
0.00642607
0.00526955
0.00503307
0.00508637
0.00515765
0.00524258
0.00534509
0.00543524
0.00566289
0.00632335
0.00694241
0.00749873
0.00799178
0.00820118
0.00858308
0.0088777
0.00907958
0.00918372
0.00906438
0.00897713
0.00878657
0.0084847
0.00877203
0.00886383
0.00941439
0.0104491
0.0116005
0.0128866
0.0143288
0.0157167
0.0175007
0.0195118
0.0217719
0.0242982
0.0267168
0.0297729
0.0331528
0.0368957
0.0410251
0.044976
0.0499297
0.0553476
0.0612868
0.0702065
0.0771721
0.0837062
0.0823301
0.076584
0.0682924
0.0586671
0.0473215
0.0387824
0.0434843
0.0476037
0.052048
0.0701438
0.0854977
0.099137
0.110944
0.120892
0.128992
0.136373
0.140959
0.143961
0.145524
0.145795
0.145892
0.143982
0.141193
0.137649
0.133474
0.129673
0.124528
0.119041
0.11329
0.107345
0.101265
0.0958855
0.089676
0.0834806
0.0773353
0.0712743
0.0659761
0.0601378
0.0544605
0.0489682
0.0436759
0.039099
0.034226
0.0296004
0.0252305
0.0211245
0.0172879
0.0140153
0.0106967
0.00882566
0.00766006
0.00785175
0.00892532
0.00902775
0.00900567
0.00887358
0.0086503
0.00910938
0.00872293
0.00922579
0.00984114
0.0103104
0.0106469
0.0109664
0.0110892
0.0111191
0.0110664
0.0109373
0.0108764
0.0106276
0.0103321
0.0100028
0.0096478
0.00941333
0.00902411
0.00862747
0.00822796
0.00783369
0.00744356
0.00718655
0.00705869
0.00711741
0.00716209
0.00719319
0.00712255
0.00713892
0.0071456
0.00714372
0.00713138
0.00704525
0.00702153
0.00698856
0.00695078
0.0069057
0.00685751
0.0067641
0.00671518
0.00666164
0.0066091
0.00655395
0.00647008
0.0064169
0.00636333
0.00630492
0.00624302
0.00615983
0.00609241
0.00601888
0.00594552
0.00586487
0.00578378
0.00569387
0.00560898
0.00552028
0.00545859
0.00542168
0.00539474
0.00539209
0.0053944
0.00540228
0.00540881
0.000678509
0.00170408
0.00640196
0.01386
0.0261583
0.0381486
0.0511933
0.066376
0.0832529
0.0986247
0.114999
0.127393
0.140991
0.16549
0.190413
0.214926
0.241851
0.2635
0.283212
0.301349
0.318341
0.337836
0.353078
0.367684
0.381789
0.395431
0.410338
0.422351
0.433353
0.443073
0.451262
0.457716
0.46277
0.465258
0.465784
0.464352
0.461005
0.47206
0.48459
0.494942
0.50302
0.508785
0.515815
0.516799
0.515456
0.511826
0.505973
0.498
0.491123
0.479162
0.465454
0.45016
0.433456
0.418158
0.39904
0.379068
0.35844
0.337362
0.318119
0.296615
0.275248
0.254198
0.233622
0.2146
0.209217
0.200877
0.192771
0.185035
0.177842
0.173467
0.167568
0.162589
0.158661
0.155874
0.155393
0.154786
0.155393
0.157144
0.15987
0.163337
0.167256
0.170804
0.173464
0.174433
0.172994
0.16986
0.16328
0.154425
0.14391
0.132349
0.122036
0.109855
0.0978441
0.0939185
0.0904453
0.0869124
0.0850664
0.0814243
0.0777593
0.075765
0.0755057
0.0755653
0.0743314
0.0726267
0.0704799
0.0679186
0.0659546
0.062684
0.05911
0.0552834
0.0512533
0.0470622
0.0437636
0.0393672
0.0349419
0.0305201
0.0261226
0.0226887
0.0201737
0.0200758
0.0199502
0.019871
0.0199067
0.0205774
0.0250252
0.0293439
0.0334719
0.0373073
0.0401914
0.0433403
0.0460317
0.0482015
0.0497865
0.0505964
0.0511555
0.051131
0.0504755
0.0491428
0.0473178
0.0445196
0.0408965
0.0364519
0.0312409
0.0306972
0.0359207
0.0425292
0.049945
0.0582139
0.0932859
0.101767
0.112936
0.116499
0.116392
0.113372
0.11219
0.113098
0.110205
0.10375
0.0939927
0.0907962
0.0942025
0.101519
0.11446
0.12721
0.139332
0.148678
0.158421
0.166575
0.172931
0.177364
0.177833
0.191447
0.210845
0.228394
0.243966
0.257485
0.271725
0.281022
0.288294
0.29365
0.297192
0.301434
0.301633
0.300381
0.297822
0.294068
0.291235
0.285378
0.278695
0.271285
0.263254
0.254692
0.247222
0.237775
0.228029
0.223979
0.225512
0.228698
0.228906
0.2285
0.227526
0.225997
0.22616
0.223604
0.220602
0.217167
0.213354
0.20918
0.206725
0.201912
0.196829
0.191505
0.185996
0.182174
0.176295
0.1703
0.164205
0.158049
0.153527
0.147252
0.140964
0.134704
0.128469
0.12229
0.117621
0.111549
0.105587
0.09973
0.0940072
0.0896355
0.0841538
0.0788326
0.0736705
0.0686786
0.064865
0.0602
0.0557275
0.0514511
0.0473671
0.0434915
0.0405504
0.0383111
0.0361546
0.0340427
0.0319652
0.0305039
0.0285333
0.0266374
0.024814
0.02306
0.0218753
0.0202581
0.0187143
0.0172302
0.0158215
0.014452
0.0135543
0.0122604
0.0110047
0.00976128
0.00852275
0.00765512
0.00638139
0.00506591
0.00418461
0.00428975
0.00453333
0.00545965
0.00647279
0.0074456
0.00835029
0.0092174
0.00985224
0.0105287
0.012387
0.0144418
0.016524
0.0182317
0.0210265
0.0243517
0.0278875
0.0316593
0.0350453
0.0392631
0.0437474
0.0485022
0.0535225
0.0588415
0.0636274
0.0695239
0.075752
0.0823249
0.0892352
0.0954825
0.080753
0.0894203
0.0987012
0.0960664
0.0846224
0.0691894
0.0564414
0.0619029
0.0776315
0.0915695
0.102972
0.11287
0.120719
0.126571
0.1346
0.155694
0.173969
0.190453
0.205044
0.217685
0.229376
0.238032
0.244749
0.249586
0.25261
0.25394
0.254444
0.252619
0.249429
0.244991
0.239411
0.233351
0.225782
0.217432
0.208408
0.198822
0.189017
0.178555
0.167851
0.156987
0.146063
0.135167
0.124214
0.113536
0.103099
0.09469
0.0887651
0.0847195
0.0788821
0.0732459
0.0678638
0.0628016
0.0595266
0.0551821
0.0513173
0.0479788
0.0451972
0.0430003
0.0421737
0.0411026
0.0433013
0.0468287
0.050523
0.0543932
0.0582662
0.0621341
0.0659221
0.0694973
0.0727799
0.075547
0.0776815
0.0790812
0.0796673
0.079441
0.0789214
0.0772623
0.0749656
0.0721357
0.0688823
0.0660139
0.0621917
0.0582055
0.0541182
0.0499611
0.046508
0.0423606
0.0382598
0.0342439
0.0303199
0.0270836
0.0262176
0.0242763
0.0222734
0.0202097
0.018098
0.0168564
0.0146889
0.0125195
0.0103611
0.00821155
0.00687664
0.00566847
0.00711907
0.00838277
0.00938482
0.0101365
0.0105076
0.0107372
0.0106967
0.0103701
0.0120244
0.0133906
0.0153708
0.0174299
0.0195696
0.0218249
0.0236679
0.0262065
0.0289312
0.031861
0.0364411
0.041399
0.0458465
0.0513311
0.0570951
0.0631163
0.0693725
0.0749451
0.0816169
0.088492
0.112358
0.120087
0.126856
0.135354
0.139307
0.139896
0.138166
0.134736
0.128901
0.123047
0.116314
0.10887
0.100868
0.0912755
0.0825564
0.0736985
0.0648363
0.0601407
0.0553275
0.0520521
0.0489103
0.0459161
0.0430766
0.040379
0.035985
0.033522
0.0351601
0.0376506
0.0395346
0.0418295
0.0425552
0.0427225
0.0423772
0.0415667
0.0414236
0.0398443
0.0379584
0.0358281
0.033512
0.0310697
0.0295093
0.0269097
0.0243021
0.0230441
0.0222838
0.0226869
0.0218053
0.0227097
0.0238332
0.0247254
0.026761
0.0271846
0.0273872
0.0273811
0.0271765
0.0267854
0.0274692
0.0267172
0.0258226
0.0248111
0.023694
0.0236045
0.0223006
0.0209457
0.019553
0.0181395
0.0176682
0.0162179
0.0147848
0.0133764
0.0120039
0.010675
0.0101305
0.00885703
0.00762536
0.00643197
0.00527862
0.00510201
0.00515877
0.00523139
0.00532179
0.00542951
0.00552521
0.00568362
0.00635362
0.00696556
0.00752726
0.00801506
0.00820337
0.00856555
0.00884626
0.00904115
0.00914575
0.00903361
0.00897413
0.00880776
0.00852542
0.00875044
0.00883932
0.00965494
0.0106932
0.0118404
0.013119
0.0145452
0.0159156
0.0176799
0.0196715
0.0219139
0.0244243
0.0268297
0.0298728
0.0332398
0.0369715
0.041091
0.0450346
0.0499822
0.0554281
0.0613977
0.0703434
0.0773292
0.0838762
0.0825348
0.0768211
0.0685512
0.0589428
0.0476077
0.0391536
0.0438697
0.048001
0.0520995
0.0702036
0.0855653
0.0992122
0.111026
0.120974
0.129071
0.136445
0.141024
0.144019
0.145576
0.145839
0.145931
0.144015
0.141219
0.13767
0.133489
0.129683
0.124533
0.119042
0.113286
0.107338
0.101257
0.095877
0.0896669
0.0834711
0.0773259
0.0712652
0.0659691
0.060133
0.0544579
0.0489691
0.0436794
0.0391054
0.0342354
0.0296129
0.0252469
0.0211443
0.0173126
0.0140432
0.010727
0.00891346
0.00774458
0.00781721
0.00889334
0.00899673
0.00897211
0.00883809
0.00861478
0.00907362
0.00868717
0.00917351
0.00978896
0.0102589
0.0105964
0.0109172
0.0110414
0.0110731
0.0110232
0.0108969
0.0108378
0.0105921
0.0102992
0.00997218
0.00961874
0.00938621
0.00899784
0.0086032
0.00820599
0.00781359
0.00742494
0.00717053
0.00706597
0.007126
0.0071713
0.00720395
0.00713342
0.00715019
0.00715676
0.00715466
0.00714158
0.00705498
0.00703113
0.00699833
0.00696085
0.00691588
0.00686803
0.00677527
0.00672777
0.00667582
0.00662391
0.00656833
0.00648335
0.00642779
0.0063718
0.006311
0.00624694
0.00616255
0.00609452
0.00602044
0.00594519
0.00586592
0.00578378
0.00569288
0.00560583
0.0055158
0.0054533
0.00541511
0.00538696
0.00538242
0.00538315
0.00539236
0.00540179
