0.000756472
0.0024973
0.0158227
0.0298733
0.0410683
0.045191
0.0517982
0.0571083
0.0613981
0.0648563
0.0611859
0.0632047
0.0647272
0.0657889
0.0664181
0.0666346
0.0600498
0.0596458
0.0588974
0.057835
0.0564809
0.0497831
0.0498646
0.0514816
0.0527728
0.053726
0.0464237
0.0468201
0.0469887
0.0469
0.0466492
0.0461819
0.0384673
0.0379481
0.0373229
0.0365756
0.0357652
0.0292364
0.0286189
0.0279082
0.0271321
0.0262686
0.0215424
0.0208857
0.0201107
0.0192193
0.0182233
0.0171143
0.0159717
0.0149884
0.0149764
0.0150577
0.0152188
0.014712
0.0150103
0.0152692
0.0154592
0.0155679
0.0151543
0.0151343
0.0150356
0.0148952
0.0147117
0.0145205
0.01396
0.0137625
0.0136036
0.0134649
0.0133593
0.0128402
0.0127415
0.0126387
0.0125464
0.0124566
0.0119189
0.0118097
0.0116981
0.0115836
0.0114454
0.0113051
0.0106996
0.0105318
0.0103598
0.0102307
0.0101473
0.0104772
0.0103858
0.0102821
0.0101601
0.0100367
0.0101706
0.0100493
0.00994214
0.00984094
0.00974546
0.00965656
0.00969225
0.00961253
0.00955606
0.00951375
0.00948271
0.00950256
0.00950293
0.00952809
0.00957952
0.00965588
0.0097381
0.00986108
0.0100196
0.0102209
0.0104691
0.0107647
0.0110306
0.0114143
0.0118368
0.0122987
0.0128049
0.0132362
0.0138201
0.0144526
0.0151345
0.0158672
0.0164989
0.0173229
0.0181942
0.0191123
0.0200756
0.0210815
0.0219492
0.0230305
0.0241517
0.0253089
0.0265011
0.0275226
0.0287613
0.0300088
0.0312527
0.0324757
0.0334727
0.0346207
0.0356991
0.0366883
0.0375585
0.0386759
0.0400108
0.0414257
0.0426941
0.0437723
0.0476483
0.0512816
0.0610988
0.0656109
0.0682179
0.0691362
0.0734368
0.0806305
0.086582
0.0913083
0.0948544
0.097278
0.0933934
0.0934496
0.0925626
0.0907921
0.0882024
0.0790064
0.074994
0.070447
0.0654917
0.0602557
0.0496507
0.044492
0.0394841
0.0347328
0.03032
0.0263045
0.0217797
0.0211321
0.0205711
0.0200813
0.0196368
0.0174664
0.017218
0.0169307
0.0165929
0.0161609
0.0146102
0.014096
0.0134504
0.0126377
0.0116597
0.0105157
0.00903356
0.00757551
0.00617483
0.00486648
0.00369531
0.00518265
0.00423129
0.00419933
0.00613694
0.00832574
0.01013
0.0127454
0.0156072
0.0186639
0.0219254
0.0253687
0.0280488
0.031777
0.0356227
0.0395504
0.0435753
0.0466221
0.0506856
0.0547087
0.0586267
0.0623937
0.0650122
0.0682829
0.0711667
0.0735971
0.0754663
0.076695
0.0767552
0.0784156
0.0816162
0.0842554
0.0863017
0.088098
0.0889158
0.089117
0.0887522
0.0878208
0.0869973
0.0852037
0.083094
0.0807321
0.0781098
0.0752511
0.0742087
0.0750958
0.0755237
0.07542
0.0747349
0.0736979
0.0717068
0.0689323
0.065328
0.0608627
0.0562608
0.0501303
0.0430823
0.035118
0.0262381
0.0165479
0.0147706
0.0205719
0.0239817
0.0256912
0.0262296
0.0259983
0.0254189
0.0246537
0.0238564
0.0231766
0.022703
0.0224636
0.0225621
0.0229991
0.0237732
0.0248833
0.0260511
0.027649
0.0294041
0.0312583
0.0333151
0.0356033
0.0381587
0.0403515
0.0421708
0.0436646
0.0445259
0.0453433
0.0459534
0.0464509
0.0469038
0.0474239
0.0478924
0.0528935
0.0608604
0.0697016
0.0794652
0.088665
0.0778878
0.0912012
0.105846
0.109379
0.104003
0.0962971
0.0859155
0.0740254
0.0613673
0.0500622
0.0475351
0.046787
0.0457154
0.0441961
0.0421437
0.0389644
0.0388674
0.0380112
0.0365538
0.0371488
0.0413985
0.0426963
0.043346
0.0434361
0.0430688
0.0423618
0.0421831
0.0408072
0.0393267
0.0377922
0.0362487
0.034589
0.0329839
0.0314732
0.0300804
0.0288248
0.0267942
0.0256429
0.0245977
0.0236458
0.0228016
0.0220565
0.0205622
0.0206736
0.0208701
0.021156
0.0215154
0.0229865
0.0233955
0.0238537
0.0243229
0.0248246
0.0261505
0.0266691
0.0271089
0.0274719
0.0277794
0.0280471
0.0289277
0.0291197
0.0292671
0.0293735
0.0294604
0.0300468
0.0300676
0.0300517
0.0300284
0.029994
0.0304032
0.030337
0.0302561
0.0301729
0.0300824
0.0299999
0.0302521
0.0301406
0.0300147
0.0298741
0.029718
0.0298172
0.0295997
0.029369
0.0291199
0.0288235
0.0287225
0.0283322
0.0278697
0.0273389
0.0267233
0.0260253
0.0254774
0.0245832
0.0235706
0.0224473
0.0212057
0.0201131
0.0186091
0.0169615
0.0151647
0.0132198
0.0114608
0.00921486
0.00682463
0.00562076
0.00512109
0.00458862
0.0044468
0.00666408
0.00921391
0.0122371
0.0147258
0.0157475
0.0162459
0.0168384
0.0172691
0.017567
0.0179014
0.0179205
0.0177639
0.017426
0.0169034
0.016176
0.0154795
0.0143366
0.0143327
0.0162899
0.0187198
0.0212692
0.0247711
0.0289157
0.0353627
0.0411298
0.0466417
0.0560466
0.0628895
0.0680766
0.0722961
0.0759643
0.0779006
0.0810176
0.0840775
0.0871312
0.0901745
0.0912638
0.0941254
0.0968497
0.0993325
0.101437
0.100919
0.101783
0.101732
0.100558
0.0981178
0.095853
0.0969167
0.0954299
0.094031
0.0916873
0.0886322
0.0875556
0.0835647
0.0792894
0.0748315
0.0702613
0.0679702
0.0633031
0.0586815
0.054149
0.049742
0.0454721
0.0432444
0.039211
0.0353401
0.0316554
0.0281724
0.026393
0.023243
0.0203211
0.0176302
0.0151567
0.0152248
0.0147974
0.0142907
0.0137119
0.0130916
0.0124563
0.013072
0.0124033
0.0117404
0.0112601
0.0113343
0.0120113
0.0120504
0.0121003
0.0121699
0.0122636
0.0128745
0.0129858
0.0131143
0.0132501
0.0133888
0.0135281
0.0140429
0.0141603
0.0142794
0.014389
0.0144785
0.0148471
0.014881
0.0148893
0.0148641
0.0148012
0.0149642
0.0148277
0.0146491
0.0144375
0.0151861
0.0159971
0.016704
0.0175088
0.0183153
0.0190869
0.0198218
0.0204374
0.0211229
0.0217863
0.0224164
0.0229871
0.0234376
0.0239119
0.0243143
0.0246437
0.0249413
0.0252387
0.0254942
0.0258108
0.0261542
0.026528
0.0269472
0.0273565
0.0278678
0.0303682
0.0347617
0.0397414
0.0446599
0.0509139
0.057961
0.0658145
0.0771753
0.0866569
0.0958506
0.0993933
0.0966469
0.089222
0.078544
0.0639566
0.0506824
0.0383062
0.0263777
0.0151507
0.0116719
0.0101589
0.0149734
0.020358
0.0254901
0.0294089
0.0336795
0.0353785
0.0362167
0.0363224
0.03582
0.0357803
0.034302
0.0325428
0.0306083
0.0285412
0.0269437
0.024693
0.0226418
0.0208939
0.0191642
0.0174624
0.014891
0.0131958
0.0116321
0.0101688
0.00881937
0.00762868
0.00650924
0.00550151
0.00460842
0.00381455
0.00307661
0.00246695
0.00194421
0.00165242
0.00157633
0.00150928
0.00258946
0.00272465
0.00280875
0.00284544
0.00284752
0.0036633
0.00358233
0.0034872
0.00338572
0.00329334
0.00396171
0.00387809
0.00377595
0.00366303
0.00352207
0.00335637
0.00377738
0.00357053
0.00336221
0.00314492
0.00293055
0.00320113
0.00295177
0.00270468
0.00250021
0.00232024
0.00258511
0.00245559
0.00238611
0.00249699
0.00260137
0.00269823
0.00285158
0.00293787
0.00303401
0.00313923
0.00325696
0.00340742
0.00349592
0.00357345
0.00362791
0.00365694
0.00371505
0.0037358
0.0037673
0.0037917
0.00380716
0.00382286
0.00387786
0.0039188
0.00396352
0.00400944
0.00404876
0.00409672
0.00411347
0.00413445
0.00415526
0.00417967
0.00421683
0.00423768
0.00424816
0.00424773
0.0042354
0.00420606
0.00428313
0.00430964
0.00432532
0.00432812
0.00432308
0.00433408
0.004297
0.00423205
0.00414538
0.00403918
0.000756472
0.00253402
0.0159915
0.0300231
0.0410954
0.0450758
0.0514989
0.0566135
0.060712
0.0639971
0.0601961
0.0621015
0.0635483
0.0645795
0.0652228
0.0654801
0.058953
0.0586075
0.0579222
0.0568621
0.055474
0.0487894
0.0508022
0.0524591
0.0537724
0.0547074
0.0473964
0.0477694
0.0479563
0.0479258
0.0477661
0.0474581
0.0399247
0.0396098
0.039171
0.0385319
0.037766
0.0311734
0.0303876
0.0293915
0.0282096
0.0268123
0.0215525
0.0202365
0.0187725
0.0174823
0.0167812
0.0161098
0.0142244
0.0137613
0.0133438
0.0130187
0.0127224
0.0117959
0.01161
0.0114082
0.0111475
0.0108795
0.0101847
0.00989537
0.00957972
0.00925682
0.00891523
0.00859176
0.00899168
0.00864276
0.00831477
0.00801543
0.00776416
0.00894656
0.00867788
0.00843526
0.00823268
0.00806956
0.00892913
0.00873408
0.00856616
0.00842872
0.00829744
0.00819588
0.00872044
0.00857922
0.00844651
0.00832927
0.0082178
0.00851266
0.00837211
0.00823799
0.00811391
0.00800028
0.00813727
0.00801687
0.00790879
0.00782101
0.00774555
0.00768851
0.00775053
0.00769977
0.00767015
0.00766754
0.00768943
0.0077619
0.00782301
0.00791505
0.00803874
0.00819473
0.00835072
0.00856687
0.00882441
0.00912669
0.00946203
0.009827
0.0101436
0.0105829
0.0110589
0.01157
0.0121199
0.0125912
0.0132227
0.0138933
0.014601
0.0153547
0.0160028
0.0168442
0.0177343
0.018671
0.0196427
0.0206506
0.021508
0.022567
0.0236595
0.0247772
0.0259144
0.026873
0.0280241
0.0291843
0.0303574
0.0315506
0.0325509
0.0337243
0.0348565
0.0359243
0.0369005
0.0377616
0.0383451
0.038854
0.0396884
0.0407656
0.0472193
0.0508511
0.0607423
0.0654206
0.0682655
0.069469
0.0686834
0.0757447
0.0815716
0.0862006
0.0896771
0.0920579
0.0881468
0.0881848
0.0872612
0.0854378
0.0827694
0.0735098
0.069433
0.0648586
0.059903
0.0547329
0.0442171
0.0392204
0.0362921
0.0354778
0.0347596
0.0341602
0.0310431
0.0308254
0.0306848
0.0306159
0.0305821
0.02876
0.0288803
0.0289317
0.0289036
0.0287485
0.0274109
0.0271024
0.0266213
0.0259317
0.0250405
0.023944
0.0223165
0.0209146
0.0193039
0.0174887
0.0155063
0.0134758
0.0112481
0.00885783
0.00634773
0.00613822
0.00819224
0.0111114
0.014293
0.0176969
0.0213307
0.0251861
0.0282288
0.0323916
0.0366823
0.0410775
0.0455703
0.0490175
0.0535122
0.0579457
0.062244
0.0663742
0.0692854
0.0728571
0.0759861
0.0786079
0.0805875
0.0818474
0.0818509
0.0815088
0.0802117
0.0779137
0.0762995
0.0772223
0.0770346
0.0762456
0.0749197
0.0731633
0.0717399
0.0694022
0.0668944
0.0642831
0.0616034
0.0639231
0.0663164
0.0685539
0.0705033
0.0720595
0.0731608
0.073779
0.0737724
0.0730642
0.0715925
0.0693068
0.0666148
0.0626575
0.0577931
0.0520591
0.045467
0.0381018
0.0313677
0.024733
0.0196173
0.0200743
0.0205804
0.0205495
0.0205658
0.0204975
0.0204326
0.0204822
0.0204308
0.0207209
0.0211603
0.0217487
0.0224622
0.0232945
0.0238558
0.0246996
0.0254639
0.0262529
0.0270055
0.0273571
0.0278906
0.028541
0.0291582
0.0298231
0.0303334
0.0311978
0.0321018
0.035506
0.0403216
0.0458223
0.0511234
0.0580835
0.0659394
0.0746808
0.0843092
0.0934158
0.0825709
0.0958527
0.110532
0.114107
0.108725
0.101012
0.090627
0.0786184
0.0656707
0.0522854
0.0437608
0.0411015
0.042351
0.0463971
0.0493317
0.050359
0.0512694
0.0514364
0.0554623
0.0632329
0.0715813
0.0774552
0.0824566
0.0865923
0.0898805
0.0923769
0.0945881
0.0954381
0.0956284
0.0952098
0.0942289
0.0926268
0.0905947
0.088167
0.0853896
0.0823276
0.0784282
0.0748808
0.0712034
0.0674185
0.0635611
0.0596765
0.054785
0.0508876
0.0470301
0.0432546
0.0395776
0.0347464
0.031199
0.0277766
0.0244837
0.0213078
0.0169032
0.0139439
0.0119007
0.012184
0.0123559
0.012428
0.0123956
0.0127999
0.013187
0.013554
0.013916
0.014752
0.0150721
0.0153572
0.0156032
0.0157964
0.0175011
0.0178641
0.0180576
0.0181248
0.0181094
0.0179985
0.019076
0.0188422
0.0185808
0.018298
0.01801
0.0188467
0.018624
0.0184728
0.0183681
0.0183134
0.019217
0.0191938
0.0191778
0.0191292
0.0190378
0.0188651
0.0193746
0.0189522
0.0183852
0.0176572
0.0167932
0.0165831
0.0159161
0.0160721
0.0161563
0.0161572
0.0160979
0.0159355
0.0156707
0.0153106
0.0148445
0.0142899
0.0137245
0.0129595
0.0120734
0.0110436
0.0114106
0.0123355
0.0132717
0.0137755
0.0138801
0.0136431
0.0130204
0.0123329
0.0121351
0.0132535
0.0145649
0.0161028
0.0175049
0.0196047
0.022037
0.0248139
0.0279358
0.0308351
0.0346268
0.0387605
0.0489003
0.0544318
0.0596927
0.059036
0.0550613
0.0523603
0.0513998
0.0495607
0.045769
0.0429633
0.0399869
0.0369267
0.0338793
0.0290374
0.0261348
0.0246917
0.0238002
0.0228958
0.0201657
0.0207674
0.0234175
0.0256584
0.0274893
0.0289246
0.0312255
0.031904
0.0322208
0.0322038
0.0318732
0.0324871
0.0316015
0.0304825
0.0291507
0.0276363
0.0270838
0.0257436
0.0250978
0.0243889
0.0236003
0.0227587
0.0231365
0.0222232
0.0212923
0.0203551
0.0194165
0.0207296
0.0208978
0.0209417
0.0208579
0.0206388
0.0217777
0.0212689
0.0206359
0.019902
0.019084
0.0182156
0.0186006
0.0176364
0.0166595
0.0156871
0.0147186
0.0148231
0.0138206
0.012863
0.0119689
0.0111357
0.0112262
0.01046
0.00975001
0.00910908
0.00852549
0.0079793
0.00812165
0.00766806
0.00733401
0.0070913
0.00692303
0.00727618
0.00719231
0.00715429
0.00715666
0.00718981
0.0075791
0.00763224
0.00770529
0.00779995
0.00791641
0.00803955
0.00838603
0.00849554
0.00861176
0.00871242
0.00877187
0.00899043
0.0090187
0.00902305
0.00898547
0.00888739
0.00887517
0.0086489
0.00835966
0.00801334
0.00762462
0.00720925
0.00737495
0.00878623
0.0105129
0.0125928
0.0150577
0.0176069
0.0208662
0.0246157
0.0289367
0.0338848
0.0388208
0.0451422
0.0523023
0.0603903
0.0720767
0.0819781
0.0916605
0.0958745
0.093895
0.0873174
0.0775635
0.0638131
0.0512463
0.0389598
0.0312486
0.0269073
0.0216694
0.0161727
0.016589
0.0241808
0.0305099
0.0355725
0.0407565
0.0433474
0.0448686
0.045422
0.0451159
0.0450347
0.0432876
0.041035
0.0383764
0.0354108
0.0329242
0.0295652
0.0261512
0.0227486
0.0194116
0.0161863
0.0134927
0.010549
0.00783241
0.0067606
0.00617471
0.00593275
0.00572795
0.00658247
0.00738582
0.0081318
0.00802666
0.0086666
0.00923783
0.00974572
0.0101776
0.0104892
0.0101348
0.0102654
0.0103048
0.0102637
0.0101468
0.00957081
0.00936615
0.00911427
0.00881758
0.00847772
0.00781196
0.00742701
0.00702322
0.00660852
0.00620121
0.00581411
0.00523275
0.00489584
0.00459343
0.00443086
0.00441372
0.00436929
0.00446722
0.00453153
0.00456232
0.0044976
0.00472015
0.00492504
0.00517219
0.00547196
0.00582783
0.00625437
0.00675544
0.00729983
0.00790486
0.00855291
0.00924212
0.00993001
0.010659
0.0113928
0.0121149
0.0128061
0.0134209
0.0140176
0.0145572
0.0150187
0.0157051
0.0163447
0.0167694
0.0172135
0.0175535
0.0177808
0.0178877
0.0178427
0.0177332
0.0175384
0.0172678
0.0169308
0.0165574
0.0160981
0.0155915
0.0150403
0.014466
0.0138773
0.0133333
0.0127245
0.0121243
0.0115371
0.0109719
0.0104865
0.00997002
0.00948218
0.00903411
0.00862153
0.000756398
0.00253226
0.015965
0.0299409
0.0409275
0.0448294
0.0511889
0.0562937
0.0604444
0.0638341
0.0601703
0.0622636
0.0639322
0.0652014
0.0660782
0.0665607
0.0602105
0.0600681
0.0595795
0.0587505
0.0575885
0.0524975
0.0550658
0.0572975
0.0592054
0.0607702
0.053984
0.0549494
0.0556745
0.0561135
0.0563117
0.0562516
0.048839
0.0485996
0.0481748
0.0475354
0.0467153
0.0400835
0.0392108
0.0380876
0.0367507
0.0351711
0.0296777
0.0279988
0.0260708
0.0239145
0.0215814
0.019147
0.01614
0.014413
0.0125862
0.0106656
0.00871585
0.0104063
0.0094357
0.00884914
0.00834248
0.00791438
0.0101063
0.0096788
0.00929761
0.00896917
0.0086733
0.00842421
0.010114
0.00982665
0.00959402
0.00939831
0.00924666
0.0104957
0.0102847
0.0100912
0.00992592
0.00979047
0.010656
0.0104566
0.0102743
0.0101082
0.00993405
0.00978018
0.0102566
0.0100543
0.00985432
0.00965726
0.00945289
0.00966683
0.00943843
0.00921442
0.00899827
0.00877967
0.00882614
0.00859889
0.00838304
0.00817592
0.00798073
0.00779811
0.00775672
0.0075926
0.0074562
0.00734836
0.00727157
0.00725262
0.0072109
0.00720072
0.00722714
0.00729078
0.00737017
0.00749019
0.00764728
0.00783956
0.00806664
0.00832498
0.00854912
0.00886111
0.00917953
0.00951627
0.00990519
0.010249
0.0107494
0.0113071
0.0119239
0.0125947
0.0131773
0.0139419
0.0147468
0.0155968
0.0164929
0.0174349
0.0182566
0.019289
0.0203659
0.0214766
0.0226178
0.023587
0.0247675
0.0259572
0.0271589
0.0283798
0.0294147
0.030635
0.0318234
0.0329615
0.0340217
0.0349739
0.0356582
0.0363265
0.0367875
0.0369993
0.055478
0.0589891
0.0689224
0.073675
0.0765882
0.0778441
0.0753787
0.0746345
0.0751452
0.0800912
0.0839585
0.0867866
0.0833178
0.0839048
0.0835613
0.0823401
0.0803199
0.071645
0.0682711
0.0643905
0.060101
0.0555425
0.0455334
0.0435032
0.0423204
0.0412265
0.0402375
0.0393562
0.0359919
0.0354814
0.0350487
0.0346822
0.0343512
0.0322675
0.0320861
0.0318364
0.0315056
0.0310501
0.0294498
0.0288421
0.0280594
0.0270669
0.0258688
0.0244646
0.0225639
0.0208423
0.0188994
0.0167467
0.0144138
0.0120713
0.0106676
0.00966015
0.00892842
0.00848091
0.0102754
0.0129046
0.016182
0.0196829
0.0234132
0.0273332
0.0304353
0.0346449
0.03896
0.043337
0.0477604
0.0510995
0.0554025
0.0595641
0.0634977
0.0671421
0.0695239
0.0723581
0.0746146
0.0762102
0.0770207
0.0769669
0.080265
0.0829879
0.085063
0.0864192
0.0870693
0.0875994
0.0869853
0.0858169
0.0841674
0.0821275
0.0805106
0.0780042
0.0753604
0.0760074
0.0779744
0.0795868
0.0808553
0.0815692
0.081706
0.0811716
0.0799114
0.0782502
0.0754182
0.07168
0.0670175
0.0614012
0.0557093
0.0482383
0.0397659
0.0303019
0.0198517
0.0155562
0.0138091
0.0182413
0.0211201
0.0221455
0.0243573
0.0257595
0.0263253
0.0259636
0.0247933
0.0229967
0.0210928
0.0184321
0.0185375
0.0198582
0.0216813
0.023936
0.0262039
0.0291595
0.032353
0.035679
0.0389873
0.0417622
0.0446914
0.0472638
0.0493404
0.0508454
0.0516597
0.0520642
0.0518414
0.0510271
0.0513622
0.051727
0.0520027
0.0527855
0.0541042
0.0604887
0.0708204
0.0806323
0.0706337
0.084813
0.100381
0.104758
0.100016
0.0929871
0.0832083
0.0717731
0.0594633
0.0533958
0.0508315
0.0500567
0.0489972
0.0475072
0.0455001
0.0407219
0.037604
0.0362297
0.0349222
0.0370533
0.041004
0.0419459
0.0422334
0.0420045
0.0413747
0.0404586
0.0401371
0.0386504
0.0371181
0.0356075
0.034159
0.0326222
0.0311703
0.0298333
0.0286182
0.0275144
0.0255984
0.0245704
0.0236364
0.0227675
0.0219527
0.0211735
0.021063
0.0213845
0.0217526
0.0221712
0.0226193
0.0241277
0.0245407
0.0249709
0.0253881
0.0257816
0.0269455
0.027236
0.0274798
0.0276725
0.0277974
0.0278516
0.0284341
0.0283216
0.0285208
0.0287896
0.0290231
0.0297232
0.0298576
0.0299383
0.0299948
0.0300287
0.0304869
0.0304677
0.0304351
0.0303964
0.0303338
0.0302676
0.0305307
0.0304318
0.03031
0.030167
0.0300086
0.0301057
0.029881
0.0296315
0.0293532
0.0290164
0.0288734
0.0284293
0.0279072
0.0273123
0.0266254
0.0258447
0.0252154
0.0242127
0.0230709
0.0217904
0.0203661
0.0190974
0.0173761
0.0154925
0.0134415
0.0112319
0.00923599
0.00859538
0.00816911
0.00775923
0.00733007
0.0088424
0.011565
0.0144052
0.0173202
0.0202043
0.0226468
0.0242329
0.0251277
0.0256792
0.0260462
0.026256
0.0264995
0.026395
0.0260994
0.025611
0.0249267
0.0240392
0.0232147
0.0219129
0.0203537
0.0185174
0.0188971
0.0214305
0.0249292
0.0290974
0.0374937
0.0436915
0.049567
0.0593663
0.0665802
0.0721116
0.0766316
0.0805384
0.0826133
0.0857908
0.0888043
0.0916773
0.0944028
0.0950971
0.097361
0.0993075
0.100818
0.101725
0.0999483
0.0991268
0.0971399
0.0951024
0.0970712
0.0988881
0.101641
0.101034
0.0994429
0.0970589
0.0940668
0.093113
0.0893019
0.0852079
0.0809049
0.0764588
0.0742454
0.0696174
0.0649921
0.0604149
0.0559134
0.0515193
0.0491677
0.0449894
0.0409889
0.0371812
0.0335725
0.0316797
0.0283944
0.025309
0.0241694
0.0229617
0.0232386
0.0217687
0.0202215
0.0186186
0.0169795
0.0153262
0.0150339
0.013338
0.0116805
0.0100893
0.00857759
0.0082945
0.00693493
0.00569449
0.00457349
0.00414702
0.00481488
0.00500827
0.00524218
0.00551424
0.00582563
0.00617433
0.00688878
0.00724976
0.00759155
0.00787155
0.00807623
0.00851383
0.00858487
0.00857837
0.00850909
0.00872247
0.00907913
0.00943376
0.00973946
0.00998844
0.0101972
0.0104043
0.0106158
0.0109279
0.0113279
0.011748
0.0121517
0.0124669
0.0127838
0.0130373
0.0132225
0.0133449
0.0133894
0.0133713
0.0132999
0.0131841
0.0130386
0.0128845
0.0127347
0.0125693
0.013015
0.0152855
0.0179726
0.0207421
0.0242941
0.0283552
0.032954
0.0381342
0.0432125
0.0496003
0.0567015
0.0645427
0.0758047
0.0850747
0.0940919
0.0974418
0.0944967
0.0868708
0.0759818
0.0611974
0.0477721
0.0352894
0.0254894
0.0214719
0.0166778
0.0118396
0.0175977
0.0241945
0.0294954
0.03357
0.0379558
0.0397554
0.0406868
0.0408661
0.0403853
0.0403291
0.0388186
0.0369856
0.0349214
0.0327056
0.0309621
0.0285233
0.0260773
0.0236719
0.0213451
0.0191066
0.0172231
0.0151258
0.0131721
0.0113789
0.00974616
0.00837368
0.0070641
0.00593859
0.00498015
0.00416672
0.00345367
0.00290313
0.00247726
0.00215861
0.0019407
0.00182426
0.00164676
0.00165951
0.00184122
0.0023607
0.00286224
0.00243291
0.00288627
0.00328371
0.00358757
0.00376892
0.00311348
0.00313941
0.00309965
0.00298393
0.00280741
0.00259942
0.00179088
0.0015195
0.00134444
0.00136191
0.00138125
0.00154275
0.00151089
0.00147179
0.00144622
0.00166653
0.00234383
0.00266875
0.00301513
0.00337531
0.00374301
0.00411731
0.00475278
0.00510843
0.00544986
0.00576657
0.0060775
0.00658184
0.00685135
0.00707717
0.00726005
0.00740921
0.00769313
0.00775477
0.00777826
0.00777404
0.00775337
0.00772218
0.00779738
0.00769064
0.00755776
0.00742082
0.00726266
0.00722234
0.00705887
0.00690055
0.00674419
0.00660871
0.00658526
0.00650898
0.0064438
0.00636151
0.00626425
0.00616305
0.00610563
0.00598159
0.00583671
0.00578597
0.00575063
0.00573112
0.00566579
0.00559042
0.00551727
0.00545084
0.000756577
0.00249927
0.0158762
0.0300099
0.0413204
0.0456167
0.0525159
0.0582202
0.0629966
0.0670421
0.0639543
0.0667144
0.0690439
0.0709582
0.0724667
0.0735524
0.0677103
0.068098
0.0680698
0.0676357
0.0686401
0.065202
0.0689889
0.0723407
0.0753298
0.0778665
0.0719967
0.073974
0.0758578
0.0775334
0.0792502
0.0808347
0.075109
0.0769088
0.0787227
0.0803363
0.0818359
0.0771382
0.0783829
0.0791698
0.0795078
0.079286
0.0747171
0.073772
0.072219
0.0701056
0.0674663
0.0643879
0.0596325
0.0562651
0.0526576
0.0488757
0.0449281
0.0409916
0.0418795
0.0447954
0.0473851
0.0495527
0.0495082
0.0572181
0.0644041
0.0709893
0.0769134
0.0821893
0.0829024
0.0870921
0.0907265
0.0938236
0.0964308
0.0952045
0.097015
0.0983737
0.0993243
0.0999113
0.0973529
0.0972864
0.0968809
0.0961936
0.095229
0.094046
0.090501
0.0889582
0.0871855
0.0852201
0.0830799
0.0791425
0.0768531
0.0744619
0.0719824
0.0694323
0.0655344
0.0629807
0.0604
0.0578073
0.0552197
0.0526466
0.0491407
0.0466765
0.0442486
0.041859
0.0395133
0.0364634
0.0342174
0.0320287
0.0301818
0.0283586
0.0265699
0.0248237
0.0231267
0.0214778
0.0198768
0.0183254
0.0168646
0.0154311
0.014059
0.012751
0.0115041
0.0103682
0.00925416
0.00819789
0.00721565
0.00776416
0.0081784
0.00870031
0.00920567
0.00969701
0.0101645
0.0106175
0.0109496
0.0113685
0.0117753
0.0121599
0.0125152
0.0127639
0.0130886
0.0134064
0.0136944
0.0139586
0.0141177
0.0143147
0.0144662
0.0145819
0.0146524
0.0150176
0.0154964
0.0159909
0.0164303
0.0168226
0.0380831
0.0411272
0.050872
0.0559611
0.0596549
0.0620504
0.060778
0.0644075
0.0715752
0.0779006
0.0833732
0.0879774
0.0861533
0.0886901
0.0903612
0.0911522
0.0910864
0.0840014
0.0823062
0.0798871
0.0768744
0.0733341
0.0640444
0.0601052
0.0560381
0.0519025
0.0478362
0.0454892
0.0417939
0.040793
0.0398036
0.0388045
0.0378116
0.0351162
0.0342343
0.0332722
0.0322455
0.0311071
0.0289386
0.0277082
0.0263323
0.0247667
0.0230202
0.0210887
0.0187468
0.0165428
0.0141416
0.0115516
0.00879762
0.00609684
0.00482573
0.00495839
0.00758685
0.0104444
0.0128275
0.0160989
0.0195961
0.0232888
0.0271879
0.0312502
0.0344561
0.0387597
0.0431691
0.0476418
0.0521616
0.0555733
0.0599554
0.0641816
0.0681812
0.071883
0.0743097
0.0771779
0.0794423
0.0809905
0.0816846
0.0814321
0.0799453
0.0777221
0.0777969
0.0786488
0.0788006
0.0789254
0.0779108
0.0764118
0.0745338
0.0723878
0.0707773
0.0711581
0.0737967
0.0762842
0.0785511
0.0805158
0.0821185
0.0832619
0.0838692
0.0838494
0.0831446
0.0819871
0.0797227
0.076528
0.0723691
0.0672157
0.0618849
0.0547684
0.046574
0.0372946
0.0269192
0.0201954
0.0181446
0.0158875
0.0181868
0.0187325
0.0183463
0.01756
0.0166657
0.0158266
0.0151713
0.0148145
0.0148172
0.015305
0.018374
0.0220385
0.0261059
0.0304856
0.0342731
0.0389134
0.0434457
0.0478466
0.0520184
0.055246
0.0585306
0.0612
0.0632315
0.064704
0.0653168
0.065512
0.0651692
0.0645583
0.0638267
0.0631477
0.062575
0.0623857
0.0626973
0.0636376
0.0704581
0.0803505
0.0705717
0.0849725
0.100769
0.105401
0.100897
0.0940305
0.0842854
0.07281
0.0603752
0.051398
0.0480196
0.0462414
0.044066
0.0413382
0.0379662
0.0318916
0.0316326
0.0365865
0.0420176
0.0465912
0.0522086
0.0551168
0.0574044
0.0591513
0.0603993
0.0612301
0.0623067
0.062237
0.0618944
0.061318
0.0605315
0.0593666
0.0581104
0.0569372
0.0578003
0.0582321
0.060107
0.0597155
0.0589736
0.0579012
0.0565305
0.0548949
0.0546806
0.0525758
0.0502985
0.0478955
0.0453919
0.0442447
0.0415804
0.0389264
0.0362931
0.0337069
0.0323497
0.0298809
0.027521
0.0252816
0.0231633
0.0211678
0.0201236
0.0183352
0.0166542
0.0150816
0.0136304
0.0128509
0.0115494
0.0103071
0.00914268
0.00803594
0.00741635
0.00638076
0.00539364
0.00445276
0.00381894
0.00392773
0.00560676
0.00641308
0.00723391
0.00806248
0.00888631
0.0106802
0.0114756
0.0122487
0.0130138
0.0137946
0.0153898
0.0161187
0.0168221
0.0174892
0.0181016
0.018614
0.019728
0.0200346
0.0202423
0.0203484
0.0203603
0.0209257
0.0207513
0.0204858
0.0201114
0.0196075
0.0195822
0.0188138
0.0178902
0.0167832
0.0154767
0.014004
0.0129634
0.0120399
0.0111755
0.0101418
0.00910427
0.00840263
0.00986221
0.0109266
0.0113436
0.0112105
0.010547
0.00972519
0.00871558
0.00763379
0.00658357
0.00571159
0.00776207
0.0107083
0.0141185
0.0179672
0.0222265
0.0261455
0.0311256
0.0364544
0.0477884
0.0544917
0.0607517
0.0612006
0.0582868
0.0592585
0.0589768
0.0577201
0.0543538
0.0519573
0.0493213
0.0465528
0.0437525
0.0390778
0.0362912
0.0336019
0.03105
0.0286567
0.0243103
0.0222779
0.0204702
0.018874
0.017816
0.016814
0.0152326
0.0156563
0.0157704
0.0157618
0.0158801
0.0171223
0.0169881
0.0167097
0.0163104
0.015812
0.0165276
0.0158421
0.01508
0.0142651
0.0134033
0.0125008
0.0128217
0.0118524
0.0108775
0.00996541
0.0104081
0.012399
0.0126174
0.0127199
0.0127143
0.0126271
0.0139379
0.0136811
0.0133646
0.0129941
0.0125723
0.012097
0.0128177
0.012226
0.0116017
0.0109443
0.0102605
0.0105948
0.00982179
0.00963441
0.00950894
0.0093711
0.00916433
0.00900386
0.00881793
0.00860537
0.00836817
0.00812325
0.00783221
0.00749182
0.00710143
0.00665405
0.00615963
0.00567523
0.00510785
0.00447544
0.00378487
0.0030727
0.00244819
0.00178064
0.00112102
0.000927441
0.000908792
0.00121336
0.00157228
0.00190327
0.00233664
0.00290469
0.00349918
0.0040246
0.00464452
0.00529338
0.00594355
0.00660586
0.00719707
0.00788313
0.00857411
0.00926214
0.00995487
0.0106455
0.011259
0.0119923
0.0130208
0.015394
0.0181419
0.0209389
0.0245042
0.0285827
0.0332048
0.0384216
0.0435618
0.0500778
0.0573927
0.0655656
0.0772209
0.0869876
0.0965007
0.10047
0.0981995
0.0912616
0.0810538
0.0668543
0.0538828
0.0415176
0.0327195
0.028035
0.0222841
0.0159962
0.0131081
0.0205287
0.0267371
0.0317433
0.0369286
0.0395803
0.0412152
0.0419307
0.0418276
0.0419452
0.0404389
0.0384234
0.0359943
0.0332356
0.03091
0.027707
0.0244203
0.0211087
0.0178284
0.0146233
0.0119213
0.00959516
0.00777382
0.00610647
0.00522158
0.00469822
0.0050914
0.00546619
0.00600126
0.00725475
0.00829861
0.00915679
0.009821
0.0103067
0.0106207
0.0107796
0.0109537
0.0108872
0.0107257
0.010489
0.0101709
0.00998339
0.0095641
0.00911775
0.00865686
0.00818086
0.00790718
0.00743598
0.00697327
0.00651976
0.00608581
0.00566971
0.00544065
0.00504532
0.00504506
0.00520152
0.00535169
0.00530973
0.00567982
0.00608504
0.00645396
0.00677224
0.00661254
0.00683086
0.00697929
0.00705025
0.00705297
0.00699195
0.00659192
0.00644341
0.00624524
0.00599761
0.00569871
0.0051643
0.00538166
0.00594865
0.00656392
0.00723626
0.00780424
0.00857967
0.00939882
0.0102594
0.0111395
0.0120312
0.0127592
0.013635
0.01448
0.0152979
0.0160756
0.016679
0.0173554
0.0179574
0.0184604
0.0188617
0.0191047
0.019316
0.0194181
0.0194143
0.0192966
0.0190647
0.0187584
0.018341
0.01785
0.0172896
0.016677
0.0160949
0.0154253
0.0147321
0.0140281
0.0133234
0.000756398
0.0025316
0.01595
0.0299153
0.0409135
0.0448263
0.051183
0.0562486
0.0603182
0.0636132
0.0598615
0.0618506
0.0633816
0.0644942
0.0652061
0.0655229
0.0590304
0.058724
0.0580494
0.0570214
0.0556418
0.0500082
0.0521897
0.054032
0.0555248
0.0566682
0.0495088
0.0500595
0.0503604
0.0504181
0.0502507
0.0498683
0.0421805
0.0416736
0.0410129
0.0401816
0.0392273
0.0325279
0.0316547
0.0306686
0.0296067
0.0284239
0.0233987
0.0223825
0.021242
0.0204967
0.0199057
0.0193928
0.0176663
0.0174301
0.0172657
0.0171985
0.017174
0.0164666
0.016505
0.0165239
0.0164992
0.0163848
0.0157826
0.0155367
0.0151888
0.0147712
0.0142913
0.0137893
0.0129586
0.0124351
0.0119265
0.0114146
0.0109188
0.0100629
0.00958929
0.00912738
0.00869471
0.00828987
0.00862072
0.00830494
0.00797869
0.00764073
0.00730185
0.00723843
0.00892854
0.00847656
0.00802431
0.00776973
0.00775848
0.00866845
0.00813004
0.00811128
0.00810072
0.00809658
0.0083227
0.00830032
0.00828479
0.00829114
0.00831181
0.00834942
0.00849263
0.00853026
0.00857517
0.00863634
0.00870857
0.00881703
0.00890881
0.00902341
0.00916113
0.00932409
0.00947592
0.00967209
0.00989293
0.0101477
0.0104413
0.0107717
0.0110518
0.0114432
0.0118705
0.012339
0.0128508
0.013291
0.0138895
0.0145384
0.0152351
0.0159805
0.0166269
0.0174651
0.0183506
0.0192878
0.0202769
0.0213175
0.0222237
0.0233581
0.0245465
0.0257771
0.0270408
0.0281169
0.0294145
0.0307335
0.0320606
0.033385
0.0344844
0.0357581
0.0369765
0.0381169
0.039156
0.0400614
0.040679
0.0412346
0.0415226
0.0419914
0.055018
0.0589041
0.0687843
0.0732549
0.0756891
0.0763359
0.0763974
0.0828201
0.0878207
0.0914517
0.0937859
0.0949078
0.089833
0.0885078
0.0862394
0.0830998
0.0791564
0.0688334
0.0636252
0.0580179
0.0521177
0.0460787
0.0348944
0.0297056
0.0281234
0.0266966
0.0254406
0.0243651
0.0208823
0.0203029
0.0198633
0.0198523
0.0213244
0.0265429
0.0271697
0.027385
0.0272302
0.0267143
0.0296839
0.0284864
0.0270535
0.0254118
0.0236167
0.0217166
0.0229329
0.0208397
0.0187622
0.0167438
0.0148346
0.0156606
0.0139346
0.0124117
0.0111365
0.010121
0.01139
0.0122629
0.0150057
0.0177818
0.0205433
0.0232907
0.0257761
0.0293189
0.0330232
0.0368548
0.0408101
0.0438093
0.0478359
0.0518514
0.0557951
0.0596314
0.0623439
0.0657557
0.0688175
0.0714635
0.0735731
0.0750643
0.0753642
0.0769139
0.0804262
0.0834057
0.0858134
0.0879176
0.089078
0.0895809
0.0894595
0.0887564
0.0881169
0.0864796
0.0844521
0.0820722
0.0793662
0.0764017
0.0740087
0.0747693
0.0750832
0.0748361
0.0739687
0.0727222
0.0704341
0.0672915
0.0632466
0.0582462
0.0530608
0.046104
0.0380555
0.0289145
0.0186628
0.0173788
0.0236597
0.0306766
0.0345358
0.0361655
0.0363048
0.0355451
0.0342345
0.0326744
0.0311
0.0296664
0.0285845
0.0277141
0.0272395
0.027197
0.0275332
0.0282625
0.0291793
0.0305802
0.032913
0.0361289
0.0390691
0.0412182
0.0433965
0.0450815
0.0462008
0.0468199
0.0468377
0.0468031
0.0466713
0.0464335
0.0461848
0.046117
0.0489692
0.0570687
0.0660461
0.0758904
0.086557
0.0964822
0.0863989
0.100196
0.115122
0.118639
0.113017
0.104858
0.0938455
0.0811713
0.0676204
0.0538386
0.0517364
0.0514803
0.0507807
0.0494464
0.0473876
0.0427352
0.0431235
0.042632
0.0414245
0.040643
0.0455834
0.0476106
0.0489086
0.0495428
0.0495774
0.0491108
0.0490208
0.0476316
0.046035
0.0442988
0.0424532
0.0404598
0.0384094
0.0364227
0.0345346
0.0327767
0.0303208
0.0287497
0.0273669
0.0261454
0.0250741
0.0241622
0.0219981
0.0213484
0.0208209
0.0203964
0.0209495
0.0195077
0.0199948
0.0204144
0.020759
0.0210335
0.0194568
0.019646
0.0197738
0.0206935
0.0218778
0.0231994
0.0251465
0.026721
0.0284228
0.0302272
0.0321293
0.0343789
0.0363686
0.038375
0.0404052
0.0424242
0.0446062
0.0465298
0.0483915
0.0501806
0.0518833
0.053521
0.0552079
0.0566516
0.0579936
0.0592441
0.060409
0.0616059
0.0625813
0.0634839
0.0643175
0.0650679
0.0658676
0.066502
0.0670712
0.0675883
0.0680273
0.0683899
0.0687822
0.0689801
0.0690879
0.0691146
0.0690422
0.0689799
0.0686612
0.0682023
0.0675953
0.0668556
0.0661652
0.0654402
0.0644575
0.0629307
0.0611596
0.0595623
0.0581387
0.0633383
0.0695395
0.0761071
0.0837553
0.0921474
0.102392
0.111551
0.119076
0.125537
0.130419
0.135012
0.138398
0.140451
0.141085
0.140236
0.138251
0.135159
0.137012
0.137156
0.135734
0.133449
0.129941
0.125805
0.12491
0.120158
0.116034
0.114081
0.109327
0.102795
0.0952844
0.0872876
0.0791252
0.0708895
0.0628809
0.0552002
0.0479188
0.0403715
0.0338983
0.0279645
0.0225942
0.0177894
0.0121274
0.0083081
0.00666599
0.00687098
0.00717213
0.00755179
0.00564117
0.00699114
0.00851886
0.00977877
0.0107688
0.0102965
0.0108958
0.0113107
0.0115586
0.0116568
0.0107357
0.0106548
0.0104921
0.0102685
0.00999889
0.00970053
0.00879165
0.00852269
0.00826456
0.00837863
0.00861999
0.00771819
0.00798962
0.00824943
0.00849537
0.00873039
0.00807074
0.0083341
0.0085895
0.00882472
0.00904201
0.00924574
0.00878644
0.00897614
0.00914297
0.00928324
0.00939653
0.00916381
0.00926749
0.00937969
0.00947872
0.00958866
0.0102119
0.010332
0.0104615
0.0105975
0.0107316
0.0108559
0.0113455
0.0114184
0.0114667
0.0114939
0.0114913
0.0117582
0.0116586
0.0115028
0.0113015
0.0110502
0.0110374
0.0106888
0.0102728
0.00976205
0.0103661
0.0109488
0.0114301
0.0119043
0.012254
0.01248
0.0126337
0.0127157
0.0133211
0.0140101
0.0145688
0.0149639
0.0151964
0.0152892
0.0152547
0.0160493
0.0168946
0.0177698
0.0185433
0.0194299
0.0202936
0.0211442
0.0219515
0.0226271
0.0251806
0.0296592
0.0347077
0.040361
0.0458617
0.0527344
0.0603102
0.0686079
0.0802786
0.0898976
0.0991108
0.102538
0.0995431
0.0917501
0.0805735
0.0654334
0.0517823
0.0397216
0.0283425
0.0216956
0.0162446
0.0181061
0.0187533
0.0184125
0.0208601
0.0245892
0.028751
0.0303695
0.0311604
0.0312544
0.0307643
0.0307477
0.0307812
0.0310726
0.0309407
0.0304608
0.0288888
0.0278719
0.0266886
0.025398
0.0240526
0.0226859
0.0203254
0.0189807
0.0176907
0.0164704
0.0153135
0.0131813
0.012182
0.0112818
0.0104785
0.00977606
0.00814611
0.00768426
0.00730336
0.00698018
0.0066835
0.00640222
0.00519669
0.00496623
0.00473198
0.00450793
0.00427923
0.00369674
0.00355941
0.00343129
0.00326702
0.00307071
0.002646
0.00239989
0.00210497
0.00183746
0.00158688
0.00133687
0.000994533
0.000926226
0.000853777
0.000785857
0.000928015
0.00153658
0.00166896
0.00180757
0.00194144
0.00209336
0.0026294
0.00279605
0.00296769
0.00313981
0.00331047
0.00347894
0.00391442
0.00403602
0.00415595
0.00426061
0.0043509
0.00464708
0.00467612
0.00468068
0.00465432
0.00461365
0.00476032
0.00470208
0.00464056
0.00458376
0.00453207
0.00450122
0.00461854
0.004611
0.00461051
0.00461979
0.00464001
0.00477123
0.00481543
0.00486165
0.00490884
0.00495295
0.00504783
0.00505525
0.00503212
0.00498316
0.00491756
0.00484321
0.00480983
0.00471126
0.00459936
0.00448279
0.00435059
0.00424522
0.00406665
0.00386629
0.00363316
0.00336598
0.000756547
0.00249967
0.0158817
0.0300348
0.0413807
0.0456634
0.052496
0.0580831
0.0627073
0.0665785
0.0633459
0.0659763
0.0682205
0.0701126
0.0716534
0.0728246
0.067091
0.067631
0.0677631
0.0674755
0.0682302
0.0648558
0.0687112
0.0721411
0.0751966
0.0777938
0.0719031
0.0738627
0.0756328
0.0771227
0.0784987
0.0796288
0.073352
0.0743678
0.0751866
0.0756175
0.075731
0.0696776
0.0692411
0.0682574
0.0668078
0.0648562
0.058894
0.0565412
0.0538437
0.0508639
0.0476732
0.0443368
0.0395892
0.036474
0.033378
0.0303472
0.027397
0.0245756
0.0221125
0.0197987
0.0176191
0.0155885
0.0144792
0.0127735
0.0111218
0.0101254
0.00996026
0.00972478
0.0075916
0.00734407
0.0070321
0.00667342
0.0065208
0.00460257
0.00503451
0.00585772
0.00662233
0.00732618
0.00512263
0.00576207
0.0063401
0.006863
0.00731499
0.00772394
0.00570847
0.00608064
0.00640532
0.00668029
0.00690369
0.00510085
0.00531565
0.0054889
0.00562571
0.00572138
0.00414926
0.00424223
0.00429925
0.00431947
0.00430974
0.00427499
0.00324836
0.00312623
0.00299551
0.00284679
0.00269768
0.00227354
0.00211765
0.00215043
0.00243595
0.00276211
0.00307754
0.00347692
0.00392063
0.00440541
0.00492951
0.00549422
0.00599521
0.00664975
0.00734383
0.00806862
0.0088298
0.00947858
0.010306
0.0111725
0.012082
0.0130272
0.0138329
0.0148356
0.0158716
0.0169457
0.0180618
0.019202
0.0201702
0.0213456
0.0225383
0.023736
0.0249374
0.0259391
0.0271247
0.0283009
0.0294514
0.0305604
0.0314481
0.0324573
0.0333904
0.0342216
0.0349251
0.0354935
0.0366988
0.0381656
0.0395224
0.040734
0.0374904
0.0406559
0.0504066
0.0551554
0.058162
0.0595758
0.0609957
0.068329
0.0745746
0.0797133
0.0837818
0.086804
0.0835063
0.0842773
0.0841406
0.0831367
0.0813577
0.0728882
0.0697122
0.0659788
0.0618243
0.0573459
0.0473935
0.0429199
0.0385418
0.0343284
0.0303872
0.0286595
0.0256466
0.0255087
0.0254382
0.0253996
0.0253858
0.0235542
0.0236582
0.0236742
0.0235983
0.0233814
0.0219819
0.0215911
0.0210149
0.0202165
0.0191991
0.0179652
0.0162043
0.0146349
0.0128341
0.0108164
0.0086078
0.0101407
0.00938481
0.00882095
0.00954311
0.010486
0.01355
0.0145768
0.015686
0.016886
0.0184774
0.021296
0.0234492
0.0260361
0.0284913
0.0307932
0.0338496
0.0367058
0.0405785
0.0444532
0.0482815
0.0520399
0.0547338
0.058718
0.0635218
0.068405
0.0732743
0.0780648
0.0828013
0.0871494
0.0911351
0.0946214
0.0975297
0.100032
0.101552
0.102266
0.102146
0.101209
0.100176
0.0978714
0.0949654
0.0915642
0.0877336
0.0835337
0.0798731
0.075061
0.0699416
0.0645244
0.0587855
0.0536857
0.0472396
0.0404239
0.0332289
0.0255769
0.0186397
0.00998626
0.0109344
0.0230739
0.0363978
0.0509544
0.0633818
0.0736442
0.0797361
0.0831424
0.0849048
0.0854124
0.0848679
0.0833399
0.0809519
0.0777407
0.0744056
0.0698401
0.0646441
0.0589272
0.0527694
0.0462563
0.0404626
0.0335127
0.0290964
0.0301493
0.0314092
0.0325978
0.0339745
0.0353067
0.0407007
0.0469152
0.0521266
0.0577172
0.0629538
0.0678591
0.0723552
0.0764298
0.0796356
0.0833036
0.0918876
0.100754
0.109909
0.118157
0.105823
0.117103
0.129317
0.130048
0.121987
0.11097
0.0970572
0.0814578
0.0649685
0.0482449
0.0364396
0.0384006
0.045753
0.0512215
0.0549204
0.0561196
0.0566861
0.0560316
0.0613647
0.0653201
0.0698048
0.0707718
0.0704928
0.0691129
0.0668087
0.0637922
0.0613456
0.0571654
0.0527357
0.0481925
0.0436549
0.0394483
0.03506
0.0309823
0.0272726
0.0239714
0.0203981
0.0178023
0.0178996
0.0190331
0.0201373
0.0211713
0.0199338
0.0207943
0.0215137
0.0220973
0.0225424
0.0209096
0.0211383
0.0212534
0.0212332
0.0210858
0.0190935
0.0196729
0.0203718
0.0211412
0.0219685
0.0228476
0.024342
0.0253243
0.0263474
0.0274142
0.0285214
0.0300414
0.031174
0.0323997
0.0337109
0.0348539
0.0360635
0.0371748
0.038271
0.039349
0.0403933
0.0414257
0.0426386
0.0436155
0.04457
0.0454992
0.0464075
0.0474363
0.0482789
0.0491046
0.0499102
0.0506745
0.0515131
0.0522255
0.0528973
0.0535304
0.0541078
0.0546361
0.0551855
0.0555562
0.0558079
0.0559362
0.0559257
0.0560481
0.0573055
0.058247
0.0588358
0.0590295
0.0593663
0.058688
0.0575085
0.0557832
0.0534843
0.0506122
0.0501412
0.0542889
0.0584813
0.0650783
0.0735308
0.0825877
0.0932177
0.10251
0.110557
0.117691
0.123179
0.128616
0.133117
0.136651
0.139178
0.14067
0.141076
0.140565
0.138998
0.136759
0.139586
0.140886
0.14109
0.140175
0.141962
0.139391
0.136769
0.136098
0.132186
0.126079
0.118605
0.110315
0.101672
0.0926695
0.0837069
0.074939
0.0664983
0.0578902
0.0501773
0.042993
0.0363845
0.0303599
0.0236584
0.0186882
0.0143146
0.0104991
0.00810128
0.00844369
0.00700014
0.00909289
0.0108571
0.0122895
0.0134141
0.0130209
0.0136703
0.0140955
0.01433
0.0144072
0.0134665
0.0133573
0.0131586
0.012888
0.0125683
0.0122148
0.0134277
0.0133664
0.0133157
0.0132719
0.0132487
0.0149051
0.0148381
0.0147462
0.014634
0.0144872
0.0157743
0.0155393
0.0152992
0.0150571
0.0148223
0.0145909
0.0155473
0.0152515
0.0149638
0.0147004
0.0144626
0.0152222
0.0149288
0.0145862
0.0142033
0.0137842
0.0141489
0.0136139
0.0130634
0.0125111
0.0119783
0.0114812
0.0116562
0.0111741
0.0106873
0.0102045
0.0097501
0.00983007
0.00942407
0.00906463
0.00873404
0.00841397
0.0084877
0.00815914
0.00782284
0.00747549
0.00710855
0.00671806
0.00661594
0.00622441
0.00584812
0.00615828
0.00684576
0.00744697
0.00800855
0.00847884
0.00885056
0.00909694
0.00921857
0.00915078
0.00887147
0.00834266
0.00877345
0.00940103
0.00992712
0.0104834
0.0109867
0.0114533
0.0129523
0.0157606
0.0193319
0.0233981
0.0279932
0.0331586
0.038222
0.0446001
0.0517145
0.0596073
0.0709331
0.0802441
0.0892187
0.0923898
0.0891101
0.0809884
0.0694741
0.0540229
0.0401091
0.0295557
0.0269831
0.0229582
0.0177541
0.0154991
0.0213982
0.0273289
0.0320699
0.035705
0.0398005
0.0413519
0.0420585
0.0420673
0.0415125
0.0414582
0.0399782
0.0382057
0.0362199
0.0340774
0.032407
0.0300763
0.0277444
0.0260429
0.0243508
0.0226098
0.0199144
0.0181785
0.0165024
0.0149038
0.0133939
0.0109629
0.0096581
0.00847757
0.00741792
0.00646999
0.00461566
0.00388643
0.00326827
0.00276858
0.0023869
0.0021193
0.00202197
0.00243574
0.0028303
0.0031926
0.00352612
0.0035232
0.00380698
0.00408804
0.00437546
0.00464028
0.00458097
0.00472999
0.00480849
0.0048373
0.00481498
0.00475019
0.00446668
0.0043582
0.00424513
0.00411648
0.00395918
0.00365135
0.00348711
0.00333589
0.00317672
0.00301655
0.00271904
0.00254118
0.0023488
0.00216907
0.0019927
0.00185369
0.00184749
0.00185451
0.00186254
0.00188723
0.0019353
0.0020522
0.00210519
0.00215368
0.00219463
0.00223754
0.00232594
0.00236304
0.00239299
0.00240539
0.00241704
0.00251763
0.00271431
0.00275883
0.00278278
0.00279267
0.00277586
0.00284536
0.0028106
0.00276704
0.00272198
0.00269499
0.002744
0.00272286
0.0027079
0.00268765
0.00266819
0.00264323
0.00266275
0.00261596
0.0025537
0.002472
0.0023827
0.00233313
0.00224541
0.00216372
0.00207973
0.00211993
0.000756577
0.00249927
0.0158762
0.0300099
0.0413204
0.0456167
0.0525159
0.0582202
0.0629966
0.0670421
0.0639543
0.0667144
0.0690439
0.0709582
0.0724667
0.0735524
0.0677103
0.068098
0.0680698
0.0676357
0.0686401
0.065202
0.0689889
0.0723407
0.0753298
0.0778665
0.0719967
0.073974
0.0758578
0.0775334
0.0792497
0.0808324
0.0751039
0.0768997
0.0787085
0.0803162
0.0818081
0.0771025
0.0783356
0.0791083
0.0794264
0.0791808
0.0745903
0.0736233
0.0720595
0.0699436
0.0673124
0.0642453
0.0594919
0.0561345
0.0525471
0.0487852
0.0448881
0.0410619
0.0419562
0.0449413
0.0475493
0.0496807
0.0488203
0.0558722
0.0623094
0.0681166
0.0731986
0.0776242
0.0775309
0.0807455
0.0833447
0.0853934
0.0869564
0.0848428
0.085684
0.0861511
0.0862687
0.0860678
0.0828731
0.0822085
0.0813092
0.0802056
0.0788861
0.0773836
0.0735937
0.0718625
0.0700125
0.0680623
0.0660118
0.0621924
0.0600835
0.0579219
0.0557162
0.0534912
0.0499132
0.047746
0.0455806
0.043422
0.0412786
0.0391678
0.0360728
0.0340812
0.0321295
0.0302156
0.028343
0.0257361
0.0240113
0.0223379
0.0207165
0.0191479
0.0170245
0.0156009
0.0142336
0.0129203
0.0116602
0.0104466
0.00884311
0.00774808
0.00669934
0.00694408
0.00754005
0.00766197
0.00820795
0.00871028
0.00916684
0.00957833
0.00959636
0.00992054
0.0101888
0.0104008
0.0105492
0.0106364
0.0104405
0.0104124
0.0103128
0.0104529
0.0107267
0.0109153
0.0111607
0.0113971
0.0115989
0.0118006
0.0119296
0.0121348
0.0123257
0.0125138
0.0126703
0.0128754
0.0131686
0.0134467
0.0136534
0.0138023
0.029791
0.0329331
0.0431277
0.0487767
0.0530741
0.0560968
0.0554077
0.0568208
0.0600708
0.0667254
0.0725479
0.0775107
0.0760337
0.0789759
0.0810563
0.0822417
0.082536
0.0757769
0.0744224
0.0723494
0.0696713
0.0664627
0.0574445
0.0538373
0.050098
0.047714
0.0465669
0.0453468
0.0415751
0.0404565
0.0392924
0.03808
0.036819
0.0338521
0.032611
0.0312486
0.0297759
0.0281576
0.0255432
0.0237822
0.0218692
0.0197684
0.0174929
0.0150428
0.0122573
0.0106439
0.0104415
0.0115912
0.0127875
0.0164919
0.0177307
0.0190442
0.020411
0.0218716
0.0253754
0.0268927
0.0284758
0.0301485
0.0324618
0.0356075
0.0380096
0.0408373
0.0434762
0.0458952
0.048051
0.0494103
0.0510288
0.0527256
0.0578626
0.0631721
0.0688125
0.0742125
0.0795532
0.0847428
0.0896442
0.0941467
0.0983319
0.101692
0.104341
0.106216
0.107326
0.108219
0.107984
0.107169
0.10585
0.104072
0.102604
0.101651
0.102016
0.101835
0.101061
0.0996192
0.0979826
0.0951234
0.0914366
0.086827
0.0812716
0.0756977
0.0682665
0.0598134
0.0503043
0.0397068
0.0336806
0.0261367
0.0180071
0.0195903
0.0278946
0.0449959
0.0595952
0.0724258
0.0809432
0.0863755
0.0895344
0.0908247
0.0907423
0.0892382
0.0864812
0.0825668
0.0784297
0.0728384
0.0665819
0.0598438
0.0527436
0.0454578
0.0391663
0.0373277
0.042485
0.0481614
0.0542162
0.0597611
0.0662558
0.0727767
0.0790925
0.0850546
0.0898098
0.0945307
0.0983606
0.101184
0.102896
0.103437
0.102916
0.101184
0.0983114
0.0943921
0.0895452
0.0863621
0.0923364
0.0958935
0.100319
0.104321
0.0994343
0.0922707
0.0823214
0.0706852
0.0581643
0.0459723
0.0419755
0.0399101
0.0379613
0.0360224
0.0340273
0.0296244
0.0310152
0.0341015
0.0376265
0.0398605
0.0430863
0.0429147
0.0418384
0.0400162
0.0376133
0.0348312
0.0328757
0.0295794
0.0263738
0.0233669
0.0206353
0.0181797
0.0159292
0.0140581
0.0125596
0.013554
0.0121431
0.0130176
0.0137752
0.0143842
0.0148371
0.0151306
0.013653
0.0144872
0.0152528
0.015964
0.0166212
0.0180198
0.0185723
0.0190895
0.0195716
0.0200332
0.0212318
0.0216601
0.0220766
0.0224757
0.022862
0.0232435
0.0242506
0.0246166
0.024976
0.0253376
0.0257163
0.0265816
0.0269487
0.0273004
0.0276551
0.0280077
0.028758
0.0290788
0.0293813
0.0296744
0.0299483
0.0302122
0.0307543
0.0309635
0.0311403
0.0312714
0.0313531
0.0316245
0.0315563
0.031415
0.0311972
0.0308676
0.0306829
0.030144
0.0294822
0.0286923
0.0277525
0.0266589
0.0257025
0.0242673
0.0226365
0.0208017
0.0187548
0.0168783
0.0144098
0.0117403
0.00888165
0.00797958
0.00862053
0.00931635
0.00995196
0.0105021
0.0111225
0.0149494
0.0182714
0.0221544
0.0260477
0.0299327
0.0330687
0.034312
0.034617
0.0339643
0.0325785
0.0306041
0.0284579
0.0257021
0.0226381
0.019331
0.0170038
0.0153158
0.0138217
0.0118053
0.00961519
0.00977752
0.0120383
0.0144731
0.0178837
0.0232446
0.0326843
0.0388661
0.0446675
0.0543288
0.0613552
0.0666628
0.0709534
0.0746514
0.0765879
0.0796674
0.0826635
0.0856364
0.0886094
0.0896565
0.0925062
0.0952748
0.0978712
0.100167
0.0998924
0.101122
0.101519
0.100871
0.0989917
0.0957867
0.0970308
0.0960211
0.0946917
0.0922517
0.0889382
0.0875291
0.0830715
0.0782757
0.0732814
0.0681803
0.0654298
0.0602383
0.055096
0.050037
0.0450857
0.04029
0.0376169
0.0331001
0.0287901
0.0246922
0.0208164
0.0187181
0.0152322
0.0119918
0.00900279
0.00809543
0.00910193
0.00905214
0.00886422
0.0085546
0.00813695
0.00763572
0.00790174
0.007284
0.00730695
0.00815803
0.00887208
0.00892701
0.00942384
0.00980221
0.0100745
0.010246
0.00997823
0.00998464
0.00989748
0.00971825
0.00945475
0.00911532
0.00865879
0.00880474
0.00886818
0.00884964
0.00879572
0.00827678
0.00820343
0.00812709
0.00867315
0.00920396
0.00966083
0.0101339
0.0105758
0.0109936
0.0113872
0.0117654
0.0120997
0.012502
0.0129293
0.0133692
0.0138069
0.0141843
0.0146161
0.015028
0.0154195
0.0157561
0.0159752
0.0161756
0.0163872
0.0167888
0.0172188
0.0176658
0.0180456
0.0184654
0.0188417
0.0191634
0.0194381
0.0224936
0.0264026
0.0307706
0.0356325
0.0410277
0.0462407
0.0527621
0.0600005
0.0679755
0.0793138
0.0886075
0.0975444
0.100657
0.0973288
0.0891898
0.0776919
0.0623206
0.0482956
0.035502
0.0240267
0.0197223
0.0144799
0.0107646
0.0182964
0.025064
0.0305569
0.034842
0.0394247
0.0414519
0.0425655
0.0428611
0.0424797
0.0425057
0.041066
0.0392979
0.0372703
0.0350718
0.0333377
0.0308919
0.0284261
0.025974
0.0235666
0.0212354
0.0192925
0.0171379
0.0151137
0.0132319
0.0114844
0.00997868
0.00849184
0.00778416
0.00720179
0.00670436
0.00520992
0.00484148
0.00450602
0.00421196
0.00394082
0.00369343
0.00251365
0.0024693
0.00233021
0.00212258
0.00186256
0.00133434
0.00100183
0.000903487
0.000885159
0.00104699
0.000966996
0.00111344
0.00145143
0.00182655
0.00219154
0.00255209
0.00306085
0.00341025
0.00375724
0.00407219
0.00435928
0.00474015
0.0049437
0.00513157
0.00528541
0.00539474
0.00557697
0.00555779
0.00547585
0.00533429
0.00515635
0.00495203
0.00486135
0.00461383
0.00436245
0.00411004
0.00385919
0.0037268
0.00347391
0.00322573
0.00298846
0.00276823
0.00265369
0.00244939
0.00225471
0.00207831
0.0019154
0.00176486
0.00169088
0.00155134
0.00141612
0.00127669
0.00114749
0.00108355
0.000966981
0.000935331
0.000994176
0.00106195
0.00109001
0.00115117
0.00120729
0.0012657
0.00145365
0.00170694
0.00192195
0.00215694
0.00237925
0.00258754
0.00278354
0.0029427
0.0031126
0.00327009
0.00340992
0.00352108
0.000756472
0.00253402
0.0159917
0.0300365
0.0411463
0.0451782
0.0516891
0.0569194
0.0611549
0.0645902
0.0609249
0.0629913
0.0646001
0.0657799
0.0665548
0.0669378
0.0605027
0.0602651
0.0596359
0.0586182
0.0572227
0.0511771
0.0534363
0.0553119
0.0568059
0.0578756
0.050651
0.0510819
0.0513347
0.0513532
0.0513252
0.0510997
0.0437395
0.0436447
0.0435461
0.0432607
0.0428997
0.0366194
0.0361637
0.0353729
0.0343322
0.0329232
0.0275438
0.0259005
0.0239393
0.0216523
0.0190994
0.0163123
0.0128252
0.0120267
0.0113479
0.0108454
0.0123394
0.0115217
0.0140785
0.0163023
0.0181993
0.0197519
0.0172908
0.0182199
0.0188851
0.019327
0.0195882
0.0197098
0.0163377
0.0163576
0.016351
0.0162961
0.0162254
0.0130085
0.0129501
0.012856
0.0127619
0.0126498
0.00975132
0.00964946
0.00956334
0.00948057
0.00937492
0.00927161
0.00685181
0.00678889
0.00671138
0.00663063
0.00655206
0.00451997
0.00451304
0.00449862
0.00448871
0.00446782
0.00282292
0.00285307
0.00287308
0.0028909
0.00297479
0.00330044
0.00275578
0.00312908
0.0035135
0.00390531
0.00429781
0.00392766
0.0043371
0.00474045
0.00513116
0.00550835
0.00523619
0.0056075
0.00596084
0.00629351
0.00660259
0.0068876
0.00668024
0.00730358
0.00795624
0.00864026
0.00935476
0.00995652
0.0107208
0.011519
0.0123471
0.0132064
0.013936
0.0148568
0.0158123
0.0168031
0.0178126
0.01884
0.0197089
0.0207783
0.0218679
0.0229737
0.0240969
0.0250419
0.0261738
0.0273008
0.0284276
0.0295486
0.0304632
0.0315262
0.0325317
0.0334559
0.0342765
0.0349743
0.0354241
0.0358119
0.0366548
0.0377934
0.051218
0.0548601
0.0647158
0.0693866
0.0721944
0.0733506
0.073298
0.0803557
0.0861783
0.0907838
0.0942145
0.0965374
0.0925636
0.0925371
0.0915539
0.0897008
0.0870098
0.0777321
0.0736306
0.0690109
0.0639903
0.0587311
0.0481449
0.0430407
0.0381157
0.036301
0.0354039
0.0346351
0.0313777
0.0310057
0.0307161
0.030503
0.0303292
0.0283907
0.0283778
0.0283065
0.0281684
0.0279207
0.0265105
0.0261389
0.0256208
0.0249259
0.0240639
0.0230401
0.0215064
0.0202364
0.0187803
0.0171459
0.0153559
0.0135047
0.0114902
0.00934985
0.00710541
0.00714387
0.00932586
0.0123961
0.0157344
0.019304
0.0231154
0.0271221
0.0303123
0.0346221
0.0390653
0.0436036
0.0482312
0.0517759
0.0563758
0.0608845
0.0652391
0.0693771
0.0722618
0.075742
0.0787469
0.0811849
0.0829322
0.0838909
0.0835836
0.0828347
0.0810963
0.0783393
0.0748369
0.0747623
0.0734953
0.0717161
0.0695304
0.0670509
0.0651129
0.062299
0.0594298
0.0565558
0.0537026
0.0552884
0.057706
0.0600591
0.0621725
0.0639398
0.0653034
0.0662143
0.0666448
0.0664869
0.0656762
0.0641487
0.0622169
0.0592669
0.0555603
0.0510975
0.0458739
0.0399553
0.0344166
0.0287385
0.0241685
0.0208542
0.0214295
0.0215044
0.021398
0.0211668
0.0209035
0.0206843
0.0205096
0.0204602
0.0205272
0.020851
0.0214804
0.0221423
0.0224833
0.0229592
0.0233197
0.023715
0.0240546
0.0241709
0.0243049
0.0244214
0.0245539
0.0246686
0.0246978
0.0249689
0.0252892
0.0279163
0.032682
0.0381874
0.043506
0.0504563
0.0582374
0.066863
0.0763684
0.0853663
0.0744012
0.0876182
0.102291
0.105919
0.100693
0.0932027
0.0830389
0.0712725
0.0585681
0.0454522
0.0413649
0.039016
0.0406721
0.0444973
0.0472301
0.0481173
0.048892
0.0506233
0.0587814
0.066132
0.0741403
0.0796614
0.0843575
0.0882407
0.0913206
0.0936516
0.0957522
0.0965106
0.0966408
0.0961853
0.0951589
0.093453
0.0912435
0.0886636
0.0858368
0.0828538
0.0791252
0.0758672
0.0725568
0.0691952
0.0658167
0.0624583
0.0580568
0.0547586
0.0515409
0.0484306
0.0454348
0.0412264
0.0384279
0.0357631
0.0332158
0.0307912
0.0270517
0.0248572
0.0227598
0.0207364
0.0187632
0.0168309
0.0135188
0.0117225
0.0119021
0.0120721
0.0122483
0.0109576
0.0111719
0.0113701
0.0115893
0.0118061
0.0107199
0.010946
0.0111523
0.0113415
0.0115159
0.0116911
0.0107578
0.0109476
0.0111275
0.0113064
0.0114966
0.0107249
0.010917
0.0110908
0.0112291
0.0113118
0.0113437
0.011778
0.0122236
0.0126514
0.0130842
0.0135206
0.0138715
0.0142951
0.0146873
0.01503
0.0153294
0.0155448
0.0157525
0.0159104
0.0160116
0.0160268
0.0159739
0.0158177
0.0155704
0.0152074
0.0147137
0.0141016
0.0134613
0.0125763
0.0115457
0.0103556
0.00909147
0.00825482
0.00790804
0.00874249
0.00927204
0.00955869
0.00966796
0.00961125
0.00944325
0.00921192
0.00896589
0.00991388
0.0123986
0.0154236
0.0186082
0.0219122
0.0252999
0.028292
0.0317527
0.0352139
0.0448247
0.0514897
0.0577175
0.0581294
0.0551843
0.0553805
0.0550082
0.0537084
0.0503415
0.0479739
0.0453933
0.0427074
0.0399978
0.0354107
0.0327548
0.0302313
0.0278707
0.025694
0.021542
0.0197131
0.0180645
0.0165819
0.0156672
0.0166993
0.0186644
0.0189906
0.0190591
0.0191155
0.0190026
0.0200266
0.0196311
0.0191208
0.0185097
0.0178235
0.0183966
0.0175933
0.0167545
0.0158938
0.0150269
0.0141591
0.0145418
0.0139167
0.0146012
0.0151878
0.0156691
0.0176744
0.0179034
0.0180081
0.0180207
0.0179793
0.0193479
0.0191761
0.018966
0.0187167
0.0184244
0.0180888
0.0189246
0.0184647
0.0179732
0.017441
0.0168659
0.0173028
0.0166287
0.0159099
0.0152209
0.0152635
0.0151409
0.0150173
0.0148183
0.0145477
0.0141939
0.0137574
0.0132676
0.0126904
0.0120439
0.0112911
0.0104233
0.00956293
0.00853232
0.00745544
0.00635022
0.00521483
0.00420906
0.00304998
0.0018734
0.000750624
0.00116349
0.00187372
0.00266271
0.00384053
0.00502475
0.00620334
0.00736421
0.00835173
0.00948226
0.0106151
0.0117317
0.0128355
0.0137751
0.0148232
0.0158351
0.0168248
0.0177998
0.0187574
0.0195925
0.0205466
0.0214937
0.0224497
0.0234294
0.0243034
0.0253485
0.0286271
0.0331573
0.0383038
0.0433727
0.049826
0.0570912
0.065251
0.0769785
0.0869434
0.0967111
0.101037
0.0991826
0.0927168
0.0830337
0.0693105
0.056645
0.0440936
0.0316609
0.0256308
0.0203733
0.0148486
0.0148548
0.0202475
0.026654
0.0317355
0.0368992
0.0394184
0.0408371
0.0412918
0.0408847
0.0407043
0.0388382
0.0364728
0.0337034
0.0306351
0.0280617
0.0246087
0.0211099
0.0176332
0.0142314
0.0118194
0.0118305
0.0116501
0.0114298
0.0111723
0.0108714
0.010825
0.0105622
0.0111873
0.0116151
0.0118619
0.0130417
0.0129564
0.012756
0.0124421
0.0120263
0.0115418
0.0120456
0.0114376
0.0107771
0.010052
0.0092631
0.00937378
0.00847363
0.0075475
0.00660989
0.00567654
0.00559103
0.00468457
0.00383502
0.00305748
0.00276101
0.00256979
0.00220412
0.00205368
0.0019843
0.00196275
0.00199264
0.0018599
0.00198928
0.00213954
0.00228137
0.00238186
0.00234708
0.00255036
0.00281805
0.00313662
0.00350647
0.00394624
0.00428464
0.00492485
0.00577377
0.00666988
0.00760958
0.00851017
0.00948857
0.0104897
0.0114994
0.0124971
0.0133721
0.0142497
0.0150328
0.0157004
0.0162437
0.0166554
0.0169275
0.0171675
0.0176569
0.0180351
0.0182882
0.0183789
0.0184139
0.0183448
0.0181812
0.0179393
0.0176459
0.0172967
0.0168892
0.0164299
0.0159115
0.0153628
0.014852
0.0142852
0.0137107
0.0131362
0.0125646
0.0120578
0.0115009
0.0109708
0.0104919
0.0100589
0.000756472
0.00253402
0.0159917
0.0300365
0.0411463
0.0451782
0.0516891
0.0569194
0.0611551
0.0645918
0.0609305
0.062995
0.0646072
0.0658058
0.0666231
0.0670498
0.0606445
0.060436
0.0598615
0.0589394
0.0576636
0.0517012
0.0540964
0.0561199
0.05776
0.0590082
0.0518908
0.0524772
0.0527792
0.0528614
0.0527043
0.0523963
0.0447564
0.0443347
0.043734
0.0430235
0.0421747
0.0355794
0.0347995
0.033866
0.0328135
0.031622
0.026547
0.0254424
0.0241893
0.0227998
0.0212879
0.0196522
0.0165748
0.0158599
0.015229
0.0146587
0.014152
0.0130906
0.0127957
0.0125627
0.0123819
0.0122317
0.0116534
0.0114879
0.0112928
0.011074
0.0108264
0.0105711
0.00996581
0.00969529
0.0094415
0.00919425
0.00897899
0.0083649
0.00817608
0.00799036
0.00782137
0.00766762
0.00797395
0.00773755
0.00752868
0.00734524
0.00716145
0.00700355
0.00747956
0.00728054
0.00709283
0.0069215
0.00675832
0.00701214
0.00683439
0.00666313
0.00650482
0.00635782
0.00646606
0.00630793
0.00616547
0.00605035
0.00595932
0.0058925
0.00595702
0.00592384
0.00591747
0.00593922
0.00598451
0.0060775
0.00616302
0.00627823
0.00642252
0.00660118
0.00678702
0.00704803
0.00735623
0.00771014
0.00811346
0.00855924
0.0089456
0.00946935
0.0100392
0.0106462
0.0112899
0.0118429
0.0125681
0.013338
0.0141491
0.0149984
0.015729
0.0166572
0.0176198
0.0186218
0.0196664
0.0207558
0.0216958
0.0228541
0.024042
0.0252738
0.0265571
0.0276682
0.0290221
0.0303991
0.0317818
0.0331608
0.0343026
0.0356179
0.0368656
0.0380295
0.0390799
0.0399871
0.0405978
0.0411481
0.0414479
0.0414539
0.0534625
0.0571682
0.0669713
0.0713724
0.07379
0.0744799
0.0718417
0.078861
0.0845828
0.0890383
0.0922892
0.0944013
0.0902382
0.0899761
0.0887636
0.0866623
0.0837149
0.0742064
0.0698791
0.0650835
0.0599513
0.054618
0.0440035
0.0388983
0.034
0.031528
0.0306564
0.0299388
0.0267602
0.0265027
0.026363
0.0263259
0.0263661
0.0246354
0.0248897
0.0251032
0.0252615
0.0253139
0.0251283
0.0242229
0.0239115
0.0235251
0.0229601
0.0222203
0.0209272
0.0199255
0.0187297
0.017346
0.015798
0.0153235
0.0140933
0.0130706
0.0122961
0.0117801
0.0134883
0.0134368
0.0137096
0.0145431
0.0178109
0.0212891
0.024026
0.0278366
0.0317967
0.0358629
0.0400323
0.0432015
0.0474007
0.0515538
0.0556042
0.0595105
0.0622581
0.0656925
0.0687802
0.0714334
0.0735331
0.0758683
0.0800953
0.0837604
0.0869684
0.0895968
0.091604
0.0933333
0.0940492
0.0940928
0.0935201
0.092406
0.0914311
0.0894269
0.0870639
0.0844544
0.0817103
0.0787916
0.0763798
0.074471
0.0758329
0.0767304
0.0771218
0.0770626
0.0762318
0.0746728
0.0723008
0.0690331
0.0654299
0.0603709
0.0542836
0.0471506
0.038978
0.0298497
0.0265672
0.0239156
0.0213604
0.0236254
0.0247103
0.0249631
0.0249177
0.0246663
0.0243768
0.0242044
0.0241663
0.0244273
0.0250018
0.025913
0.0271694
0.028747
0.0311899
0.0341319
0.0368598
0.0394226
0.0418547
0.0435297
0.0451858
0.0464199
0.0472748
0.0478853
0.0480458
0.0480378
0.04785
0.0477316
0.0476978
0.047778
0.0478844
0.0484409
0.0503367
0.0593314
0.0693894
0.0789897
0.0687512
0.0826567
0.097951
0.102177
0.0974491
0.0904854
0.0808228
0.0695931
0.0575927
0.0504055
0.0480293
0.0473713
0.0463135
0.0447504
0.0425997
0.0376199
0.0362072
0.0353931
0.0342773
0.037415
0.0417296
0.043136
0.043913
0.0441423
0.0439384
0.0434337
0.043459
0.0423418
0.0411325
0.0398705
0.0385672
0.0370908
0.0356642
0.0343273
0.0330605
0.0318848
0.0299166
0.0288313
0.0278562
0.026979
0.0261604
0.0253769
0.025272
0.0253991
0.0255979
0.0258711
0.0261983
0.0276215
0.0279612
0.0283377
0.0287116
0.0290698
0.0302149
0.030499
0.0307518
0.0309668
0.0311282
0.0312241
0.0318494
0.0317934
0.0316542
0.0314345
0.0311461
0.0312361
0.0307608
0.030171
0.0297742
0.0299188
0.0304878
0.0306052
0.0307112
0.0308094
0.0308808
0.0309393
0.0313026
0.0313115
0.0312944
0.0312475
0.0311751
0.0313399
0.0311856
0.0309985
0.0307772
0.0304887
0.0303791
0.0299678
0.0294775
0.0289165
0.0282717
0.0275482
0.0269805
0.0260673
0.0250423
0.0239071
0.0226539
0.0215526
0.0200431
0.0183928
0.0165994
0.0146742
0.0129489
0.0107573
0.00842961
0.00741858
0.00676094
0.00606897
0.00580276
0.00807568
0.0107114
0.0133614
0.0156903
0.0173786
0.0185112
0.0193505
0.0200273
0.0205751
0.0211399
0.0214171
0.0214993
0.0213391
0.0209393
0.0202939
0.0196496
0.0185191
0.0178051
0.0198082
0.0222652
0.0248197
0.0283028
0.0324075
0.0354752
0.0412097
0.0466731
0.0560118
0.0627893
0.0679158
0.0720792
0.0756866
0.0775601
0.0805805
0.0835145
0.0863973
0.0892161
0.0900615
0.0925839
0.0949082
0.0969327
0.0985096
0.0974738
0.0976909
0.098165
0.0985439
0.0975172
0.100055
0.103633
0.103784
0.102753
0.100771
0.0980439
0.0972347
0.0935236
0.0894928
0.0852175
0.0807654
0.0785227
0.0738429
0.0691493
0.0644905
0.0599061
0.0553977
0.0529148
0.0485508
0.0443318
0.0402729
0.0363877
0.0342356
0.0306436
0.027242
0.0240401
0.0224436
0.0228935
0.0216248
0.0203006
0.0189221
0.0175038
0.0160655
0.0159789
0.0145324
0.0131339
0.0117958
0.0105219
0.0104208
0.00923036
0.00810202
0.0070299
0.00642353
0.0063253
0.00625405
0.00657997
0.00723212
0.00772535
0.0080952
0.0080734
0.00820104
0.00819758
0.00807271
0.00784169
0.00739663
0.00698247
0.00645389
0.00581218
0.00509108
0.00497486
0.0050425
0.00509538
0.00512317
0.00512481
0.00508966
0.00521315
0.00528261
0.00575925
0.00618358
0.00654961
0.00682276
0.00740301
0.00815845
0.00877207
0.00922038
0.00950708
0.00963634
0.00957862
0.00962627
0.0100348
0.0104463
0.0107934
0.0111722
0.0127944
0.0149846
0.0175586
0.0202107
0.0236246
0.0275387
0.0319917
0.0370349
0.0420115
0.0483135
0.0553717
0.0632423
0.074602
0.0840662
0.093265
0.0968057
0.0940391
0.0866128
0.0759991
0.0615298
0.0483985
0.0361076
0.0242411
0.0180145
0.0126782
0.0138072
0.0161978
0.0227979
0.028128
0.032242
0.0366779
0.0385367
0.0395256
0.0397586
0.039349
0.0393642
0.0379204
0.0361471
0.0341186
0.0319092
0.0301528
0.0277065
0.0252692
0.0228969
0.0206292
0.0184755
0.0167078
0.0147729
0.0129697
0.0113257
0.00985998
0.00863257
0.00745836
0.00641397
0.00548968
0.00468329
0.00394446
0.00331482
0.00276273
0.00229552
0.00190237
0.00178424
0.00221783
0.00208762
0.00196472
0.00184727
0.00174412
0.0020861
0.00199014
0.00190595
0.00182346
0.00182924
0.00200987
0.00203139
0.00225446
0.00247285
0.00269702
0.00290897
0.002891
0.00309792
0.0032914
0.00346178
0.00360924
0.00353929
0.00364986
0.0037412
0.0038293
0.00389941
0.00381157
0.00386354
0.00390318
0.00392672
0.00394021
0.00393376
0.00380301
0.00376268
0.00370304
0.00362819
0.00354159
0.00337073
0.00327025
0.00314651
0.00299449
0.00282039
0.00259101
0.00240552
0.00222194
0.00204279
0.00187001
0.00169201
0.00148302
0.00137028
0.00135852
0.00135005
0.00133085
0.00133766
0.00132452
0.00131695
0.00131352
0.00132312
0.00135317
0.00137095
0.0013743
0.00136951
0.00136174
0.00136334
0.00137308
0.00138862
0.00141746
0.00146927
0.00152579
0.00157185
0.00160772
0.0016402
0.00166866
0.00169607
0.000756472
0.00253402
0.0159915
0.0300231
0.0410953
0.045076
0.0515085
0.0566444
0.0607738
0.0641003
0.0603598
0.0623842
0.0640143
0.0652744
0.0661672
0.066677
0.0603625
0.060248
0.0597557
0.0588904
0.0576793
0.0521599
0.0546322
0.0567414
0.0584667
0.0598491
0.0528722
0.0536956
0.0542759
0.0547314
0.0549969
0.055166
0.0479467
0.0480145
0.0478326
0.0474485
0.0467516
0.0402102
0.0393526
0.0382702
0.0369386
0.0353836
0.0299295
0.0283574
0.0265943
0.0246684
0.0226134
0.0204483
0.0167527
0.0148113
0.0131866
0.0125104
0.0119601
0.0108542
0.0105308
0.0102465
0.00998393
0.00975773
0.00915003
0.00901761
0.00891292
0.00882972
0.00902481
0.00957047
0.00830944
0.00829417
0.00830733
0.00832219
0.00835787
0.0079575
0.0079958
0.00802235
0.00805281
0.00808298
0.00764574
0.00764005
0.00762178
0.00758268
0.00749782
0.0073922
0.00681093
0.00666447
0.00650834
0.0063438
0.00616179
0.00590818
0.00591695
0.00592488
0.00593416
0.00593922
0.00617531
0.00616333
0.00615755
0.00615965
0.00616924
0.00619081
0.00632317
0.00635317
0.00639737
0.00646314
0.00654675
0.00666562
0.00676854
0.00689764
0.00704916
0.00722547
0.00738767
0.00760145
0.00784291
0.00811513
0.00841446
0.00874685
0.00902824
0.00942253
0.00984845
0.0103082
0.010795
0.0112017
0.0117445
0.0123242
0.0129415
0.013605
0.0141719
0.0149221
0.0157204
0.0165695
0.0174573
0.0183864
0.0191807
0.0201797
0.0212162
0.0222762
0.0233483
0.0242589
0.0253691
0.0264928
0.0276098
0.0287096
0.0295954
0.0306146
0.0315708
0.0324682
0.0332765
0.0339673
0.034412
0.0348109
0.0350082
0.035716
0.0438912
0.0473796
0.0573988
0.0623188
0.0654634
0.0669983
0.0647962
0.069017
0.0751341
0.0801568
0.0841079
0.0870216
0.0836281
0.0842986
0.0840507
0.0829168
0.0809353
0.072244
0.068797
0.0647876
0.0603424
0.0555781
0.045381
0.0406609
0.0360673
0.0347881
0.0338804
0.0330311
0.0296828
0.0291452
0.028651
0.0281716
0.0276949
0.0254444
0.0250472
0.0245461
0.0239419
0.0231814
0.0213
0.0203521
0.0192199
0.0178678
0.0163029
0.0145262
0.0161972
0.0148126
0.0134829
0.0122608
0.0111999
0.0128195
0.0120556
0.0115517
0.0113516
0.0121368
0.0147176
0.017875
0.0210128
0.0242717
0.0280357
0.0319802
0.0350981
0.0392996
0.0435836
0.0478986
0.0522239
0.0554336
0.05955
0.0634687
0.0671078
0.0703925
0.0724077
0.0747664
0.0769577
0.0813403
0.0852991
0.0887089
0.0918274
0.0938841
0.0951646
0.0956304
0.0953241
0.0949788
0.0933356
0.0911178
0.0884254
0.0853379
0.0828085
0.0792343
0.0780165
0.0779295
0.077407
0.076376
0.07523
0.0730767
0.0702569
0.0666635
0.0622631
0.0577906
0.05167
0.0445447
0.0363672
0.0270748
0.0180044
0.00793293
0.00636798
0.0204923
0.0359741
0.052803
0.0670969
0.0791827
0.0871262
0.0923586
0.0956315
0.0972815
0.0978545
0.0972552
0.095619
0.0930397
0.0901966
0.0861898
0.0815987
0.0765707
0.0712334
0.0656878
0.0608741
0.0552384
0.0496978
0.0442575
0.0389742
0.0363479
0.0398692
0.043339
0.0465798
0.0495309
0.0517391
0.0537015
0.0549539
0.0554009
0.0552146
0.0572923
0.0588233
0.0606351
0.062478
0.0658225
0.0787289
0.0904605
0.0822871
0.0977302
0.114058
0.118579
0.113506
0.105465
0.094071
0.0804678
0.0654661
0.0497539
0.0358335
0.0422172
0.0487857
0.0536749
0.0569718
0.0579174
0.0583356
0.0576203
0.0616626
0.0659826
0.0706891
0.0717953
0.0715415
0.0701062
0.0676878
0.0645224
0.0619603
0.0577086
0.0533111
0.0489255
0.0446748
0.0408111
0.0368916
0.0333266
0.0301311
0.0273016
0.0240732
0.0217616
0.0213463
0.0217042
0.0219629
0.022104
0.0204974
0.0214635
0.0223402
0.023145
0.0238763
0.025331
0.0259325
0.0264913
0.0269974
0.0274558
0.0286305
0.0290193
0.0293819
0.0297187
0.0300243
0.0303013
0.0311974
0.0314149
0.0315986
0.0317488
0.0318839
0.0325134
0.0325784
0.0326046
0.0326157
0.0326064
0.0330276
0.0329708
0.0329043
0.0328308
0.0327373
0.0326305
0.0328482
0.0326876
0.0324993
0.0322778
0.0320212
0.032014
0.0316519
0.0312442
0.0307854
0.030244
0.0299028
0.0292124
0.0284211
0.0275251
0.0265004
0.0253368
0.0243396
0.0228858
0.0212577
0.0194489
0.0179136
0.0181612
0.0176385
0.017033
0.016337
0.0155491
0.0153243
0.0143878
0.0133731
0.0122432
0.0144562
0.0175931
0.0208268
0.0243267
0.0280335
0.031917
0.0354339
0.0377222
0.038899
0.0393304
0.0393797
0.0391955
0.0390594
0.0384989
0.0377264
0.0367091
0.0354513
0.0339244
0.0324867
0.0304386
0.0281419
0.0255838
0.0257739
0.0285501
0.0324818
0.037247
0.0466884
0.0548471
0.0624085
0.0740798
0.0830931
0.0903361
0.0964666
0.101851
0.105089
0.109404
0.113303
0.116763
0.119718
0.120257
0.121864
0.122572
0.122193
0.120551
0.116072
0.111781
0.106176
0.0994459
0.0918839
0.0837999
0.0753209
0.0733458
0.0708867
0.068056
0.0649445
0.0640946
0.0605966
0.0570161
0.0533812
0.0497221
0.0482791
0.0446088
0.041
0.0374833
0.0340702
0.0307846
0.029418
0.0263749
0.0235162
0.0208531
0.0183869
0.0174865
0.0171436
0.0170303
0.0167602
0.0163761
0.0174488
0.0169662
0.0164374
0.0158756
0.0152978
0.0147075
0.0153595
0.0147516
0.0141854
0.013674
0.0132286
0.013849
0.013462
0.0131063
0.0127863
0.0124909
0.0130206
0.0127124
0.0123865
0.012033
0.0116516
0.0112197
0.0113863
0.0108481
0.0102897
0.00986477
0.00942169
0.00933313
0.00886193
0.00838226
0.00788698
0.00737429
0.00716012
0.00663301
0.0061219
0.0056371
0.00518511
0.00477252
0.00462227
0.00519942
0.00620242
0.00729002
0.00845019
0.00949419
0.0107051
0.011934
0.0132077
0.014516
0.0156681
0.0170141
0.0183537
0.019678
0.0209638
0.0221549
0.0231135
0.0241426
0.0251121
0.0260364
0.0269473
0.0277417
0.0286751
0.0327319
0.0378771
0.0436185
0.0491781
0.0560909
0.063669
0.0719576
0.0836034
0.0931525
0.102253
0.105487
0.102215
0.0940731
0.0825225
0.0670383
0.052962
0.0403734
0.0284182
0.0187516
0.0134594
0.0146656
0.0155698
0.0179849
0.0230942
0.027022
0.0313403
0.0331244
0.0340557
0.0342519
0.033853
0.0339335
0.0326123
0.0309921
0.0303044
0.0295766
0.0277685
0.0264544
0.024965
0.0233556
0.0216615
0.019961
0.0173146
0.0156267
0.0139914
0.012439
0.0109871
0.0086183
0.00738016
0.00625721
0.00524664
0.00435588
0.0025599
0.00191307
0.00139189
0.000991166
0.000918627
0.00096333
0.00113359
0.00111088
0.00106508
0.000986248
0.000883609
0.00119421
0.00102443
0.000843763
0.000665814
0.000495881
0.00069505
0.00053677
0.000595987
0.000684947
0.000769675
0.000828296
0.00113982
0.00131074
0.00147298
0.00162774
0.00179729
0.00210783
0.00228527
0.00245887
0.00263992
0.00280549
0.00308669
0.00321969
0.00333545
0.00343429
0.00352091
0.00358124
0.00374433
0.00379032
0.00383767
0.00388312
0.00392693
0.00402799
0.00402774
0.00401829
0.00402002
0.00402348
0.00410116
0.00411716
0.00415507
0.0042157
0.00429173
0.00436619
0.0044736
0.00451316
0.00451665
0.0044831
0.00442997
0.00441277
0.00433554
0.00424366
0.00412665
0.00398386
0.00387295
0.00370026
0.00354433
0.00342731
0.0033392
0.00324975
0.00319463
0.00309816
0.00300144
0.00289534
0.0027869
0.00271936
0.00263841
0.00257164
0.00252149
0.00248754
