0.000752583
0.00237967
0.0148568
0.026757
0.0346853
0.0352457
0.0372277
0.0375833
0.0368056
0.0352524
0.0273064
0.0281228
0.0310948
0.0340019
0.0413129
0.0478545
0.0563694
0.0608039
0.064159
0.0663494
0.0673431
0.0690117
0.0674798
0.0649922
0.0702401
0.0763381
0.0841817
0.0876212
0.08972
0.0904538
0.089866
0.088057
0.0960518
0.0981647
0.0990998
0.0988188
0.0973655
0.100914
0.0970768
0.0922937
0.0866734
0.0804352
0.0784952
0.0711846
0.0638381
0.0566743
0.0498632
0.0435752
0.0403526
0.0349605
0.032498
0.0345567
0.0392768
0.0425338
0.0469553
0.0511166
0.0546636
0.0574568
0.058774
0.059905
0.0601102
0.0594559
0.0580178
0.0559083
0.0532555
0.0502741
0.0470194
0.0436027
0.0401545
0.0367243
0.033389
0.0301869
0.0271716
0.0243777
0.0216555
0.0204144
0.0201631
0.0198684
0.0195011
0.0190868
0.0193513
0.0186864
0.018034
0.0173247
0.016557
0.0162294
0.0153304
0.0143978
0.0134669
0.0125204
0.0119346
0.0110126
0.0101087
0.00920646
0.00828472
0.00737575
0.00671302
0.00656764
0.0072781
0.00797237
0.00863573
0.00847687
0.00913356
0.0097643
0.0103446
0.0109294
0.0108405
0.011385
0.0119116
0.0124576
0.013023
0.0135828
0.013609
0.0141923
0.014749
0.015267
0.015703
0.0156617
0.0159769
0.0162719
0.0164716
0.0165988
0.0163708
0.0163805
0.0162782
0.0160661
0.0157308
0.0152645
0.014541
0.013828
0.0147198
0.0170001
0.0193275
0.0214024
0.0239755
0.0266799
0.0294646
0.0322948
0.0347759
0.0377184
0.0406762
0.0436089
0.0464625
0.0492339
0.051532
0.0545684
0.0578191
0.0609078
0.0933748
0.101987
0.113332
0.117113
0.120408
0.129836
0.13353
0.136352
0.136329
0.133831
0.129213
0.12279
0.110857
0.101626
0.0915863
0.0810027
0.0700632
0.0540501
0.0429372
0.0320907
0.0274198
0.0237317
0.0182309
0.0187511
0.0186675
0.0226064
0.027123
0.0304103
0.0364263
0.0372266
0.0370178
0.035943
0.0355062
0.0399133
0.0393988
0.0383112
0.036736
0.034724
0.0363584
0.0336508
0.0307653
0.0277733
0.024752
0.0217698
0.0221664
0.0192763
0.0165431
0.0139824
0.0116176
0.01209
0.00997761
0.00804582
0.00630705
0.00517687
0.00540958
0.00530455
0.00559731
0.00587754
0.00617896
0.00647675
0.00627288
0.00657567
0.00687009
0.00714207
0.00739974
0.007092
0.00728561
0.00745171
0.00757939
0.00768472
0.00725914
0.00730756
0.00733866
0.00737425
0.00737439
0.00735205
0.00688932
0.00683563
0.00678268
0.00671521
0.00663449
0.00618303
0.00610223
0.00603017
0.00596427
0.00591329
0.00558132
0.00559437
0.00563925
0.00572396
0.00584274
0.00601534
0.00596292
0.00626248
0.00662545
0.00708453
0.00763502
0.00801699
0.00880529
0.00974739
0.0108496
0.0121341
0.0132777
0.0149715
0.0169173
0.0194339
0.0230195
0.0271042
0.0312457
0.0364062
0.0422055
0.0486515
0.0557386
0.0625093
0.0706909
0.0793237
0.0882658
0.0972745
0.105036
0.113358
0.120769
0.126868
0.131267
0.133628
0.133916
0.132092
0.128151
0.122337
0.115056
0.10783
0.0990045
0.0899763
0.0811367
0.0727418
0.0659302
0.058884
0.0526809
0.047334
0.0428215
0.0390612
0.0363299
0.0337474
0.0432982
0.0542741
0.0658231
0.0763565
0.0668397
0.0811695
0.0966681
0.100888
0.0960142
0.0887624
0.0787141
0.0670459
0.0545235
0.0500164
0.0484187
0.0486775
0.0485914
0.0480551
0.0469994
0.0429961
0.0406966
0.0378349
0.0405996
0.0427002
0.0460921
0.0464465
0.0460844
0.0451637
0.0438133
0.0421424
0.0411264
0.038825
0.0364635
0.0340645
0.0316761
0.0293248
0.0269474
0.0247025
0.0225748
0.0206036
0.0179805
0.016246
0.0147033
0.0133467
0.0121926
0.0112372
0.00903828
0.00828971
0.00923171
0.010726
0.0121563
0.0114188
0.0126917
0.0138671
0.0149206
0.0158518
0.0148001
0.0155413
0.016152
0.0166342
0.0169719
0.0179806
0.0197636
0.0209389
0.0220039
0.0229559
0.0237945
0.0249562
0.025535
0.0259706
0.0262901
0.0264882
0.0270075
0.0269683
0.0268175
0.0265589
0.0261831
0.0257124
0.0255521
0.0249157
0.024168
0.0233131
0.0223582
0.0217011
0.0205559
0.0193301
0.0180252
0.0166208
0.0155185
0.0139628
0.0123246
0.0106216
0.00884906
0.00702462
0.00718345
0.00666156
0.00665111
0.00787481
0.00916884
0.0108896
0.0122882
0.0137345
0.0152146
0.0166964
0.0184262
0.0198648
0.0212626
0.0225791
0.0237862
0.0248706
0.0260063
0.0267471
0.027292
0.0276066
0.0276722
0.0277704
0.0273286
0.0265991
0.0255953
0.0243052
0.0231325
0.0213131
0.0192217
0.0168768
0.0142893
0.0149511
0.0171009
0.0197802
0.02267
0.025759
0.0291149
0.0332562
0.0383556
0.0436543
0.0547903
0.0611177
0.0669071
0.0666527
0.0628654
0.063035
0.0619637
0.059867
0.0557806
0.0526129
0.0492931
0.04597
0.0427406
0.0377803
0.0347683
0.0319457
0.0293077
0.0268613
0.0237718
0.0226357
0.0215614
0.0210664
0.0228076
0.0242364
0.0265829
0.0274015
0.0279819
0.028354
0.0285102
0.0296039
0.0293351
0.0288821
0.0282606
0.0274835
0.0275866
0.0265021
0.0252967
0.0239861
0.0225861
0.0211067
0.0203936
0.0187684
0.0171272
0.0154881
0.0138566
0.0129062
0.0112819
0.00969915
0.00818193
0.00674793
0.00682545
0.00647659
0.00612165
0.00577142
0.00542914
0.0050972
0.00596876
0.00558189
0.00517926
0.00478262
0.0043994
0.00504655
0.00468805
0.00436699
0.00458491
0.00480156
0.00485362
0.00495715
0.0050118
0.005002
0.00494359
0.00485464
0.00472233
0.00461892
0.00449076
0.00433186
0.00413191
0.00391088
0.00365545
0.00336768
0.00304716
0.00291838
0.00264529
0.00264876
0.00289313
0.00320025
0.00353967
0.00388602
0.00426845
0.00461489
0.00493985
0.00525278
0.00555898
0.00585343
0.0061034
0.00633085
0.00650683
0.00660674
0.007103
0.00782236
0.00854051
0.00921907
0.0098492
0.0104597
0.0109803
0.0122079
0.0146698
0.0174607
0.0206127
0.0237203
0.0275938
0.0319007
0.0366713
0.0419385
0.0470301
0.0533569
0.060329
0.0680112
0.079097
0.0881656
0.0969896
0.100086
0.0968922
0.0890761
0.0781366
0.0634892
0.0497217
0.0359037
0.0226414
0.0104587
0.00267972
0.0116988
0.0194617
0.0257268
0.0305539
0.034028
0.0378366
0.0389724
0.039216
0.0387077
0.0375336
0.0368925
0.0347374
0.0322954
0.0296778
0.0269569
0.0248332
0.0220461
0.0198873
0.0183918
0.0169265
0.0154812
0.0131024
0.0117717
0.0105304
0.00938407
0.00835779
0.00635779
0.00553942
0.00482309
0.00420564
0.00367615
0.00273159
0.00283304
0.00290683
0.00298512
0.00304848
0.00310332
0.00314271
0.00325394
0.00331908
0.00335312
0.00336879
0.00351602
0.00352275
0.00354737
0.00354826
0.00352812
0.00363624
0.00356993
0.00351185
0.00343043
0.00334415
0.00327665
0.00335503
0.00331363
0.00328243
0.00325915
0.00333059
0.00335032
0.00330359
0.00331852
0.00330541
0.00321977
0.00308242
0.00300585
0.00292543
0.00283892
0.00275619
0.00269201
0.00272784
0.00267103
0.00260173
0.00252578
0.0024552
0.00245124
0.00240223
0.00235014
0.00230396
0.00223489
0.00221717
0.00214572
0.00208721
0.00202481
0.00195196
0.00187217
0.00182827
0.00174046
0.00164917
0.00157088
0.00147867
0.00141636
0.00132734
0.00127399
0.00120655
0.00116622
0.00113983
0.00111853
0.00109763
0.0010657
0.00102401
0.000968292
0.000906393
0.000831857
0.000761181
0.000744164
0.000764936
0.000738576
0.000733063
0.000722393
0.000724584
0.000717163
0.000752583
0.00237967
0.0148608
0.0267961
0.0347706
0.0353877
0.0374742
0.0379782
0.0373572
0.0359223
0.0280244
0.0269859
0.0297122
0.0317922
0.0382153
0.0445972
0.0530254
0.0573713
0.0606193
0.0627386
0.0637419
0.0654895
0.0641393
0.061941
0.0660072
0.0719276
0.0796847
0.0831225
0.0852838
0.0861513
0.0857757
0.0842401
0.0923832
0.0944875
0.0954737
0.0953439
0.0941044
0.0978965
0.0944057
0.0900041
0.0848064
0.0789742
0.0773988
0.070513
0.0635827
0.0568028
0.0504337
0.0445966
0.0417286
0.0365527
0.0318808
0.0343566
0.0391891
0.0426848
0.0473949
0.0515638
0.0550129
0.0575855
0.0587663
0.0598255
0.0600939
0.0595566
0.0582623
0.0563572
0.0538947
0.0511251
0.0480613
0.0448111
0.0415133
0.0381858
0.0349155
0.0317277
0.0286858
0.0258161
0.0230039
0.0218565
0.0214332
0.0209708
0.0204587
0.0199149
0.0199942
0.0192883
0.0185373
0.0177437
0.0169038
0.0165278
0.0155812
0.014588
0.0135778
0.0125625
0.0118854
0.0108117
0.00974697
0.00871542
0.00771564
0.00674918
0.00599787
0.00659232
0.00730866
0.00799243
0.00865011
0.0085099
0.00922553
0.00995189
0.0106785
0.0114069
0.011436
0.0121377
0.0128243
0.0134846
0.0141009
0.0146861
0.014714
0.0152629
0.015774
0.0162599
0.0166914
0.0166423
0.0169521
0.0172205
0.0174779
0.0176703
0.0174587
0.0174894
0.0174398
0.0172811
0.0169726
0.0165519
0.0158305
0.0150658
0.016008
0.0182159
0.0205443
0.0226178
0.0251577
0.0278555
0.0306211
0.0334528
0.035922
0.0388015
0.0416851
0.0445845
0.0474658
0.0502456
0.052532
0.0550247
0.0580792
0.061161
0.0934758
0.102093
0.113492
0.117366
0.120456
0.130068
0.133928
0.136914
0.137019
0.134591
0.13001
0.123649
0.111756
0.10257
0.0926292
0.0822216
0.0714719
0.0555833
0.0445264
0.0336635
0.0278402
0.0241486
0.0193185
0.019946
0.0199781
0.0215205
0.0261135
0.0294748
0.0355536
0.036424
0.0362869
0.0352921
0.033604
0.0381198
0.0377596
0.0368318
0.035412
0.033557
0.035328
0.032773
0.0300366
0.0271769
0.0242756
0.0213967
0.0218673
0.0190412
0.0163498
0.0138198
0.0114731
0.0119448
0.00982288
0.0078809
0.00613639
0.00463948
0.00524066
0.00486083
0.00517368
0.00549218
0.00582685
0.00615653
0.00598598
0.00631975
0.00664434
0.00694615
0.00724858
0.00698271
0.00723005
0.00745479
0.00764246
0.00781288
0.00744784
0.00756223
0.00764201
0.00770886
0.00774375
0.0077602
0.00733496
0.00732856
0.00731619
0.00728074
0.00724575
0.00684065
0.00681387
0.00679388
0.00677098
0.00674785
0.00643111
0.00645523
0.00650719
0.00659659
0.00672037
0.00689874
0.00685271
0.00716096
0.00753401
0.00800328
0.00856361
0.00894958
0.00973731
0.0106739
0.011766
0.0130358
0.0141628
0.0158347
0.0177546
0.0199388
0.0224838
0.0265829
0.0307379
0.0359135
0.0417278
0.048189
0.0552928
0.0620806
0.0702868
0.078951
0.087934
0.0969971
0.104821
0.113235
0.120764
0.127007
0.131574
0.134115
0.13456
0.132906
0.129114
0.123423
0.116235
0.109066
0.100282
0.0912741
0.0824393
0.0740379
0.067214
0.0601501
0.0539267
0.0485584
0.0440234
0.04024
0.0374884
0.0348815
0.0444748
0.0554349
0.066962
0.0774697
0.0679152
0.0821973
0.0976415
0.101806
0.096859
0.0894184
0.0790687
0.0671113
0.0543512
0.0497723
0.0482271
0.048568
0.0486
0.0481943
0.0472304
0.0433215
0.041147
0.038402
0.040438
0.042468
0.0458029
0.0459471
0.0453509
0.0441882
0.0425907
0.0407611
0.0396949
0.0373901
0.0350848
0.0328333
0.0306523
0.0284729
0.0263065
0.0242884
0.0224171
0.0207304
0.0183537
0.0168709
0.0155197
0.0142881
0.0132212
0.0122807
0.0100586
0.00931068
0.0100705
0.0114325
0.0127012
0.0118545
0.0130389
0.0141489
0.0151468
0.0160294
0.0149512
0.0156545
0.0162304
0.0166878
0.0170058
0.0174885
0.0193845
0.0207177
0.021967
0.023119
0.024178
0.0255392
0.0263485
0.0270082
0.0275416
0.0279508
0.0286433
0.0287784
0.0287785
0.0286601
0.0284019
0.028016
0.027912
0.0273001
0.0265668
0.025717
0.0247687
0.0241177
0.0229852
0.0217779
0.0204834
0.0190833
0.0179733
0.0164018
0.0147464
0.0130252
0.011231
0.00938138
0.00868081
0.00815167
0.00765907
0.00746881
0.00870221
0.010367
0.0117004
0.013081
0.0144953
0.015913
0.0175885
0.0189677
0.0203101
0.0215766
0.0227422
0.0237983
0.0249181
0.0256505
0.0261967
0.0265222
0.0266081
0.0267311
0.0263246
0.0256366
0.0246795
0.0234399
0.0223138
0.0205554
0.0185232
0.016226
0.0136765
0.014856
0.0170022
0.0196742
0.0225545
0.0256316
0.0288754
0.0318118
0.03612
0.0414214
0.0525853
0.0589747
0.0648408
0.0646901
0.0628628
0.0634416
0.0623182
0.0601626
0.0560227
0.0528028
0.0494448
0.0460837
0.0428075
0.0378129
0.0347872
0.0319799
0.0294974
0.0283219
0.025413
0.0242397
0.0230866
0.0226782
0.024432
0.0258478
0.0281994
0.0290559
0.0296907
0.0301146
0.0303323
0.0314954
0.0313038
0.030934
0.0303978
0.0297036
0.0298764
0.0288693
0.0277361
0.0264912
0.0251476
0.023723
0.0230624
0.0214857
0.0198732
0.0182432
0.0166128
0.0156555
0.0140282
0.0124392
0.010902
0.00942215
0.00892845
0.00785576
0.00680884
0.00580296
0.00504685
0.00470412
0.00556622
0.0051689
0.00476333
0.00436258
0.00396475
0.00459839
0.00421254
0.00384857
0.00349443
0.00315769
0.0036086
0.00342853
0.00354144
0.00360015
0.00360548
0.00356209
0.00344583
0.00332065
0.00314881
0.00293303
0.00275773
0.00256528
0.0026994
0.00282153
0.00293068
0.00301892
0.00284426
0.00291931
0.00297293
0.00298892
0.00309129
0.00337513
0.00370225
0.00400961
0.00434796
0.00472696
0.00511002
0.0054807
0.00613976
0.00681282
0.0074957
0.00818171
0.00877709
0.00945854
0.0101306
0.0107891
0.0114374
0.0120787
0.0126208
0.0132277
0.013907
0.0166847
0.0198097
0.022902
0.0267583
0.0310519
0.0358195
0.0411047
0.0462193
0.0525894
0.0596164
0.0673666
0.07854
0.087744
0.096672
0.0998655
0.096739
0.0889967
0.0781178
0.0635036
0.0497653
0.0360024
0.0228247
0.010658
0.00259994
0.0115343
0.0193656
0.0256761
0.0305387
0.0340487
0.0378545
0.0389322
0.0391193
0.0385325
0.0373229
0.036666
0.0344828
0.0320083
0.0293713
0.0266356
0.0245
0.0217077
0.0193186
0.0178511
0.0164416
0.0150916
0.0128026
0.0115891
0.010475
0.00946856
0.00856191
0.00665194
0.00591746
0.00525719
0.00468215
0.00416973
0.00265276
0.00227079
0.00235957
0.0027236
0.00301123
0.00321922
0.00348276
0.00355646
0.00358307
0.00361416
0.00363374
0.00377986
0.00375941
0.00370437
0.00363174
0.00354582
0.00361297
0.00353077
0.00344115
0.0033507
0.0032694
0.0031836
0.00324267
0.00318632
0.00316343
0.0031487
0.00317186
0.00330505
0.00326833
0.00324056
0.00323516
0.00323357
0.00332794
0.0033384
0.00335926
0.00336187
0.00332868
0.00329943
0.00335634
0.0033228
0.0032693
0.00321135
0.00314674
0.0031406
0.00306104
0.00298418
0.0029027
0.00281148
0.00280616
0.00274876
0.00270987
0.00268503
0.00265715
0.00262488
0.00261922
0.00259322
0.00260292
0.00257923
0.00253816
0.00248033
0.00245897
0.00243346
0.00242321
0.00241864
0.00239353
0.00239411
0.00238228
0.00235447
0.00231276
0.00227562
0.00224841
0.00223602
0.00221232
0.00217284
0.00211714
0.00204527
0.00197016
0.00188944
0.00179778
0.00168787
0.000752583
0.00237967
0.0148568
0.026757
0.0346853
0.0352457
0.0372277
0.0375833
0.0368056
0.0352524
0.0273064
0.0281228
0.0310948
0.0340019
0.0413129
0.0478545
0.0563694
0.0608039
0.064159
0.0663494
0.0673431
0.0690117
0.0674798
0.0649922
0.0702401
0.0763381
0.0841817
0.0876212
0.08972
0.0904538
0.089866
0.088057
0.0960518
0.0981647
0.0990998
0.0988188
0.0973655
0.100914
0.0970768
0.0922924
0.0866783
0.0804421
0.0785178
0.07122
0.0638993
0.0568337
0.0501839
0.0440696
0.0409586
0.0357269
0.0332089
0.0351911
0.0390501
0.0426963
0.0475334
0.051963
0.0557615
0.0588075
0.0602954
0.0616161
0.0619482
0.0613604
0.0599887
0.0579652
0.0553518
0.0523998
0.0491624
0.0457383
0.0422537
0.0387779
0.0353882
0.0321256
0.0290328
0.0261428
0.023328
0.0212269
0.0209939
0.0207198
0.02037
0.0199578
0.0201385
0.0195351
0.0188734
0.0181579
0.0173787
0.0170354
0.0160917
0.0151251
0.0141456
0.0131403
0.0124735
0.0114072
0.0103073
0.00918782
0.00805646
0.00695908
0.0061651
0.00539401
0.00609604
0.00679205
0.00749759
0.0073729
0.00807942
0.00878984
0.00947812
0.0101057
0.0100542
0.0106584
0.0112411
0.0118087
0.0124107
0.0130656
0.0131677
0.0137719
0.0143101
0.0147855
0.0152236
0.0152033
0.015609
0.0159955
0.0163075
0.0166063
0.0164915
0.0166323
0.0166682
0.0165951
0.0163925
0.0160054
0.0153073
0.0145972
0.0149269
0.0171846
0.0195869
0.0217081
0.0242958
0.0269637
0.0297104
0.032513
0.0349686
0.0378624
0.0407667
0.0436426
0.0464654
0.0492052
0.0514608
0.0547516
0.0579827
0.0610146
0.0927726
0.101572
0.113185
0.117276
0.120832
0.130437
0.134243
0.137157
0.137198
0.134726
0.130118
0.123728
0.111815
0.102589
0.0925368
0.0819236
0.0709576
0.0549189
0.04373
0.0327637
0.0278279
0.0239792
0.019212
0.0196611
0.0194835
0.0228067
0.0274358
0.0308272
0.0369286
0.0378154
0.0376816
0.0366864
0.0357623
0.0402766
0.0398768
0.0388955
0.0374101
0.0354659
0.0371502
0.0344983
0.0316726
0.0287309
0.0257529
0.0228003
0.0232078
0.0203042
0.0175266
0.0148879
0.0124261
0.0128057
0.0105876
0.00855415
0.00671524
0.00556454
0.00565107
0.00563204
0.00589839
0.00617886
0.0065061
0.00683899
0.00666584
0.0069709
0.00723118
0.00747722
0.00769559
0.00733887
0.00748874
0.00763275
0.00775754
0.00786551
0.0074397
0.00748067
0.0075013
0.00751396
0.00749168
0.00745717
0.00698144
0.00692014
0.00685228
0.00677308
0.00671993
0.00630612
0.00627153
0.00624293
0.00621475
0.00619427
0.00588309
0.00591394
0.00597099
0.00606201
0.00618202
0.00634997
0.00628936
0.00657282
0.0069127
0.00734016
0.00784994
0.00818414
0.00890434
0.00976445
0.0107706
0.0119463
0.0129824
0.0145368
0.0163263
0.018945
0.0224732
0.0264948
0.0305762
0.03566
0.0413753
0.0477305
0.0547215
0.0614063
0.0694922
0.0780383
0.0869121
0.0958822
0.103645
0.112019
0.119549
0.12584
0.130504
0.133186
0.133783
0.132318
0.128716
0.123194
0.116139
0.109057
0.100333
0.0913425
0.0824901
0.0740433
0.0671633
0.060024
0.0537201
0.0482719
0.0436617
0.0398121
0.0370107
0.0343579
0.0428996
0.0539452
0.0655639
0.0761563
0.0667011
0.0810855
0.0966328
0.100904
0.0960657
0.0888345
0.0788055
0.0671527
0.0546473
0.0498067
0.0481545
0.0483711
0.0482769
0.0477143
0.046613
0.0425917
0.0402662
0.0373691
0.0406136
0.0428385
0.0464577
0.0469588
0.0467368
0.0459652
0.0447363
0.043182
0.0422941
0.0401419
0.0378574
0.0355095
0.0331697
0.0308528
0.0285161
0.0263036
0.0242213
0.0223252
0.019783
0.018128
0.0166129
0.0152275
0.0139914
0.0129021
0.0105748
0.00974456
0.0102338
0.011748
0.0131807
0.0124271
0.0136751
0.0148383
0.0158795
0.016797
0.0157319
0.0164301
0.0169755
0.017377
0.017622
0.0177334
0.0192058
0.0204772
0.0216636
0.0227491
0.0237354
0.0250381
0.0257917
0.0264065
0.0269128
0.0273048
0.0280001
0.0281494
0.0281857
0.0281199
0.0279138
0.0275867
0.0275371
0.0269814
0.0263223
0.02554
0.0246448
0.0240293
0.0229073
0.0216779
0.0203509
0.0189219
0.017797
0.0162156
0.0145502
0.0128186
0.0110167
0.00916226
0.00848632
0.00793251
0.00741989
0.0070679
0.00829935
0.00996397
0.0112992
0.0126828
0.0141005
0.0155211
0.017199
0.0185799
0.0199228
0.0211883
0.022351
0.0234032
0.0245182
0.0252441
0.0257821
0.0260991
0.0261715
0.0262754
0.0258446
0.0251317
0.0241515
0.0228915
0.0217504
0.0199734
0.0179289
0.0156359
0.0131044
0.0148396
0.017013
0.0197167
0.0226272
0.0257316
0.0289999
0.0322256
0.037278
0.0425322
0.0536403
0.0599689
0.0657767
0.0655561
0.0628112
0.0633638
0.0622193
0.0600482
0.0558991
0.0526738
0.049316
0.045977
0.0427311
0.0377353
0.0346633
0.031784
0.0291003
0.0278131
0.0248044
0.0235386
0.0223155
0.0225019
0.0242961
0.0257917
0.0282036
0.0291086
0.0297543
0.0301499
0.0303191
0.0314278
0.0311548
0.0307034
0.0300787
0.0292962
0.0294052
0.0283364
0.0271343
0.0258194
0.0244043
0.0228967
0.0221768
0.0205416
0.018879
0.017203
0.0155281
0.0145385
0.012867
0.0112399
0.00965654
0.00812515
0.00783068
0.00701655
0.00669376
0.00635429
0.00599016
0.00559369
0.00639849
0.00593365
0.00547819
0.00505107
0.00465658
0.00529518
0.0049092
0.0045288
0.00415304
0.00433227
0.00445236
0.0046186
0.00471503
0.00474671
0.00472131
0.00464208
0.00449333
0.00434693
0.00415317
0.00391524
0.00365048
0.00337325
0.003138
0.003192
0.00324464
0.0032786
0.00306919
0.00310281
0.00311176
0.00332068
0.00363607
0.00396423
0.00431998
0.00466307
0.00503039
0.00539161
0.00573324
0.00604979
0.00631038
0.00651593
0.00663928
0.00667492
0.00671333
0.00736748
0.00802674
0.00868755
0.00934768
0.0100079
0.0105764
0.0122755
0.0147551
0.0175657
0.0207223
0.0238293
0.0276793
0.0319815
0.0367751
0.0420651
0.0471659
0.0535343
0.0605654
0.0682983
0.0794204
0.0885519
0.0974127
0.10054
0.0973689
0.0895715
0.0786504
0.0639734
0.0501082
0.0361923
0.0229271
0.010695
0.0031593
0.0115959
0.0194587
0.0257959
0.0306851
0.0342328
0.0381029
0.0392825
0.0395526
0.0390613
0.0379498
0.0373769
0.0352895
0.0329295
0.0303483
0.0276736
0.0256029
0.0228778
0.0206079
0.019281
0.0180013
0.0167559
0.0145256
0.013374
0.0123023
0.0113101
0.0104064
0.00849575
0.00774205
0.0070447
0.00639328
0.00580496
0.00422454
0.00377065
0.00337502
0.00303274
0.00274608
0.00250813
0.00224766
0.00233567
0.00237164
0.00237295
0.00238431
0.00253665
0.00255626
0.00257081
0.0025833
0.00258005
0.00270787
0.00267509
0.00262964
0.00257802
0.00253075
0.00250024
0.00261006
0.00259575
0.0025911
0.00257739
0.00255987
0.00265422
0.00261497
0.00258303
0.0025554
0.00254315
0.0026353
0.00263172
0.00262484
0.00268273
0.00271873
0.00271635
0.0027658
0.00271334
0.00265525
0.00267032
0.00270364
0.00277057
0.0027862
0.00283726
0.002912
0.00298811
0.00309286
0.00312915
0.00314635
0.0031357
0.00310341
0.0030577
0.00303642
0.00298017
0.00299689
0.00302768
0.00301577
0.00300834
0.00297433
0.00289504
0.00279751
0.00270429
0.00263911
0.00251225
0.00237511
0.00224242
0.00213189
0.0020318
0.00194141
0.00183628
0.00173718
0.00161333
0.00149557
0.00139996
0.00128549
0.00117283
0.00101233
0.000889897
0.000752583
0.00237967
0.0148568
0.026757
0.0346853
0.0352457
0.0372277
0.0375833
0.0368056
0.0352524
0.0273064
0.0281228
0.0310948
0.0340019
0.0413129
0.0478545
0.0563694
0.0608039
0.064159
0.0663494
0.0673431
0.0690117
0.0674798
0.0649922
0.0702401
0.0763381
0.0841817
0.0876212
0.08972
0.0904538
0.089866
0.088057
0.0960518
0.0981647
0.0990998
0.0988188
0.0973655
0.100914
0.0970768
0.0922924
0.0866783
0.0804421
0.0785178
0.0712209
0.0638943
0.0567827
0.0500366
0.0438043
0.0406078
0.0352716
0.0325997
0.0345725
0.039403
0.0428562
0.0474577
0.0516868
0.0552423
0.0580382
0.0593111
0.0604168
0.0606185
0.0599479
0.0585186
0.0564663
0.053883
0.0509652
0.0477472
0.0443324
0.0408553
0.0373796
0.0339774
0.0307047
0.027623
0.024762
0.0221518
0.0218606
0.0215335
0.0211665
0.0207324
0.0202548
0.020389
0.0197293
0.0190046
0.0182264
0.0174051
0.0170417
0.016085
0.0150691
0.014038
0.0129893
0.0122808
0.011157
0.0100251
0.00892569
0.00783306
0.00676863
0.0059679
0.00592527
0.00659324
0.00727193
0.00794198
0.00783215
0.00853217
0.00919175
0.00978436
0.0103332
0.0102455
0.0108598
0.0115157
0.0122027
0.0129004
0.0135219
0.0135531
0.0140923
0.0146529
0.0152038
0.0157235
0.01579
0.0162679
0.0167181
0.0170931
0.0173783
0.0172395
0.0173332
0.0172704
0.0170677
0.0167534
0.016335
0.0156154
0.014854
0.0156286
0.0178013
0.0201309
0.0222835
0.02492
0.0276295
0.0304395
0.0333413
0.0358619
0.0387978
0.0417082
0.0445623
0.0473386
0.0500244
0.0522306
0.0549421
0.0581822
0.061254
0.0932399
0.101925
0.113396
0.117292
0.121013
0.130537
0.134308
0.137189
0.137187
0.134664
0.129991
0.123534
0.111559
0.102261
0.0921084
0.0813434
0.0701791
0.0539337
0.042492
0.031274
0.0265712
0.0228452
0.0182155
0.0186308
0.0192109
0.0251216
0.0297628
0.033134
0.0391941
0.0400155
0.039803
0.0387091
0.0392717
0.0437878
0.0433886
0.0423816
0.0408456
0.0388397
0.0404521
0.0376893
0.034721
0.0316095
0.0284389
0.0252787
0.0254978
0.0223851
0.0194087
0.0165899
0.0139472
0.0141708
0.0117744
0.00957435
0.00758858
0.00578628
0.00628385
0.0055562
0.00586358
0.0061913
0.00654104
0.00687031
0.00667939
0.0069728
0.0072396
0.00746198
0.0076763
0.00734399
0.00751223
0.00765258
0.00775357
0.00783675
0.00739601
0.0074284
0.00744652
0.00746389
0.00745816
0.00743343
0.00697403
0.00693294
0.00688991
0.00682942
0.00677582
0.00635996
0.0063273
0.00630755
0.00629427
0.0062919
0.00599787
0.0060483
0.00611146
0.00620432
0.00632409
0.00649118
0.00642977
0.00671453
0.00705946
0.00749724
0.00802219
0.00837397
0.00911811
0.0100063
0.0110441
0.0122539
0.0133234
0.0149225
0.0167621
0.0188575
0.0216483
0.025558
0.0295347
0.0344944
0.0400841
0.046318
0.0531993
0.0598054
0.0678325
0.0763666
0.0852915
0.0943917
0.102345
0.111036
0.118992
0.125814
0.131092
0.134441
0.135631
0.134809
0.131771
0.126701
0.119968
0.113052
0.104393
0.0953562
0.0863645
0.0777111
0.0706117
0.0631974
0.0566067
0.0508719
0.045985
0.0418737
0.0388591
0.0359835
0.0433452
0.0543599
0.0659549
0.0765292
0.0670536
0.0814145
0.0969321
0.10116
0.0962797
0.0889919
0.0788738
0.0670902
0.0544394
0.0497841
0.0482188
0.0485199
0.0484839
0.0479971
0.0469642
0.0430051
0.040746
0.0379108
0.0400256
0.0423059
0.0457212
0.0459604
0.0454617
0.0443626
0.0428068
0.040912
0.039723
0.037256
0.0347868
0.0323527
0.0299987
0.0276749
0.0253534
0.0232157
0.0212707
0.0194953
0.0170841
0.0155777
0.0142779
0.0131463
0.0121436
0.0112598
0.00910156
0.00844856
0.0089971
0.0103958
0.011736
0.0109395
0.0121677
0.0133349
0.0144127
0.0153833
0.0143895
0.0151903
0.0158712
0.0164261
0.016833
0.0171007
0.0187653
0.0200469
0.0212516
0.0223587
0.0233675
0.0246943
0.0254803
0.0261385
0.0266889
0.0271147
0.0278238
0.0279826
0.0280096
0.0279126
0.0276862
0.027359
0.0273071
0.0267554
0.0260943
0.0253321
0.024459
0.0238566
0.0227645
0.0215801
0.0202983
0.01891
0.0178205
0.0162685
0.0146288
0.012915
0.0111231
0.00927016
0.0079826
0.00735929
0.00676773
0.00651697
0.00772789
0.00938305
0.010719
0.0121171
0.0135628
0.0150241
0.0167463
0.0181869
0.0195976
0.0209372
0.0221783
0.0233108
0.0244963
0.0253006
0.0259141
0.0263008
0.0264406
0.0266048
0.0262384
0.0255819
0.0246491
0.0234267
0.0223105
0.0205516
0.0185167
0.0162246
0.0136854
0.0150407
0.0171865
0.0198609
0.0227465
0.0258319
0.0293613
0.0334813
0.038564
0.0438522
0.0549996
0.0613708
0.0672216
0.0670578
0.0633755
0.0630253
0.0618656
0.0596712
0.0555081
0.0522567
0.0488542
0.045414
0.0420092
0.0368851
0.033713
0.0307637
0.0280518
0.0255653
0.0226241
0.0215254
0.0204859
0.0208621
0.0227222
0.0242383
0.0266492
0.0275345
0.0281666
0.028564
0.0287233
0.0298078
0.0294994
0.0289935
0.0283065
0.0274501
0.0274771
0.0263034
0.0250013
0.0235838
0.0220921
0.0205112
0.0196954
0.0179559
0.0162034
0.0144575
0.0127499
0.01175
0.0100921
0.0084979
0.00714916
0.00611756
0.00739933
0.00714782
0.00690958
0.00666528
0.00639607
0.0061046
0.00699246
0.00660079
0.00618093
0.00574004
0.00527981
0.00582448
0.00531237
0.00483084
0.00485885
0.00500397
0.00502729
0.00510845
0.0051516
0.0051606
0.00513326
0.00507098
0.00494257
0.00479872
0.0046051
0.00438672
0.00415769
0.00391534
0.00363701
0.00332955
0.00300373
0.00295513
0.0026676
0.0026231
0.00256956
0.00282228
0.00314406
0.0034871
0.00387485
0.00423875
0.00460684
0.00497343
0.00533842
0.00571792
0.00606973
0.00638375
0.00664741
0.00720636
0.00772454
0.00828277
0.00878964
0.00929988
0.00981352
0.0103047
0.0107036
0.0111391
0.0134175
0.0161235
0.0191561
0.0221489
0.0258903
0.0300734
0.0347476
0.039958
0.045014
0.0513391
0.0583333
0.0660189
0.0770983
0.0861486
0.0949254
0.0979731
0.0947617
0.0869638
0.0760779
0.0614891
0.047823
0.0341363
0.0210264
0.00893414
0.00448513
0.0131437
0.0209383
0.0272067
0.0320341
0.0355237
0.0393214
0.0404385
0.0406213
0.0400203
0.0387785
0.0380438
0.0357788
0.0332383
0.0305055
0.0276659
0.0254622
0.0226308
0.019891
0.0182363
0.0169825
0.0157542
0.0135446
0.0123882
0.0113182
0.010346
0.00946808
0.00754797
0.00676182
0.00602847
0.00536329
0.00476944
0.00320226
0.00275564
0.00259316
0.00263914
0.0026786
0.00274101
0.00296372
0.00301298
0.00303864
0.00302529
0.00297594
0.00304237
0.00295085
0.0028725
0.00278836
0.00271797
0.00280151
0.00273865
0.00267768
0.00257859
0.00248739
0.00247988
0.00251067
0.00252175
0.0026499
0.00268874
0.00269261
0.00286862
0.00287205
0.00284588
0.00279436
0.0027092
0.00297052
0.00288005
0.00277637
0.0027145
0.00276859
0.00283083
0.00294533
0.00295679
0.00293531
0.00290948
0.00291243
0.00297597
0.00297166
0.00294979
0.00291274
0.00287685
0.00289711
0.00286621
0.00283656
0.00280662
0.00277346
0.00273685
0.00274011
0.00268331
0.00261353
0.00254889
0.00249118
0.00246061
0.00238921
0.00230658
0.00222425
0.00214101
0.00208659
0.00199285
0.00188664
0.00178628
0.00169806
0.00163959
0.00159833
0.00157611
0.00156379
0.00156617
0.00156803
0.00151929
0.00144841
0.00137107
0.00129752
0.00122404
0.000752583
0.00237967
0.0148568
0.026757
0.0346853
0.0352457
0.0372277
0.0375833
0.0368056
0.0352524
0.0273064
0.0281228
0.0310948
0.0340019
0.0413129
0.0478545
0.0563694
0.0608039
0.064159
0.0663494
0.0673431
0.0690117
0.0674798
0.0649922
0.0702401
0.0763381
0.0841817
0.0876212
0.08972
0.0904538
0.089866
0.088057
0.0960518
0.0981647
0.0990998
0.0988188
0.0973655
0.100914
0.0970768
0.0922924
0.0866783
0.0804421
0.0785178
0.0712209
0.0638943
0.0567827
0.0500366
0.0438043
0.0406078
0.0352716
0.0325997
0.0345725
0.039403
0.0428562
0.0474577
0.0516868
0.0552423
0.0580382
0.0593111
0.0604168
0.0606185
0.0599479
0.0585186
0.0564663
0.053883
0.0509652
0.0477472
0.0443324
0.0408553
0.0373796
0.0339774
0.0307047
0.027623
0.024762
0.0221518
0.0218606
0.0215335
0.0211665
0.0207324
0.0202548
0.020389
0.0197293
0.0190046
0.0182264
0.0174051
0.0170417
0.016085
0.0150691
0.014038
0.0129893
0.0122808
0.011157
0.0100251
0.00892569
0.00783306
0.00676863
0.0059679
0.00592527
0.00659324
0.00727193
0.00794198
0.00783215
0.00853217
0.00919175
0.00978436
0.0103332
0.0102455
0.0108598
0.0115157
0.0122027
0.0129004
0.0135219
0.0135531
0.0140923
0.0146529
0.0152038
0.0157235
0.01579
0.0162679
0.0167181
0.0170931
0.0173783
0.0172395
0.0173332
0.0172704
0.0170677
0.0167534
0.016335
0.0156154
0.014854
0.0156286
0.0178013
0.0201309
0.0222835
0.02492
0.0276295
0.0304395
0.0333413
0.0358619
0.0387978
0.0417082
0.0445623
0.0473386
0.0500244
0.0522306
0.0549421
0.0581822
0.061254
0.0932399
0.101925
0.113396
0.117292
0.121013
0.130537
0.134308
0.137189
0.137187
0.134664
0.129991
0.123534
0.111559
0.102261
0.0921084
0.0813434
0.0701791
0.0539337
0.042492
0.031274
0.0265712
0.0228452
0.0182155
0.0186308
0.0192109
0.0251216
0.0297628
0.033134
0.0391941
0.0400155
0.039803
0.0387091
0.0392717
0.0437878
0.0433886
0.0423816
0.0408456
0.0388397
0.0404521
0.0376893
0.034721
0.0316095
0.0284389
0.0252787
0.0254978
0.0223851
0.0194087
0.0165899
0.0139472
0.0141708
0.0117744
0.00957435
0.00758858
0.00578628
0.00628385
0.0055562
0.00586358
0.0061913
0.00654104
0.00687031
0.00667939
0.0069728
0.0072396
0.00746198
0.0076763
0.00734399
0.00751223
0.00765258
0.00775357
0.00783675
0.00739601
0.0074284
0.00744652
0.00746389
0.00745816
0.00743343
0.00697403
0.00693294
0.00688991
0.00682942
0.00677582
0.00635996
0.0063273
0.00630755
0.00629427
0.0062919
0.00599787
0.0060483
0.00611146
0.00620432
0.00632409
0.00649118
0.00642977
0.00671453
0.00705946
0.00749724
0.00802219
0.00837397
0.00911811
0.0100063
0.0110441
0.0122539
0.0133234
0.0149225
0.0167621
0.0188575
0.0216483
0.025558
0.0295347
0.0344944
0.0400841
0.046318
0.0531993
0.0598054
0.0678325
0.0763666
0.0852915
0.0943917
0.102345
0.111036
0.118992
0.125814
0.131092
0.134441
0.135631
0.134809
0.131771
0.126701
0.119968
0.113052
0.104393
0.0953562
0.0863645
0.0777111
0.0706117
0.0631974
0.0566067
0.0508719
0.045985
0.0418737
0.0388591
0.0359835
0.0433452
0.0543599
0.0659549
0.0765292
0.0670536
0.0814145
0.0969321
0.10116
0.0962797
0.0889919
0.0788738
0.0670902
0.0544394
0.0497841
0.0482188
0.0485199
0.0484839
0.0479971
0.0469642
0.0430051
0.040746
0.0379108
0.0400256
0.0423059
0.0457212
0.0459604
0.0454617
0.0443626
0.0428068
0.040912
0.039723
0.037256
0.0347868
0.0323527
0.0299987
0.0276749
0.0253534
0.0232157
0.0212707
0.0194953
0.0170841
0.0155777
0.0142779
0.0131463
0.0121436
0.0112598
0.00910156
0.00844856
0.0089971
0.0103958
0.011736
0.0109395
0.0121677
0.0133349
0.0144127
0.0153833
0.0143895
0.0151903
0.0158712
0.0164261
0.016833
0.0171007
0.0187653
0.0200469
0.0212516
0.0223587
0.0233675
0.0246943
0.0254803
0.0261385
0.0266889
0.0271147
0.0278238
0.0279826
0.0280096
0.0279126
0.0276862
0.027359
0.0273071
0.0267554
0.0260943
0.0253321
0.024459
0.0238566
0.0227645
0.0215801
0.0202983
0.01891
0.0178205
0.0162685
0.0146288
0.012915
0.0111231
0.00927016
0.0079826
0.00735929
0.00676773
0.00651697
0.00772789
0.00938305
0.010719
0.0121171
0.0135628
0.0150241
0.0167463
0.0181869
0.0195976
0.0209372
0.0221783
0.0233108
0.0244963
0.0253006
0.0259141
0.0263008
0.0264406
0.0266048
0.0262384
0.0255819
0.0246491
0.0234267
0.0223105
0.0205516
0.0185167
0.0162246
0.0136854
0.0150407
0.0171865
0.0198609
0.0227465
0.0258319
0.0293613
0.0334813
0.038564
0.0438522
0.0549996
0.0613708
0.0672216
0.0670578
0.0633755
0.0630253
0.0618656
0.0596712
0.0555081
0.0522567
0.0488542
0.045414
0.0420092
0.0368851
0.033713
0.0307637
0.0280518
0.0255653
0.0226241
0.0215254
0.0204859
0.0208621
0.0227222
0.0242383
0.0266492
0.0275345
0.0281666
0.028564
0.0287233
0.0298078
0.0294994
0.0289935
0.0283065
0.0274501
0.0274771
0.0263034
0.0250013
0.0235838
0.0220921
0.0205112
0.0196954
0.0179559
0.0162034
0.0144575
0.0127499
0.01175
0.0100921
0.0084979
0.00714916
0.00611756
0.00739933
0.00714782
0.00690958
0.00666528
0.00639607
0.0061046
0.00699246
0.00660079
0.00618093
0.00574004
0.00527981
0.00582448
0.00531237
0.00483084
0.00485885
0.00500397
0.00502729
0.00510845
0.0051516
0.0051606
0.00513326
0.00507098
0.00494257
0.00479872
0.0046051
0.00438672
0.00415769
0.00391534
0.00363701
0.00332955
0.00300373
0.00295513
0.0026676
0.0026231
0.00256956
0.00282228
0.00314406
0.0034871
0.00387485
0.00423875
0.00460684
0.00497343
0.00533842
0.00571792
0.00606973
0.00638375
0.00664741
0.00720636
0.00772454
0.00828277
0.00878964
0.00929988
0.00981352
0.0103047
0.0107036
0.0111391
0.0134175
0.0161235
0.0191561
0.0221489
0.0258903
0.0300734
0.0347476
0.039958
0.045014
0.0513391
0.0583333
0.0660189
0.0770983
0.0861486
0.0949254
0.0979731
0.0947617
0.0869638
0.0760779
0.0614891
0.047823
0.0341363
0.0210264
0.00893414
0.00448513
0.0131437
0.0209383
0.0272067
0.0320341
0.0355237
0.0393214
0.0404385
0.0406213
0.0400203
0.0387785
0.0380438
0.0357788
0.0332383
0.0305055
0.0276659
0.0254622
0.0226308
0.019891
0.0182363
0.0169825
0.0157542
0.0135446
0.0123882
0.0113182
0.010346
0.00946808
0.00754797
0.00676182
0.00602847
0.00536329
0.00476944
0.00320226
0.00275564
0.00259316
0.00263914
0.0026786
0.00274101
0.00296372
0.00301298
0.00303864
0.00302529
0.00297594
0.00304237
0.00295085
0.0028725
0.00278836
0.00271797
0.00280151
0.00273865
0.00267768
0.00257859
0.00248739
0.00247988
0.00251067
0.00252175
0.0026499
0.00268874
0.00269261
0.00286862
0.00287205
0.00284588
0.00279436
0.0027092
0.00297052
0.00288005
0.00277637
0.0027145
0.00276859
0.00283083
0.00294533
0.00295679
0.00293531
0.00290948
0.00291243
0.00297597
0.00297166
0.00294979
0.00291274
0.00287685
0.00289711
0.00286621
0.00283656
0.00280662
0.00277346
0.00273685
0.00274011
0.00268331
0.00261353
0.00254889
0.00249118
0.00246061
0.00238921
0.00230658
0.00222425
0.00214101
0.00208659
0.00199285
0.00188664
0.00178628
0.00169806
0.00163959
0.00159833
0.00157611
0.00156379
0.00156617
0.00156803
0.00151929
0.00144841
0.00137107
0.00129752
0.00122404
0.000752583
0.00237967
0.0148568
0.026757
0.0346853
0.0352457
0.0372277
0.0375833
0.0368056
0.0352524
0.0273064
0.0281228
0.0310948
0.0340019
0.0413129
0.0478545
0.0563694
0.0608039
0.064159
0.0663494
0.0673431
0.0690117
0.0674798
0.0649922
0.0702401
0.0763381
0.0841817
0.0876212
0.08972
0.0904538
0.089866
0.088057
0.0960518
0.0981647
0.0990998
0.0988188
0.0973655
0.100914
0.0970768
0.0922924
0.0866783
0.0804421
0.0785178
0.0712209
0.0638943
0.0567827
0.0500366
0.0438043
0.0406078
0.0352716
0.0325997
0.0345725
0.039403
0.0428562
0.0474577
0.0516868
0.0552423
0.0580382
0.0593111
0.0604168
0.0606185
0.0599479
0.0585186
0.0564663
0.053883
0.0509652
0.0477472
0.0443324
0.0408553
0.0373796
0.0339774
0.0307047
0.027623
0.024762
0.0221518
0.0218606
0.0215335
0.0211665
0.0207324
0.0202548
0.020389
0.0197293
0.0190046
0.0182264
0.0174051
0.0170417
0.016085
0.0150691
0.014038
0.0129893
0.0122808
0.011157
0.0100251
0.00892569
0.00783306
0.00676863
0.0059679
0.00592527
0.00659324
0.00727193
0.00794198
0.00783215
0.00853217
0.00919175
0.00978436
0.0103332
0.0102455
0.0108598
0.0115157
0.0122027
0.0129004
0.0135219
0.0135531
0.0140923
0.0146529
0.0152038
0.0157235
0.01579
0.0162679
0.0167181
0.0170931
0.0173783
0.0172395
0.0173332
0.0172704
0.0170677
0.0167534
0.016335
0.0156154
0.014854
0.0156286
0.0178013
0.0201309
0.0222835
0.02492
0.0276295
0.0304395
0.0333413
0.0358619
0.0387978
0.0417082
0.0445623
0.0473386
0.0500244
0.0522306
0.0549421
0.0581822
0.061254
0.0932399
0.101925
0.113396
0.117292
0.121013
0.130537
0.134308
0.137189
0.137187
0.134664
0.129991
0.123534
0.111559
0.102261
0.0921084
0.0813434
0.0701791
0.0539337
0.042492
0.031274
0.0265712
0.0228452
0.0182155
0.0186308
0.0192109
0.0251216
0.0297628
0.033134
0.0391941
0.0400155
0.039803
0.0387091
0.0392717
0.0437878
0.0433886
0.0423816
0.0408456
0.0388397
0.0404521
0.0376893
0.034721
0.0316095
0.0284389
0.0252787
0.0254978
0.0223851
0.0194087
0.0165899
0.0139472
0.0141708
0.0117744
0.00957435
0.00758858
0.00578628
0.00628385
0.0055562
0.00586358
0.0061913
0.00654104
0.00687031
0.00667939
0.0069728
0.0072396
0.00746198
0.0076763
0.00734399
0.00751223
0.00765258
0.00775357
0.00783675
0.00739601
0.0074284
0.00744652
0.00746389
0.00745816
0.00743343
0.00697403
0.00693294
0.00688991
0.00682942
0.00677582
0.00635996
0.0063273
0.00630755
0.00629427
0.0062919
0.00599787
0.0060483
0.00611146
0.00620432
0.00632409
0.00649118
0.00642977
0.00671453
0.00705946
0.00749724
0.00802219
0.00837397
0.00911811
0.0100063
0.0110441
0.0122539
0.0133234
0.0149225
0.0167621
0.0188575
0.0216483
0.025558
0.0295347
0.0344944
0.0400841
0.046318
0.0531993
0.0598054
0.0678325
0.0763666
0.0852915
0.0943917
0.102345
0.111036
0.118992
0.125814
0.131092
0.134441
0.135631
0.134809
0.131771
0.126701
0.119968
0.113052
0.104393
0.0953562
0.0863645
0.0777111
0.0706117
0.0631974
0.0566067
0.0508719
0.045985
0.0418737
0.0388591
0.0359835
0.0433452
0.0543599
0.0659549
0.0765292
0.0670536
0.0814145
0.0969321
0.10116
0.0962797
0.0889919
0.0788738
0.0670902
0.0544394
0.0497841
0.0482188
0.0485199
0.0484839
0.0479971
0.0469642
0.0430051
0.040746
0.0379108
0.0400256
0.0423059
0.0457212
0.0459604
0.0454617
0.0443626
0.0428068
0.040912
0.039723
0.037256
0.0347868
0.0323527
0.0299987
0.0276749
0.0253534
0.0232157
0.0212707
0.0194953
0.0170841
0.0155777
0.0142779
0.0131463
0.0121436
0.0112598
0.00910156
0.00844856
0.0089971
0.0103958
0.011736
0.0109395
0.0121677
0.0133349
0.0144127
0.0153833
0.0143895
0.0151903
0.0158712
0.0164261
0.016833
0.0171007
0.0187653
0.0200469
0.0212516
0.0223587
0.0233675
0.0246943
0.0254803
0.0261385
0.0266889
0.0271147
0.0278238
0.0279826
0.0280096
0.0279126
0.0276862
0.027359
0.0273071
0.0267554
0.0260943
0.0253321
0.024459
0.0238566
0.0227645
0.0215801
0.0202983
0.01891
0.0178205
0.0162685
0.0146288
0.012915
0.0111231
0.00927016
0.0079826
0.00735929
0.00676773
0.00651697
0.00772789
0.00938305
0.010719
0.0121171
0.0135628
0.0150241
0.0167463
0.0181869
0.0195976
0.0209372
0.0221783
0.0233108
0.0244963
0.0253006
0.0259141
0.0263008
0.0264406
0.0266048
0.0262384
0.0255819
0.0246491
0.0234267
0.0223105
0.0205516
0.0185167
0.0162246
0.0136854
0.0150407
0.0171865
0.0198609
0.0227465
0.0258319
0.0293613
0.0334813
0.038564
0.0438522
0.0549996
0.0613708
0.0672216
0.0670578
0.0633755
0.0630253
0.0618656
0.0596712
0.0555081
0.0522567
0.0488542
0.045414
0.0420092
0.0368851
0.033713
0.0307637
0.0280518
0.0255653
0.0226241
0.0215254
0.0204859
0.0208621
0.0227222
0.0242383
0.0266492
0.0275345
0.0281666
0.028564
0.0287233
0.0298078
0.0294994
0.0289935
0.0283065
0.0274501
0.0274771
0.0263034
0.0250013
0.0235838
0.0220921
0.0205112
0.0196954
0.0179559
0.0162034
0.0144575
0.0127499
0.01175
0.0100921
0.0084979
0.00714916
0.00611756
0.00739933
0.00714782
0.00690958
0.00666528
0.00639607
0.0061046
0.00699246
0.00660079
0.00618093
0.00574004
0.00527981
0.00582448
0.00531237
0.00483084
0.00485885
0.00500397
0.00502729
0.00510845
0.0051516
0.0051606
0.00513326
0.00507098
0.00494257
0.00479872
0.0046051
0.00438672
0.00415769
0.00391534
0.00363701
0.00332955
0.00300373
0.00295513
0.0026676
0.0026231
0.00256956
0.00282228
0.00314406
0.0034871
0.00387485
0.00423875
0.00460684
0.00497343
0.00533842
0.00571792
0.00606973
0.00638375
0.00664741
0.00720636
0.00772454
0.00828277
0.00878964
0.00929988
0.00981352
0.0103047
0.0107036
0.0111391
0.0134175
0.0161235
0.0191561
0.0221489
0.0258903
0.0300734
0.0347476
0.039958
0.045014
0.0513391
0.0583333
0.0660189
0.0770983
0.0861486
0.0949254
0.0979731
0.0947617
0.0869638
0.0760779
0.0614891
0.047823
0.0341363
0.0210264
0.00893414
0.00448513
0.0131437
0.0209383
0.0272067
0.0320341
0.0355237
0.0393214
0.0404385
0.0406213
0.0400203
0.0387785
0.0380438
0.0357788
0.0332383
0.0305055
0.0276659
0.0254622
0.0226308
0.019891
0.0182363
0.0169825
0.0157542
0.0135446
0.0123882
0.0113182
0.010346
0.00946808
0.00754797
0.00676182
0.00602847
0.00536329
0.00476944
0.00320226
0.00275564
0.00259316
0.00263914
0.0026786
0.00274101
0.00296372
0.00301298
0.00303864
0.00302529
0.00297594
0.00304237
0.00295085
0.0028725
0.00278836
0.00271797
0.00280151
0.00273865
0.00267768
0.00257859
0.00248739
0.00247988
0.00251067
0.00252175
0.0026499
0.00268874
0.00269261
0.00286862
0.00287205
0.00284588
0.00279436
0.0027092
0.00297052
0.00288005
0.00277637
0.0027145
0.00276859
0.00283083
0.00294533
0.00295679
0.00293531
0.00290948
0.00291243
0.00297597
0.00297166
0.00294979
0.00291274
0.00287685
0.00289711
0.00286621
0.00283656
0.00280662
0.00277346
0.00273685
0.00274011
0.00268331
0.00261353
0.00254889
0.00249118
0.00246061
0.00238921
0.00230658
0.00222425
0.00214101
0.00208659
0.00199285
0.00188664
0.00178628
0.00169806
0.00163959
0.00159833
0.00157611
0.00156379
0.00156617
0.00156803
0.00151929
0.00144841
0.00137107
0.00129752
0.00122404
0.000752583
0.00237967
0.0148568
0.026757
0.0346853
0.0352457
0.0372277
0.0375833
0.0368056
0.0352524
0.0273064
0.0281228
0.0310948
0.0340019
0.0413129
0.0478545
0.0563694
0.0608039
0.064159
0.0663494
0.0673431
0.0690117
0.0674798
0.0649922
0.0702401
0.0763381
0.0841817
0.0876212
0.08972
0.0904538
0.089866
0.088057
0.0960518
0.0981647
0.0990998
0.0988188
0.0973655
0.100914
0.0970768
0.0922924
0.0866783
0.0804421
0.0785178
0.0712209
0.0638943
0.0567827
0.0500366
0.0438043
0.0406078
0.0352716
0.0325997
0.0345725
0.039403
0.0428562
0.0474577
0.0516868
0.0552423
0.0580382
0.0593111
0.0604168
0.0606185
0.0599479
0.0585186
0.0564663
0.053883
0.0509652
0.0477472
0.0443324
0.0408553
0.0373796
0.0339774
0.0307047
0.027623
0.024762
0.0221518
0.0218606
0.0215335
0.0211665
0.0207324
0.0202548
0.020389
0.0197293
0.0190046
0.0182264
0.0174051
0.0170417
0.016085
0.0150691
0.014038
0.0129893
0.0122808
0.011157
0.0100251
0.00892569
0.00783306
0.00676863
0.0059679
0.00592527
0.00659324
0.00727193
0.00794198
0.00783215
0.00853217
0.00919175
0.00978436
0.0103332
0.0102455
0.0108598
0.0115157
0.0122027
0.0129004
0.0135219
0.0135531
0.0140923
0.0146529
0.0152038
0.0157235
0.01579
0.0162679
0.0167181
0.0170931
0.0173783
0.0172395
0.0173332
0.0172704
0.0170677
0.0167534
0.016335
0.0156154
0.014854
0.0156286
0.0178013
0.0201309
0.0222835
0.02492
0.0276295
0.0304395
0.0333413
0.0358619
0.0387978
0.0417082
0.0445623
0.0473386
0.0500244
0.0522306
0.0549421
0.0581822
0.061254
0.0932399
0.101925
0.113396
0.117292
0.121013
0.130537
0.134308
0.137189
0.137187
0.134664
0.129991
0.123534
0.111559
0.102261
0.0921084
0.0813434
0.0701791
0.0539337
0.042492
0.031274
0.0265712
0.0228452
0.0182155
0.0186308
0.0192109
0.0251216
0.0297628
0.033134
0.0391941
0.0400155
0.039803
0.0387091
0.0392717
0.0437878
0.0433886
0.0423816
0.0408456
0.0388397
0.0404521
0.0376893
0.034721
0.0316095
0.0284389
0.0252787
0.0254978
0.0223851
0.0194087
0.0165899
0.0139472
0.0141708
0.0117744
0.00957435
0.00758858
0.00578628
0.00628385
0.0055562
0.00586358
0.0061913
0.00654104
0.00687031
0.00667939
0.0069728
0.0072396
0.00746198
0.0076763
0.00734399
0.00751223
0.00765258
0.00775357
0.00783675
0.00739601
0.0074284
0.00744652
0.00746389
0.00745816
0.00743343
0.00697403
0.00693294
0.00688991
0.00682942
0.00677582
0.00635996
0.0063273
0.00630755
0.00629427
0.0062919
0.00599787
0.0060483
0.00611146
0.00620432
0.00632409
0.00649118
0.00642977
0.00671453
0.00705946
0.00749724
0.00802219
0.00837397
0.00911811
0.0100063
0.0110441
0.0122539
0.0133234
0.0149225
0.0167621
0.0188575
0.0216483
0.025558
0.0295347
0.0344944
0.0400841
0.046318
0.0531993
0.0598054
0.0678325
0.0763666
0.0852915
0.0943917
0.102345
0.111036
0.118992
0.125814
0.131092
0.134441
0.135631
0.134809
0.131771
0.126701
0.119968
0.113052
0.104393
0.0953562
0.0863645
0.0777111
0.0706117
0.0631974
0.0566067
0.0508719
0.045985
0.0418737
0.0388591
0.0359835
0.0433452
0.0543599
0.0659549
0.0765292
0.0670536
0.0814145
0.0969321
0.10116
0.0962797
0.0889919
0.0788738
0.0670902
0.0544394
0.0497841
0.0482188
0.0485199
0.0484839
0.0479971
0.0469642
0.0430051
0.040746
0.0379108
0.0400256
0.0423059
0.0457212
0.0459604
0.0454617
0.0443626
0.0428068
0.040912
0.039723
0.037256
0.0347868
0.0323527
0.0299987
0.0276749
0.0253534
0.0232157
0.0212707
0.0194953
0.0170841
0.0155777
0.0142779
0.0131463
0.0121436
0.0112598
0.00910156
0.00844856
0.0089971
0.0103958
0.011736
0.0109395
0.0121677
0.0133349
0.0144127
0.0153833
0.0143895
0.0151903
0.0158712
0.0164261
0.016833
0.0171007
0.0187653
0.0200469
0.0212516
0.0223587
0.0233675
0.0246943
0.0254803
0.0261385
0.0266889
0.0271147
0.0278238
0.0279826
0.0280096
0.0279126
0.0276862
0.027359
0.0273071
0.0267554
0.0260943
0.0253321
0.024459
0.0238566
0.0227645
0.0215801
0.0202983
0.01891
0.0178205
0.0162685
0.0146288
0.012915
0.0111231
0.00927016
0.0079826
0.00735929
0.00676773
0.00651697
0.00772789
0.00938305
0.010719
0.0121171
0.0135628
0.0150241
0.0167463
0.0181869
0.0195976
0.0209372
0.0221783
0.0233108
0.0244963
0.0253006
0.0259141
0.0263008
0.0264406
0.0266048
0.0262384
0.0255819
0.0246491
0.0234267
0.0223105
0.0205516
0.0185167
0.0162246
0.0136854
0.0150407
0.0171865
0.0198609
0.0227465
0.0258319
0.0293613
0.0334813
0.038564
0.0438522
0.0549996
0.0613708
0.0672216
0.0670578
0.0633755
0.0630253
0.0618656
0.0596712
0.0555081
0.0522567
0.0488542
0.045414
0.0420092
0.0368851
0.033713
0.0307637
0.0280518
0.0255653
0.0226241
0.0215254
0.0204859
0.0208621
0.0227222
0.0242383
0.0266492
0.0275345
0.0281666
0.028564
0.0287233
0.0298078
0.0294994
0.0289935
0.0283065
0.0274501
0.0274771
0.0263034
0.0250013
0.0235838
0.0220921
0.0205112
0.0196954
0.0179559
0.0162034
0.0144575
0.0127499
0.01175
0.0100921
0.0084979
0.00714916
0.00611756
0.00739933
0.00714782
0.00690958
0.00666528
0.00639607
0.0061046
0.00699246
0.00660079
0.00618093
0.00574004
0.00527981
0.00582448
0.00531237
0.00483084
0.00485885
0.00500397
0.00502729
0.00510845
0.0051516
0.0051606
0.00513326
0.00507098
0.00494257
0.00479872
0.0046051
0.00438672
0.00415769
0.00391534
0.00363701
0.00332955
0.00300373
0.00295513
0.0026676
0.0026231
0.00256956
0.00282228
0.00314406
0.0034871
0.00387485
0.00423875
0.00460684
0.00497343
0.00533842
0.00571792
0.00606973
0.00638375
0.00664741
0.00720636
0.00772454
0.00828277
0.00878964
0.00929988
0.00981352
0.0103047
0.0107036
0.0111391
0.0134175
0.0161235
0.0191561
0.0221489
0.0258903
0.0300734
0.0347476
0.039958
0.045014
0.0513391
0.0583333
0.0660189
0.0770983
0.0861486
0.0949254
0.0979731
0.0947617
0.0869638
0.0760779
0.0614891
0.047823
0.0341363
0.0210264
0.00893414
0.00448513
0.0131437
0.0209383
0.0272067
0.0320341
0.0355237
0.0393214
0.0404385
0.0406213
0.0400203
0.0387785
0.0380438
0.0357788
0.0332383
0.0305055
0.0276659
0.0254622
0.0226308
0.019891
0.0182363
0.0169825
0.0157542
0.0135446
0.0123882
0.0113182
0.010346
0.00946808
0.00754797
0.00676182
0.00602847
0.00536329
0.00476944
0.00320226
0.00275564
0.00259316
0.00263914
0.0026786
0.00274101
0.00296372
0.00301298
0.00303864
0.00302529
0.00297594
0.00304237
0.00295085
0.0028725
0.00278836
0.00271797
0.00280151
0.00273865
0.00267768
0.00257859
0.00248739
0.00247988
0.00251067
0.00252175
0.0026499
0.00268874
0.00269261
0.00286862
0.00287205
0.00284588
0.00279436
0.0027092
0.00297052
0.00288005
0.00277637
0.0027145
0.00276859
0.00283083
0.00294533
0.00295679
0.00293531
0.00290948
0.00291243
0.00297597
0.00297166
0.00294979
0.00291274
0.00287685
0.00289711
0.00286621
0.00283656
0.00280662
0.00277346
0.00273685
0.00274011
0.00268331
0.00261353
0.00254889
0.00249118
0.00246061
0.00238921
0.00230658
0.00222425
0.00214101
0.00208659
0.00199285
0.00188664
0.00178628
0.00169806
0.00163959
0.00159833
0.00157611
0.00156379
0.00156617
0.00156803
0.00151929
0.00144841
0.00137107
0.00129752
0.00122404
0.000752583
0.00237967
0.0148568
0.026757
0.0346853
0.0352457
0.0372277
0.0375833
0.0368056
0.0352524
0.0273064
0.0281228
0.0310948
0.0340019
0.0413129
0.0478545
0.0563694
0.0608039
0.064159
0.0663494
0.0673431
0.0690117
0.0674798
0.0649922
0.0702401
0.0763381
0.0841817
0.0876212
0.08972
0.0904538
0.089866
0.088057
0.0960518
0.0981647
0.0990998
0.0988188
0.0973655
0.100914
0.0970768
0.0922924
0.0866783
0.0804421
0.0785178
0.0712209
0.0638943
0.0567827
0.0500366
0.0438043
0.0406078
0.0352716
0.0325997
0.0345725
0.039403
0.0428562
0.0474577
0.0516868
0.0552423
0.0580382
0.0593111
0.0604168
0.0606185
0.0599479
0.0585186
0.0564663
0.053883
0.0509652
0.0477472
0.0443324
0.0408553
0.0373796
0.0339774
0.0307047
0.027623
0.024762
0.0221518
0.0218606
0.0215335
0.0211665
0.0207324
0.0202548
0.020389
0.0197293
0.0190046
0.0182264
0.0174051
0.0170417
0.016085
0.0150691
0.014038
0.0129893
0.0122808
0.011157
0.0100251
0.00892569
0.00783306
0.00676863
0.0059679
0.00592527
0.00659324
0.00727193
0.00794198
0.00783215
0.00853217
0.00919175
0.00978436
0.0103332
0.0102455
0.0108598
0.0115157
0.0122027
0.0129004
0.0135219
0.0135531
0.0140923
0.0146529
0.0152038
0.0157235
0.01579
0.0162679
0.0167181
0.0170931
0.0173783
0.0172395
0.0173332
0.0172704
0.0170677
0.0167534
0.016335
0.0156154
0.014854
0.0156286
0.0178013
0.0201309
0.0222835
0.02492
0.0276295
0.0304395
0.0333413
0.0358619
0.0387978
0.0417082
0.0445623
0.0473386
0.0500244
0.0522306
0.0549421
0.0581822
0.061254
0.0932399
0.101925
0.113396
0.117292
0.121013
0.130537
0.134308
0.137189
0.137187
0.134664
0.129991
0.123534
0.111559
0.102261
0.0921084
0.0813434
0.0701791
0.0539337
0.042492
0.031274
0.0265712
0.0228452
0.0182155
0.0186308
0.0192109
0.0251216
0.0297628
0.033134
0.0391941
0.0400155
0.039803
0.0387091
0.0392717
0.0437878
0.0433886
0.0423816
0.0408456
0.0388397
0.0404521
0.0376893
0.034721
0.0316095
0.0284389
0.0252787
0.0254978
0.0223851
0.0194087
0.0165899
0.0139472
0.0141708
0.0117744
0.00957435
0.00758858
0.00578628
0.00628385
0.0055562
0.00586358
0.0061913
0.00654104
0.00687031
0.00667939
0.0069728
0.0072396
0.00746198
0.0076763
0.00734399
0.00751223
0.00765258
0.00775357
0.00783675
0.00739601
0.0074284
0.00744652
0.00746389
0.00745816
0.00743343
0.00697403
0.00693294
0.00688991
0.00682942
0.00677582
0.00635996
0.0063273
0.00630755
0.00629427
0.0062919
0.00599787
0.0060483
0.00611146
0.00620432
0.00632409
0.00649118
0.00642977
0.00671453
0.00705946
0.00749724
0.00802219
0.00837397
0.00911811
0.0100063
0.0110441
0.0122539
0.0133234
0.0149225
0.0167621
0.0188575
0.0216483
0.025558
0.0295347
0.0344944
0.0400841
0.046318
0.0531993
0.0598054
0.0678325
0.0763666
0.0852915
0.0943917
0.102345
0.111036
0.118992
0.125814
0.131092
0.134441
0.135631
0.134809
0.131771
0.126701
0.119968
0.113052
0.104393
0.0953562
0.0863645
0.0777111
0.0706117
0.0631974
0.0566067
0.0508719
0.045985
0.0418737
0.0388591
0.0359835
0.0433452
0.0543599
0.0659549
0.0765292
0.0670536
0.0814145
0.0969321
0.10116
0.0962797
0.0889919
0.0788738
0.0670902
0.0544394
0.0497841
0.0482188
0.0485199
0.0484839
0.0479971
0.0469642
0.0430051
0.040746
0.0379108
0.0400256
0.0423059
0.0457212
0.0459604
0.0454617
0.0443626
0.0428068
0.040912
0.039723
0.037256
0.0347868
0.0323527
0.0299987
0.0276749
0.0253534
0.0232157
0.0212707
0.0194953
0.0170841
0.0155777
0.0142779
0.0131463
0.0121436
0.0112598
0.00910156
0.00844856
0.0089971
0.0103958
0.011736
0.0109395
0.0121677
0.0133349
0.0144127
0.0153833
0.0143895
0.0151903
0.0158712
0.0164261
0.016833
0.0171007
0.0187653
0.0200469
0.0212516
0.0223587
0.0233675
0.0246943
0.0254803
0.0261385
0.0266889
0.0271147
0.0278238
0.0279826
0.0280096
0.0279126
0.0276862
0.027359
0.0273071
0.0267554
0.0260943
0.0253321
0.024459
0.0238566
0.0227645
0.0215801
0.0202983
0.01891
0.0178205
0.0162685
0.0146288
0.012915
0.0111231
0.00927016
0.0079826
0.00735929
0.00676773
0.00651697
0.00772789
0.00938305
0.010719
0.0121171
0.0135628
0.0150241
0.0167463
0.0181869
0.0195976
0.0209372
0.0221783
0.0233108
0.0244963
0.0253006
0.0259141
0.0263008
0.0264406
0.0266048
0.0262384
0.0255819
0.0246491
0.0234267
0.0223105
0.0205516
0.0185167
0.0162246
0.0136854
0.0150407
0.0171865
0.0198609
0.0227465
0.0258319
0.0293613
0.0334813
0.038564
0.0438522
0.0549996
0.0613708
0.0672216
0.0670578
0.0633755
0.0630253
0.0618656
0.0596712
0.0555081
0.0522567
0.0488542
0.045414
0.0420092
0.0368851
0.033713
0.0307637
0.0280518
0.0255653
0.0226241
0.0215254
0.0204859
0.0208621
0.0227222
0.0242383
0.0266492
0.0275345
0.0281666
0.028564
0.0287233
0.0298078
0.0294994
0.0289935
0.0283065
0.0274501
0.0274771
0.0263034
0.0250013
0.0235838
0.0220921
0.0205112
0.0196954
0.0179559
0.0162034
0.0144575
0.0127499
0.01175
0.0100921
0.0084979
0.00714916
0.00611756
0.00739933
0.00714782
0.00690958
0.00666528
0.00639607
0.0061046
0.00699246
0.00660079
0.00618093
0.00574004
0.00527981
0.00582448
0.00531237
0.00483084
0.00485885
0.00500397
0.00502729
0.00510845
0.0051516
0.0051606
0.00513326
0.00507098
0.00494257
0.00479872
0.0046051
0.00438672
0.00415769
0.00391534
0.00363701
0.00332955
0.00300373
0.00295513
0.0026676
0.0026231
0.00256956
0.00282228
0.00314406
0.0034871
0.00387485
0.00423875
0.00460684
0.00497343
0.00533842
0.00571792
0.00606973
0.00638375
0.00664741
0.00720636
0.00772454
0.00828277
0.00878964
0.00929988
0.00981352
0.0103047
0.0107036
0.0111391
0.0134175
0.0161235
0.0191561
0.0221489
0.0258903
0.0300734
0.0347476
0.039958
0.045014
0.0513391
0.0583333
0.0660189
0.0770983
0.0861486
0.0949254
0.0979731
0.0947617
0.0869638
0.0760779
0.0614891
0.047823
0.0341363
0.0210264
0.00893414
0.00448513
0.0131437
0.0209383
0.0272067
0.0320341
0.0355237
0.0393214
0.0404385
0.0406213
0.0400203
0.0387785
0.0380438
0.0357788
0.0332383
0.0305055
0.0276659
0.0254622
0.0226308
0.019891
0.0182363
0.0169825
0.0157542
0.0135446
0.0123882
0.0113182
0.010346
0.00946808
0.00754797
0.00676182
0.00602847
0.00536329
0.00476944
0.00320226
0.00275564
0.00259316
0.00263914
0.0026786
0.00274101
0.00296372
0.00301298
0.00303864
0.00302529
0.00297594
0.00304237
0.00295085
0.0028725
0.00278836
0.00271797
0.00280151
0.00273865
0.00267768
0.00257859
0.00248739
0.00247988
0.00251067
0.00252175
0.0026499
0.00268874
0.00269261
0.00286862
0.00287205
0.00284588
0.00279436
0.0027092
0.00297052
0.00288005
0.00277637
0.0027145
0.00276859
0.00283083
0.00294533
0.00295679
0.00293531
0.00290948
0.00291243
0.00297597
0.00297166
0.00294979
0.00291274
0.00287685
0.00289711
0.00286621
0.00283656
0.00280662
0.00277346
0.00273685
0.00274011
0.00268331
0.00261353
0.00254889
0.00249118
0.00246061
0.00238921
0.00230658
0.00222425
0.00214101
0.00208659
0.00199285
0.00188664
0.00178628
0.00169806
0.00163959
0.00159833
0.00157611
0.00156379
0.00156617
0.00156803
0.00151929
0.00144841
0.00137107
0.00129752
0.00122404
0.000752583
0.00237967
0.0148568
0.026757
0.0346853
0.0352457
0.0372277
0.0375809
0.0367945
0.0351953
0.0271292
0.0274877
0.0300849
0.0335832
0.0409482
0.0475757
0.0561628
0.0606491
0.0640043
0.0661825
0.0671356
0.0687751
0.067256
0.0648282
0.0694538
0.0754442
0.0832331
0.086656
0.0887701
0.0895408
0.0890038
0.0872625
0.094718
0.0967168
0.0975675
0.097268
0.0958298
0.0994325
0.0956979
0.0910576
0.0856097
0.0795042
0.0776746
0.0705128
0.0633013
0.0562672
0.0496238
0.0434533
0.0402929
0.0349195
0.0325491
0.0353366
0.0399626
0.0432852
0.0478413
0.0519938
0.0555381
0.058371
0.0597184
0.0609366
0.061212
0.0606292
0.0592704
0.0572854
0.054745
0.0518765
0.0487188
0.0453772
0.0419881
0.0386027
0.0352991
0.0321136
0.0291039
0.0262863
0.0235131
0.0210085
0.0202806
0.0198661
0.0193934
0.0188809
0.0189906
0.0183131
0.017584
0.0168131
0.0159964
0.0156348
0.0147096
0.0137597
0.0127862
0.0117999
0.0111881
0.0101855
0.00918092
0.00817703
0.00716498
0.00620759
0.00551879
0.00594503
0.00669035
0.00741476
0.00809853
0.00794734
0.0085956
0.00926103
0.00991169
0.0105431
0.0105119
0.0111896
0.0118993
0.0125642
0.0131994
0.0138653
0.0139342
0.014503
0.0150234
0.0154985
0.0159131
0.0158761
0.0162031
0.0164543
0.0166252
0.0166993
0.0164133
0.0163677
0.0162535
0.0160357
0.0157028
0.0152405
0.0145057
0.0137736
0.0149325
0.0171474
0.0194742
0.0215368
0.0240859
0.0267351
0.0294867
0.0323051
0.0347653
0.0376698
0.0405975
0.0435152
0.0463675
0.0491417
0.0514383
0.0545583
0.0578023
0.060868
0.0932467
0.101853
0.113217
0.117025
0.120821
0.130254
0.133908
0.136643
0.136497
0.133826
0.129035
0.122517
0.110545
0.101329
0.0913344
0.0807956
0.0699159
0.0539354
0.042795
0.0319036
0.0271938
0.0235592
0.018795
0.019352
0.0192743
0.023121
0.0276664
0.0309666
0.0369816
0.0377692
0.0375416
0.0364513
0.0358137
0.0403129
0.0399231
0.0389573
0.0374739
0.035499
0.0371443
0.0344262
0.0315195
0.0284957
0.0254403
0.0224206
0.022779
0.0198371
0.0170406
0.0144135
0.0119836
0.0124022
0.0102322
0.00824887
0.00646298
0.00609788
0.00604115
0.00632431
0.00665128
0.00697227
0.00729269
0.0075943
0.00737569
0.00763167
0.00786078
0.00805277
0.00823432
0.0078558
0.00796901
0.0080557
0.00810505
0.00813755
0.00765391
0.00763597
0.0075886
0.00753409
0.00745367
0.00736122
0.00684634
0.00674308
0.00664141
0.00652475
0.00641679
0.00595335
0.00586609
0.00579092
0.00572191
0.00567084
0.00533692
0.00534131
0.00537504
0.0054484
0.00555753
0.00572329
0.00566827
0.00596688
0.00633126
0.00679132
0.00734072
0.00771539
0.00848616
0.0094013
0.010467
0.0117052
0.0128003
0.0144297
0.0163013
0.0192635
0.022797
0.0268276
0.0309221
0.0360292
0.0417781
0.0481796
0.0552319
0.0619844
0.0701646
0.0788241
0.08783
0.0969488
0.104851
0.113392
0.121084
0.127525
0.132312
0.135082
0.135721
0.134262
0.130624
0.125033
0.117889
0.110713
0.101876
0.0927767
0.0838216
0.0752817
0.068329
0.0611162
0.0547471
0.0492401
0.0445755
0.0406733
0.0378257
0.0351192
0.0443613
0.0553223
0.0668519
0.0773632
0.0678125
0.082099
0.0975465
0.101705
0.0967767
0.0894404
0.0793243
0.0676022
0.0550306
0.050567
0.0489767
0.0492278
0.049123
0.048562
0.0474488
0.0433976
0.041057
0.0381682
0.0397288
0.0417107
0.0446482
0.0449063
0.0444315
0.0433819
0.0418648
0.0400458
0.0389501
0.0365698
0.0341295
0.031679
0.0292888
0.0269434
0.0246021
0.0224412
0.0204851
0.0187312
0.0163087
0.0148144
0.0134962
0.0123444
0.0113683
0.0105497
0.00845096
0.00810429
0.00952186
0.0108758
0.0121602
0.0112973
0.0124643
0.013564
0.0145667
0.015478
0.0144263
0.0151529
0.015764
0.0162577
0.0165983
0.0168046
0.0179463
0.0191603
0.0202974
0.0213475
0.0223143
0.0236037
0.0243507
0.0249698
0.0254678
0.0258375
0.0265048
0.026614
0.0266062
0.0264809
0.0262276
0.0258782
0.0258106
0.0252362
0.0245482
0.0237559
0.0228682
0.0222585
0.0211548
0.0199516
0.0186559
0.0172488
0.0161313
0.0145469
0.0128732
0.0111269
0.00930524
0.00743083
0.0067598
0.00615047
0.00605495
0.00731068
0.00864395
0.0104064
0.0118614
0.0133731
0.0149269
0.0164907
0.0182974
0.019828
0.0213205
0.0227325
0.0240364
0.0252208
0.026443
0.0272774
0.0279084
0.0282992
0.0284296
0.0285738
0.0281713
0.0274654
0.0264698
0.0251726
0.0239814
0.0221278
0.0199898
0.0175873
0.0149323
0.014563
0.0167562
0.0195146
0.0225195
0.0257621
0.0292161
0.0329137
0.0380746
0.0434377
0.0546529
0.0610864
0.0669881
0.0668827
0.0632629
0.0626688
0.0613576
0.0589531
0.0545413
0.0509364
0.0471142
0.043225
0.0393773
0.0338647
0.0314381
0.0296598
0.0279373
0.0262956
0.0230028
0.0214508
0.0199729
0.0208699
0.0227324
0.0241835
0.0264795
0.027159
0.0275101
0.0275531
0.0273196
0.0280628
0.0273725
0.02648
0.0254072
0.0241768
0.0238977
0.0224151
0.0208498
0.0192223
0.0175575
0.0158403
0.0149855
0.0132626
0.0115797
0.009949
0.00837197
0.00749598
0.00600364
0.00457525
0.00321179
0.00194532
0.00253949
0.00222296
0.00193464
0.00237777
0.00323186
0.00403041
0.00408023
0.00471776
0.00527683
0.00575437
0.00616699
0.00633389
0.00661897
0.00684803
0.00701793
0.00713924
0.0071214
0.00715093
0.00713792
0.00710252
0.0070319
0.00693271
0.00678463
0.00664291
0.00646096
0.00624388
0.00600352
0.00575084
0.00545821
0.00513475
0.00492191
0.00481337
0.00448731
0.00439905
0.00430073
0.00420564
0.00411608
0.00402703
0.00375791
0.00376312
0.00399212
0.00422415
0.00446078
0.00471202
0.00493637
0.00514594
0.0053298
0.00597502
0.0067317
0.00759874
0.00846945
0.00932094
0.0101521
0.0109357
0.0115731
0.0123032
0.0130087
0.0136895
0.0143551
0.01666
0.0201636
0.0241585
0.0286835
0.033803
0.0388478
0.0452412
0.0524117
0.0604146
0.0719236
0.0814755
0.0907338
0.0943716
0.0917835
0.0846292
0.0743505
0.060266
0.0470959
0.0337993
0.0209897
0.00943992
0.00416696
0.0126723
0.0204309
0.0267163
0.0315512
0.0350353
0.0388495
0.0399601
0.0401484
0.0395774
0.0383605
0.0376866
0.0354889
0.0330237
0.0303859
0.0276578
0.0255348
0.0227478
0.0212848
0.0201269
0.0189494
0.0177783
0.0156177
0.0144953
0.0134308
0.0124555
0.0115775
0.00969592
0.00898373
0.00833362
0.00775847
0.00724423
0.0057368
0.00535166
0.00501212
0.00468954
0.00437382
0.00404641
0.00349021
0.00352383
0.00352687
0.0035266
0.00354159
0.00345987
0.00344691
0.00349435
0.00353336
0.00353733
0.00365612
0.00362429
0.00357014
0.00351137
0.00346226
0.003418
0.00350264
0.00345686
0.00346825
0.00346339
0.00342748
0.00349015
0.00343046
0.00338051
0.00334856
0.00333141
0.00341678
0.00339344
0.00336283
0.00332527
0.00328965
0.00324956
0.00329888
0.00327367
0.00326313
0.00325803
0.00326687
0.00333074
0.00332893
0.00332272
0.00328813
0.00325069
0.00325684
0.0032125
0.00315118
0.003085
0.00302096
0.0029432
0.00292601
0.00286393
0.0027775
0.00267558
0.00259948
0.00255512
0.00245546
0.00239497
0.00234222
0.00229158
0.00225483
0.00217976
0.0020669
0.00193717
0.00180914
0.00168452
0.00157362
0.00144266
0.0013414
0.00123991
0.00112897
0.00103556
0.000923201
0.000829548
0.000730127
0.000596851
0.000752583
0.00237967
0.0148568
0.026757
0.0346853
0.0352457
0.0372277
0.0375833
0.0368056
0.0352524
0.0273064
0.0281228
0.0310948
0.0340019
0.0413129
0.0478545
0.0563694
0.0608039
0.064159
0.0663494
0.0673431
0.0690117
0.0674798
0.0649922
0.0702401
0.0763381
0.0841817
0.0876212
0.08972
0.0904538
0.089866
0.088057
0.0960518
0.0981647
0.0990998
0.0988188
0.0973655
0.100914
0.0970768
0.0922924
0.0866783
0.0804421
0.0785178
0.0712209
0.0638943
0.0567827
0.0500366
0.0438043
0.0406078
0.0352716
0.0325997
0.0345725
0.039403
0.0428562
0.0474577
0.0516868
0.0552423
0.0580382
0.0593111
0.0604168
0.0606185
0.0599479
0.0585186
0.0564663
0.053883
0.0509652
0.0477472
0.0443324
0.0408553
0.0373796
0.0339774
0.0307047
0.027623
0.024762
0.0221518
0.0218606
0.0215335
0.0211665
0.0207324
0.0202548
0.020389
0.0197293
0.0190046
0.0182264
0.0174051
0.0170417
0.016085
0.0150691
0.014038
0.0129893
0.0122808
0.011157
0.0100251
0.00892569
0.00783306
0.00676863
0.0059679
0.00592527
0.00659324
0.00727193
0.00794198
0.00783215
0.00853217
0.00919175
0.00978436
0.0103332
0.0102455
0.0108598
0.0115157
0.0122027
0.0129004
0.0135219
0.0135531
0.0140923
0.0146529
0.0152038
0.0157235
0.01579
0.0162679
0.0167181
0.0170931
0.0173783
0.0172395
0.0173332
0.0172704
0.0170677
0.0167534
0.016335
0.0156154
0.014854
0.0156286
0.0178013
0.0201309
0.0222835
0.02492
0.0276295
0.0304395
0.0333413
0.0358619
0.0387978
0.0417082
0.0445623
0.0473386
0.0500244
0.0522306
0.0549421
0.0581822
0.061254
0.0932399
0.101925
0.113396
0.117292
0.121013
0.130537
0.134308
0.137189
0.137187
0.134664
0.129991
0.123534
0.111559
0.102261
0.0921084
0.0813434
0.0701791
0.0539337
0.042492
0.031274
0.0265712
0.0228452
0.0182155
0.0186308
0.0192109
0.0251216
0.0297628
0.033134
0.0391941
0.0400155
0.039803
0.0387091
0.0392717
0.0437878
0.0433886
0.0423816
0.0408456
0.0388397
0.0404521
0.0376893
0.034721
0.0316095
0.0284389
0.0252787
0.0254978
0.0223851
0.0194087
0.0165899
0.0139472
0.0141708
0.0117744
0.00957435
0.00758858
0.00578628
0.00628385
0.0055562
0.00586358
0.0061913
0.00654104
0.00687031
0.00667939
0.0069728
0.0072396
0.00746198
0.0076763
0.00734399
0.00751223
0.00765258
0.00775357
0.00783675
0.00739601
0.0074284
0.00744652
0.00746389
0.00745816
0.00743343
0.00697403
0.00693294
0.00688991
0.00682942
0.00677582
0.00635996
0.0063273
0.00630755
0.00629427
0.0062919
0.00599787
0.0060483
0.00611146
0.00620432
0.00632409
0.00649118
0.00642977
0.00671453
0.00705946
0.00749724
0.00802219
0.00837397
0.00911811
0.0100063
0.0110441
0.0122539
0.0133234
0.0149225
0.0167621
0.0188575
0.0216483
0.025558
0.0295347
0.0344944
0.0400841
0.046318
0.0531993
0.0598054
0.0678325
0.0763666
0.0852915
0.0943917
0.102345
0.111036
0.118992
0.125814
0.131092
0.134441
0.135631
0.134809
0.131771
0.126701
0.119968
0.113052
0.104393
0.0953562
0.0863645
0.0777111
0.0706117
0.0631974
0.0566067
0.0508719
0.045985
0.0418737
0.0388591
0.0359835
0.0433452
0.0543599
0.0659549
0.0765292
0.0670536
0.0814145
0.0969321
0.10116
0.0962797
0.0889919
0.0788738
0.0670902
0.0544394
0.0497841
0.0482188
0.0485199
0.0484839
0.0479971
0.0469642
0.0430051
0.040746
0.0379108
0.0400256
0.0423059
0.0457212
0.0459604
0.0454617
0.0443626
0.0428068
0.040912
0.039723
0.037256
0.0347868
0.0323527
0.0299987
0.0276749
0.0253534
0.0232157
0.0212707
0.0194953
0.0170841
0.0155777
0.0142779
0.0131463
0.0121436
0.0112598
0.00910156
0.00844856
0.0089971
0.0103958
0.011736
0.0109395
0.0121677
0.0133349
0.0144127
0.0153833
0.0143895
0.0151903
0.0158712
0.0164261
0.016833
0.0171007
0.0187653
0.0200469
0.0212516
0.0223587
0.0233675
0.0246943
0.0254803
0.0261385
0.0266889
0.0271147
0.0278238
0.0279826
0.0280096
0.0279126
0.0276862
0.027359
0.0273071
0.0267554
0.0260943
0.0253321
0.024459
0.0238566
0.0227645
0.0215801
0.0202983
0.01891
0.0178205
0.0162685
0.0146288
0.012915
0.0111231
0.00927016
0.0079826
0.00735929
0.00676773
0.00651697
0.00772789
0.00938305
0.010719
0.0121171
0.0135628
0.0150241
0.0167463
0.0181869
0.0195976
0.0209372
0.0221783
0.0233108
0.0244963
0.0253006
0.0259141
0.0263008
0.0264406
0.0266048
0.0262384
0.0255819
0.0246491
0.0234267
0.0223105
0.0205516
0.0185167
0.0162246
0.0136854
0.0150407
0.0171865
0.0198609
0.0227465
0.0258319
0.0293613
0.0334813
0.038564
0.0438522
0.0549996
0.0613708
0.0672216
0.0670578
0.0633755
0.0630253
0.0618656
0.0596712
0.0555081
0.0522567
0.0488542
0.045414
0.0420092
0.0368851
0.033713
0.0307637
0.0280518
0.0255653
0.0226241
0.0215254
0.0204859
0.0208621
0.0227222
0.0242383
0.0266492
0.0275345
0.0281666
0.028564
0.0287233
0.0298078
0.0294994
0.0289935
0.0283065
0.0274501
0.0274771
0.0263034
0.0250013
0.0235838
0.0220921
0.0205112
0.0196954
0.0179559
0.0162034
0.0144575
0.0127499
0.01175
0.0100921
0.0084979
0.00714916
0.00611756
0.00739933
0.00714782
0.00690958
0.00666528
0.00639607
0.0061046
0.00699246
0.00660079
0.00618093
0.00574004
0.00527981
0.00582448
0.00531237
0.00483084
0.00485885
0.00500397
0.00502729
0.00510845
0.0051516
0.0051606
0.00513326
0.00507098
0.00494257
0.00479872
0.0046051
0.00438672
0.00415769
0.00391534
0.00363701
0.00332955
0.00300373
0.00295513
0.0026676
0.0026231
0.00256956
0.00282228
0.00314406
0.0034871
0.00387485
0.00423875
0.00460684
0.00497343
0.00533842
0.00571792
0.00606973
0.00638375
0.00664741
0.00720636
0.00772454
0.00828277
0.00878964
0.00929988
0.00981352
0.0103047
0.0107036
0.0111391
0.0134175
0.0161235
0.0191561
0.0221489
0.0258903
0.0300734
0.0347476
0.039958
0.045014
0.0513391
0.0583333
0.0660189
0.0770983
0.0861486
0.0949254
0.0979731
0.0947617
0.0869638
0.0760779
0.0614891
0.047823
0.0341363
0.0210264
0.00893414
0.00448513
0.0131437
0.0209383
0.0272067
0.0320341
0.0355237
0.0393214
0.0404385
0.0406213
0.0400203
0.0387785
0.0380438
0.0357788
0.0332383
0.0305055
0.0276659
0.0254622
0.0226308
0.019891
0.0182363
0.0169825
0.0157542
0.0135446
0.0123882
0.0113182
0.010346
0.00946808
0.00754797
0.00676182
0.00602847
0.00536329
0.00476944
0.00320226
0.00275564
0.00259316
0.00263914
0.0026786
0.00274101
0.00296372
0.00301298
0.00303864
0.00302529
0.00297594
0.00304237
0.00295085
0.0028725
0.00278836
0.00271797
0.00280151
0.00273865
0.00267768
0.00257859
0.00248739
0.00247988
0.00251067
0.00252175
0.0026499
0.00268874
0.00269261
0.00286862
0.00287205
0.00284588
0.00279436
0.0027092
0.00297052
0.00288005
0.00277637
0.0027145
0.00276859
0.00283083
0.00294533
0.00295679
0.00293531
0.00290948
0.00291243
0.00297597
0.00297166
0.00294979
0.00291274
0.00287685
0.00289711
0.00286621
0.00283656
0.00280662
0.00277346
0.00273685
0.00274011
0.00268331
0.00261353
0.00254889
0.00249118
0.00246061
0.00238921
0.00230658
0.00222425
0.00214101
0.00208659
0.00199285
0.00188664
0.00178628
0.00169806
0.00163959
0.00159833
0.00157611
0.00156379
0.00156617
0.00156803
0.00151929
0.00144841
0.00137107
0.00129752
0.00122404
