0.00075537
0.00250982
0.0158903
0.0298398
0.0408664
0.0448328
0.0512743
0.056449
0.0606425
0.064049
0.060371
0.062425
0.0640266
0.0652135
0.0660101
0.0664306
0.060055
0.0599124
0.0594476
0.0586717
0.0576034
0.0525864
0.0553739
0.0578924
0.0601262
0.0620797
0.0556646
0.0571106
0.0583325
0.059337
0.0601266
0.0607214
0.0538739
0.0543093
0.0545374
0.0545545
0.0543623
0.048266
0.0479783
0.047436
0.0466574
0.0456276
0.0406199
0.0395094
0.0381501
0.036546
0.0354519
0.036117
0.0355173
0.0366566
0.0379806
0.0394498
0.0410819
0.0419503
0.0439549
0.0460988
0.0505368
0.0556575
0.0564392
0.061203
0.0657719
0.0701372
0.0742578
0.0780856
0.0777853
0.0810771
0.0840816
0.0867804
0.0891981
0.0879462
0.0898921
0.0915527
0.0929532
0.0941005
0.0921315
0.0928804
0.0934051
0.0937221
0.0938167
0.0937286
0.0911711
0.0908101
0.0902872
0.0896121
0.0887871
0.0859955
0.0849982
0.0838663
0.0825834
0.0811324
0.078114
0.0764601
0.0746833
0.0727969
0.0708167
0.0687534
0.0656155
0.0634833
0.0613002
0.0590755
0.056818
0.0538062
0.0515585
0.0492995
0.0470364
0.0447727
0.0419992
0.0397879
0.0375896
0.0354089
0.0332465
0.0311053
0.0293021
0.027687
0.0261596
0.0247225
0.0233752
0.0221757
0.0210207
0.0199603
0.0190028
0.018142
0.0174129
0.0173155
0.0176767
0.0180907
0.0185529
0.0190632
0.0195023
0.0200983
0.0207383
0.0214137
0.0221233
0.0227211
0.0234802
0.0242569
0.0250424
0.0258292
0.0264706
0.027238
0.0279731
0.0286638
0.0292964
0.0298493
0.0302136
0.0310116
0.0325396
0.0347705
0.0595406
0.0629427
0.0724058
0.0765806
0.0788749
0.0795388
0.0823757
0.0891651
0.094747
0.0991536
0.102438
0.104657
0.100644
0.100606
0.0996556
0.0978454
0.0952306
0.0860341
0.0820447
0.0775317
0.0726031
0.0673796
0.0567614
0.0515316
0.0463641
0.0413495
0.0365608
0.0320566
0.0261686
0.0249736
0.02386
0.0228274
0.021862
0.0192617
0.0185541
0.0178585
0.0171809
0.0164934
0.0206472
0.0212646
0.0217277
0.0220314
0.0222002
0.0222528
0.0251418
0.024887
0.0245398
0.0241106
0.0236238
0.0255362
0.0248436
0.0240954
0.0233167
0.023201
0.026002
0.0266284
0.0272336
0.0278341
0.0283712
0.0288258
0.0308366
0.0310257
0.0311339
0.0311724
0.0311134
0.0323488
0.0320908
0.0317655
0.0313848
0.0309296
0.0315259
0.0309162
0.030265
0.0295579
0.02882
0.0280478
0.0280739
0.0272101
0.0263207
0.0254282
0.0245142
0.024229
0.0232609
0.0227626
0.0224824
0.0221737
0.0221855
0.0218027
0.0213908
0.0209475
0.0204867
0.0199965
0.0197989
0.0192554
0.0187052
0.0181271
0.0175395
0.0172073
0.0165856
0.0159437
0.0152937
0.0146327
0.0141915
0.0135034
0.0128047
0.0121057
0.0113866
0.0106782
0.0101572
0.00943545
0.0087056
0.00797735
0.0072535
0.00671161
0.00599146
0.00528799
0.00458405
0.00390076
0.00338013
0.00271889
0.00208579
0.0014747
0.00144593
0.0019314
0.00231777
0.00298933
0.0037528
0.00464385
0.005649
0.0065244
0.00776565
0.00915671
0.0106738
0.0123546
0.0138474
0.0158233
0.0179727
0.0202967
0.0227902
0.0254783
0.027874
0.030909
0.0341303
0.0375387
0.0411274
0.0443236
0.0259378
0.0341481
0.0503631
0.0593483
0.0607757
0.062103
0.0614016
0.059323
0.0562659
0.0525566
0.0447248
0.0404774
0.0362025
0.0320096
0.0295474
0.0262123
0.0252689
0.0243664
0.0235275
0.022749
0.0193808
0.0187719
0.0182375
0.017765
0.0173629
0.0170044
0.0141624
0.0139319
0.0137192
0.0135119
0.0133048
0.0108773
0.0106988
0.0104736
0.0101998
0.0098702
0.00770195
0.00745224
0.00785949
0.00824108
0.00859233
0.00890713
0.00709279
0.00737664
0.00762637
0.00785687
0.00807291
0.00633406
0.00654646
0.00676293
0.00696342
0.00715275
0.00682779
0.00755345
0.00827382
0.00899177
0.00969826
0.0103907
0.0116613
0.0123205
0.0129593
0.0135799
0.0141933
0.0152459
0.0158011
0.0163178
0.016818
0.0172975
0.0181415
0.0185533
0.0189382
0.019303
0.0196325
0.0199439
0.0205233
0.0207743
0.0209966
0.0211907
0.0213616
0.0217429
0.0218445
0.0219286
0.0219945
0.0220188
0.0222114
0.0221832
0.0221187
0.0220301
0.0219063
0.0217563
0.0217415
0.0215255
0.0212745
0.0209979
0.0206949
0.0205039
0.0201294
0.0197179
0.019273
0.0188036
0.0184373
0.017894
0.0173127
0.0167016
0.0160627
0.0153767
0.0148157
0.0140771
0.0132982
0.0124914
0.0116618
0.0109555
0.010072
0.00918109
0.0082709
0.008037
0.00825563
0.00861109
0.00907515
0.00964836
0.0103377
0.0111577
0.01197
0.0130622
0.0143183
0.0157723
0.0184153
0.0207676
0.0238058
0.0270613
0.0362206
0.0411982
0.0471497
0.0483591
0.0467276
0.0440914
0.0450477
0.0454912
0.0436133
0.0428214
0.0416251
0.0400948
0.0382858
0.0342579
0.0322992
0.03193
0.0313811
0.0306822
0.0280521
0.027082
0.0261984
0.0269593
0.0276979
0.0284088
0.0277881
0.0284187
0.0290139
0.0295747
0.0300936
0.0292541
0.0296804
0.0300513
0.030366
0.0306209
0.0295609
0.0297028
0.0297699
0.0297546
0.0296523
0.0294512
0.0308698
0.0316246
0.0322908
0.0328667
0.0333593
0.0348305
0.0351395
0.0353889
0.0355661
0.0356864
0.0366128
0.0366202
0.0366094
0.036593
0.0365661
0.0365303
0.0371155
0.0370579
0.0370104
0.03697
0.0369349
0.0373774
0.0373362
0.0372894
0.037211
0.0370912
0.0372635
0.0369638
0.0365343
0.0359482
0.0351559
0.0341286
0.033232
0.0316602
0.0297715
0.027544
0.0249513
0.0225313
0.0191984
0.0154582
0.0112961
0.00766389
0.0113741
0.0162138
0.0213782
0.0268623
0.0326751
0.0388941
0.043895
0.0525705
0.0642055
0.0765198
0.0892165
0.100514
0.113528
0.12659
0.139642
0.1526
0.163792
0.17629
0.188332
0.199713
0.210181
0.219447
0.22631
0.232372
0.242539
0.266405
0.288331
0.305017
0.31975
0.328567
0.330832
0.343893
0.350973
0.354657
0.3548
0.352644
0.351875
0.347737
0.344258
0.33282
0.314855
0.292237
0.26661
0.239324
0.211472
0.184061
0.1578
0.135122
0.121231
0.106506
0.092264
0.0787
0.0659631
0.0541655
0.0444209
0.0347059
0.0260746
0.0185386
0.0150829
0.015863
0.0151241
0.014383
0.0137037
0.0131244
0.0139087
0.0138187
0.0136566
0.0133009
0.0130405
0.0130822
0.0142152
0.0143953
0.0146345
0.0149172
0.0152289
0.0163659
0.0166626
0.0169533
0.0172307
0.0174814
0.018828
0.0197447
0.0205154
0.0211376
0.0216073
0.021918
0.0230347
0.0230502
0.0229572
0.0227657
0.0224889
0.0230325
0.0226254
0.0221798
0.021677
0.021118
0.0213058
0.0206394
0.0199359
0.0192057
0.0184698
0.0177358
0.0176753
0.0169397
0.0162211
0.0155275
0.0148565
0.0147604
0.0141099
0.0134801
0.0128775
0.0123039
0.0122198
0.0116992
0.0112209
0.0107991
0.0109004
0.0110764
0.0113066
0.0113953
0.0114415
0.0114453
0.0113914
0.0113839
0.0112443
0.0110776
0.0108962
0.0106969
0.010647
0.0109717
0.0113643
0.0118264
0.0123616
0.0129662
0.0136803
0.0143955
0.0151671
0.0159884
0.0168447
0.0177099
0.0185878
0.0194813
0.0203785
0.0212769
0.0221182
0.0229543
0.0237486
0.024487
0.0251566
0.0257331
0.0261801
0.0264933
0.0265865
0.0263141
0.0251633
0.0234179
0.0216524
0.0205341
0.0200081
0.0196768
0.000755355
0.00250489
0.0157943
0.0295803
0.0403963
0.0441686
0.0504021
0.0553923
0.0594302
0.0627129
0.0589565
0.0609577
0.0625469
0.0637587
0.0646145
0.0651232
0.0588469
0.0588401
0.0585373
0.0579549
0.0570905
0.0518674
0.0545828
0.0570234
0.059173
0.0610274
0.0545155
0.0558325
0.0569073
0.0577432
0.0583451
0.0587305
0.0516867
0.0518839
0.0518651
0.0516279
0.0511811
0.0448659
0.0443355
0.0435637
0.0425736
0.0413535
0.0361992
0.0349442
0.0334695
0.0317856
0.02991
0.0288064
0.0273143
0.027252
0.0272083
0.0272029
0.0272407
0.0266026
0.0267746
0.0269718
0.027181
0.0273987
0.0271642
0.0274431
0.0277456
0.0295797
0.0315183
0.033375
0.0315359
0.0332775
0.0349493
0.0365243
0.0380206
0.0361192
0.0374928
0.0387512
0.0399073
0.0409571
0.0390143
0.0399086
0.0406898
0.0413665
0.0419147
0.0423657
0.040345
0.0406584
0.0408482
0.040895
0.0407788
0.0385816
0.0382418
0.0377651
0.0371705
0.0364666
0.0341456
0.033337
0.0324512
0.0314998
0.0304909
0.0294331
0.0271979
0.026122
0.0250134
0.0238807
0.0227273
0.0206901
0.0195594
0.0184206
0.0172751
0.0161247
0.0143964
0.0139412
0.013476
0.0129968
0.0125061
0.012165
0.0121124
0.0121347
0.0122049
0.0123245
0.0124953
0.0126439
0.0129159
0.0132432
0.0136269
0.014067
0.0144477
0.0149906
0.0155883
0.0162411
0.0169434
0.0176954
0.0183446
0.0191812
0.0200591
0.0209724
0.0219163
0.0227179
0.0237052
0.0247071
0.0257108
0.0267109
0.0275312
0.0284952
0.029414
0.0302776
0.0311102
0.0326927
0.0340625
0.0355761
0.0370242
0.0383874
0.0605321
0.0641855
0.0738413
0.0781257
0.0804794
0.081169
0.0857171
0.0923832
0.0977915
0.101979
0.105005
0.106933
0.102641
0.102267
0.100966
0.0987952
0.0958167
0.0863026
0.0819567
0.0770988
0.071841
0.0663081
0.0554396
0.04995
0.0445537
0.0393438
0.0343937
0.0302007
0.026179
0.0249219
0.0237526
0.0226706
0.0216615
0.0190276
0.0182865
0.0175648
0.016866
0.0176038
0.0220265
0.0225835
0.0229799
0.0232116
0.0233052
0.0232796
0.0261008
0.025768
0.0253447
0.0248425
0.0242856
0.02614
0.025386
0.024587
0.0237647
0.0229072
0.025305
0.025866
0.0264133
0.0269621
0.0274691
0.027933
0.0299843
0.0302379
0.030414
0.0305189
0.0305244
0.0318155
0.0316227
0.0313635
0.0310519
0.0306701
0.0313319
0.0308034
0.0302393
0.0296232
0.0289773
0.0282965
0.0283985
0.0276105
0.0267873
0.0259532
0.0250922
0.0248493
0.0239265
0.0229918
0.0226802
0.0224519
0.0225322
0.0222289
0.0218965
0.0215324
0.0211484
0.0207327
0.0205974
0.0201228
0.0196374
0.0191206
0.0185907
0.0183069
0.0177372
0.0171436
0.0165379
0.0159178
0.0155094
0.0148554
0.0141869
0.0135148
0.012818
0.0121278
0.0116185
0.010907
0.0101827
0.00945644
0.00873185
0.00818754
0.00746215
0.00675102
0.00603688
0.00534116
0.00480767
0.00413005
0.00347822
0.00289758
0.00234147
0.00171928
0.00174677
0.00227331
0.00296975
0.00379746
0.00474201
0.00556626
0.00675459
0.00809946
0.00957623
0.0112224
0.0126887
0.0146399
0.0167691
0.0190827
0.0215733
0.0242656
0.0266686
0.0297161
0.0329612
0.0364022
0.0400269
0.0432685
0.0249559
0.0331403
0.0489352
0.0572865
0.0581245
0.0588065
0.0574958
0.0548708
0.0513303
0.0472122
0.0390867
0.0345685
0.0301009
0.0257856
0.0237785
0.0202851
0.0192021
0.0182094
0.017317
0.01653
0.0131833
0.0126199
0.0121813
0.0118559
0.0116369
0.0114866
0.0111909
0.0116906
0.0120431
0.0122503
0.0123291
0.0120417
0.011786
0.0114189
0.010959
0.0104115
0.00923588
0.00940263
0.00959521
0.0097829
0.00996712
0.0101468
0.00879359
0.00891279
0.0090234
0.00913746
0.00924547
0.00764946
0.0078979
0.00834187
0.00874386
0.0091254
0.00767809
0.0080526
0.00840191
0.00872792
0.00915557
0.00987947
0.0111684
0.0118395
0.0124821
0.0130965
0.013693
0.0147217
0.0152388
0.015706
0.0161468
0.0165571
0.0173313
0.0176548
0.0179402
0.0181943
0.018403
0.0185822
0.019036
0.0191326
0.0191893
0.0192072
0.0191913
0.0194002
0.0192954
0.0191634
0.0190038
0.0187955
0.0187791
0.018506
0.0181903
0.0178454
0.01746
0.0170438
0.0167908
0.0162967
0.0157626
0.0151989
0.0146062
0.0141595
0.0134899
0.0127812
0.0120388
0.0112695
0.0106408
0.00979774
0.00891515
0.00834443
0.00825709
0.0081528
0.00841836
0.00821323
0.00826894
0.0087687
0.00928105
0.00999691
0.0105307
0.0110666
0.0116191
0.0121738
0.012848
0.0133964
0.0139309
0.0144516
0.0149524
0.0154187
0.0159168
0.016297
0.0166116
0.0168414
0.0175793
0.0183029
0.0190507
0.0196664
0.0260734
0.0305865
0.0362257
0.0371896
0.0354677
0.0328334
0.030041
0.0273948
0.0238105
0.0233029
0.0224122
0.0212029
0.019713
0.0159597
0.0139751
0.0118214
0.00982317
0.0103227
0.00969091
0.0101523
0.010592
0.0110093
0.0113982
0.011751
0.0148204
0.0173004
0.0197343
0.0221106
0.0244203
0.0284191
0.030532
0.0325647
0.0345163
0.0363753
0.0396772
0.0413261
0.0428936
0.0443795
0.0457822
0.0471061
0.0495834
0.0507181
0.0517991
0.0528262
0.0537964
0.055695
0.056507
0.0572708
0.0579629
0.058594
0.0599671
0.0604867
0.0610006
0.0615278
0.0620633
0.062588
0.0636395
0.0640605
0.0644374
0.0647737
0.0650491
0.0656864
0.0657587
0.0656939
0.0654529
0.0650108
0.0647525
0.0637896
0.0625141
0.0608778
0.0588337
0.056355
0.0540347
0.0506618
0.0467988
0.0424395
0.0375731
0.0330579
0.0272206
0.0208743
0.0145201
0.00911807
0.0048366
0.00841021
0.0172276
0.0265337
0.0363075
0.0465045
0.0558403
0.0672371
0.0788489
0.0904129
0.101782
0.111457
0.123978
0.139062
0.15399
0.16864
0.181128
0.194869
0.207876
0.219938
0.230801
0.240164
0.246864
0.252477
0.255479
0.26765
0.289165
0.305117
0.318703
0.326429
0.327963
0.331669
0.337815
0.341426
0.342322
0.341434
0.342262
0.340001
0.338322
0.329026
0.313263
0.292852
0.269389
0.243928
0.218055
0.192507
0.169362
0.154497
0.140557
0.125627
0.111033
0.0969683
0.083598
0.0710474
0.0605654
0.0499396
0.0403495
0.0318135
0.024329
0.0190605
0.0155028
0.0145589
0.0153384
0.0163732
0.0170377
0.0175595
0.0178674
0.0179994
0.0179775
0.0178373
0.0174738
0.0171462
0.0167594
0.0163254
0.0158525
0.0170762
0.0174812
0.0178773
0.0182559
0.0186103
0.0195962
0.0198696
0.020114
0.0203272
0.0205013
0.0206256
0.0212045
0.0211346
0.0209137
0.02048
0.0199349
0.0199222
0.0193483
0.0186848
0.0179259
0.0170688
0.0165799
0.0155362
0.0144106
0.0132197
0.0119686
0.0106669
0.0097504
0.00837421
0.00697282
0.00556725
0.00416657
0.00418922
0.00544551
0.00666749
0.00784445
0.00897539
0.00952888
0.0105629
0.0115266
0.0124154
0.0132215
0.013945
0.0142103
0.0147835
0.0152494
0.0156015
0.0158257
0.0156659
0.0156191
0.0154441
0.0151612
0.0147606
0.0141267
0.0141568
0.0142371
0.0142353
0.0141405
0.0139514
0.0136537
0.013271
0.0127701
0.0121492
0.0113945
0.0105876
0.00957207
0.00930424
0.00890946
0.0082504
0.00744511
0.00837357
0.010011
0.0115754
0.0130464
0.0143918
0.0154786
0.0164434
0.0170571
0.0191031
0.0223211
0.0245046
0.0249448
0.0231463
0.0198005
0.0162156
0.000755355
0.00250489
0.0157943
0.0295803
0.0403963
0.0441686
0.0504021
0.0553923
0.0594302
0.0627129
0.0589567
0.0609582
0.0625476
0.0637583
0.0646119
0.0651198
0.0588426
0.0588354
0.0585272
0.0579293
0.0570557
0.0518255
0.0545374
0.0569929
0.0591789
0.0610962
0.0546594
0.0560884
0.0572994
0.0582954
0.0590739
0.0596487
0.0527732
0.0531635
0.0533321
0.0532745
0.0529934
0.0468104
0.0464139
0.0457572
0.0448601
0.0437111
0.0385983
0.0373629
0.0358785
0.0341566
0.0323158
0.0324461
0.031321
0.0317897
0.0323792
0.0330866
0.0339111
0.0340327
0.0351632
0.0364247
0.0381529
0.042525
0.04272
0.0468947
0.0509636
0.0549196
0.0587492
0.0624547
0.0621867
0.0656607
0.0689882
0.0721331
0.0751072
0.07442
0.0770879
0.0795373
0.0817807
0.0838131
0.0826468
0.0843356
0.0858177
0.0871012
0.0881658
0.089044
0.0873272
0.0879156
0.0883104
0.0884768
0.0883729
0.0860961
0.0855557
0.0847668
0.0837561
0.0825378
0.079695
0.0782137
0.076582
0.0748141
0.0729291
0.0709397
0.06785
0.0657558
0.0635939
0.0613749
0.0591105
0.0560821
0.0538045
0.051506
0.0491953
0.0468756
0.0440491
0.0417722
0.0395048
0.0372519
0.0350154
0.0327989
0.0302996
0.0281596
0.0260454
0.0239566
0.0224598
0.0212741
0.0201342
0.0190891
0.0181483
0.0173061
0.0165952
0.0159546
0.0154167
0.0151279
0.0155179
0.0159696
0.0163666
0.0169259
0.0175389
0.018199
0.0189024
0.0195037
0.0202743
0.0210724
0.0218857
0.0227091
0.0233863
0.024201
0.024987
0.025736
0.0264292
0.0278262
0.0293218
0.030968
0.0339396
0.0373032
0.0596058
0.0630176
0.0724744
0.076639
0.0789234
0.0795814
0.0841921
0.0908416
0.0962851
0.100555
0.103705
0.105795
0.101671
0.101512
0.100446
0.0985257
0.0958067
0.0865234
0.0824412
0.0778428
0.0728355
0.0675392
0.0568642
0.0515766
0.0463586
0.0413012
0.0364764
0.0319424
0.0261349
0.0249404
0.0238259
0.0227908
0.0218204
0.0192137
0.0184972
0.0177947
0.0171108
0.016877
0.0213088
0.0218818
0.0222989
0.0225544
0.0226734
0.0226738
0.0255171
0.0252086
0.0248077
0.0243259
0.0237871
0.0256546
0.0249117
0.024119
0.0233012
0.0229335
0.0256595
0.0262366
0.0267997
0.027313
0.0277369
0.0280804
0.0300069
0.0301174
0.0301609
0.0301474
0.0300539
0.0312731
0.0310118
0.0306949
0.0303375
0.0299214
0.0305628
0.0300217
0.0294547
0.0288432
0.0282084
0.0275431
0.0276636
0.0269081
0.0261289
0.0253451
0.0245353
0.0243372
0.0234654
0.023325
0.0231576
0.0229571
0.0230595
0.0227804
0.0224712
0.0221305
0.0217696
0.0213761
0.0212594
0.0208048
0.0203382
0.0198398
0.0193273
0.0190565
0.0184992
0.017916
0.0173196
0.0167084
0.0163076
0.0156622
0.0150038
0.0143418
0.0136564
0.0129789
0.0124818
0.0117847
0.0110757
0.0103649
0.00965677
0.00912623
0.00841631
0.00772035
0.00702229
0.00634271
0.00582451
0.00516459
0.00453217
0.00392001
0.00332933
0.00278661
0.00238085
0.00296985
0.00364858
0.00445265
0.0053672
0.00615918
0.00730159
0.00858989
0.00999901
0.0115681
0.012961
0.0148206
0.0168466
0.0190417
0.021396
0.0239377
0.0262018
0.0290796
0.0321363
0.0353685
0.0387667
0.0417986
0.0232161
0.0312359
0.0472038
0.0559456
0.0571151
0.0581638
0.0572353
0.0549425
0.05169
0.0478451
0.0399267
0.0356235
0.0313328
0.0271535
0.0244607
0.0210952
0.0201606
0.0192952
0.0185219
0.0178303
0.0145411
0.0140182
0.0136158
0.0133183
0.0131376
0.0130293
0.0113942
0.0119181
0.01227
0.0124536
0.0124825
0.0121397
0.0118168
0.0113836
0.0108512
0.0102298
0.00899771
0.00886662
0.00896494
0.00923428
0.00992617
0.0105638
0.00901081
0.00957149
0.010073
0.010527
0.0109451
0.00936715
0.00974391
0.0101017
0.0104262
0.0107217
0.00919739
0.00948611
0.00975523
0.0100043
0.01022
0.0104027
0.0106374
0.0112292
0.0117927
0.0123315
0.0128569
0.0138258
0.0142792
0.0146859
0.0150697
0.0154275
0.0161603
0.0164401
0.0166871
0.0169081
0.0170887
0.0172458
0.0176866
0.0177756
0.0178322
0.0178566
0.0178544
0.0180808
0.0180033
0.0179072
0.0177914
0.0176333
0.0176669
0.0174566
0.0172116
0.0169442
0.0166406
0.0163098
0.0161357
0.0157381
0.015304
0.0148423
0.0143531
0.0139984
0.0134349
0.0128348
0.0122003
0.011541
0.0110077
0.0102722
0.00949489
0.00868668
0.00830046
0.00809983
0.00827893
0.00797312
0.00762705
0.00722766
0.00676707
0.00715014
0.00760103
0.00805227
0.0085212
0.0089897
0.00958933
0.0100547
0.0105109
0.0109552
0.0113814
0.0117764
0.0122117
0.0125137
0.0127468
0.0136459
0.014472
0.015096
0.0172529
0.0201696
0.0289946
0.0336991
0.0395371
0.0407208
0.0391351
0.036563
0.0337809
0.0311086
0.0274246
0.0268159
0.0258161
0.0244847
0.0228826
0.0190538
0.0170145
0.016146
0.0160113
0.0167678
0.0163689
0.0171122
0.0178574
0.0185962
0.0193164
0.020008
0.0193688
0.0199757
0.0205386
0.0210505
0.0215007
0.0251169
0.0271803
0.0291489
0.0310252
0.0328039
0.0360213
0.0375461
0.0389703
0.0402983
0.0415307
0.0426696
0.0449734
0.0458756
0.0466835
0.0474002
0.048027
0.049603
0.0500309
0.0504034
0.0507302
0.0510068
0.0520665
0.052201
0.0523055
0.0523985
0.0524956
0.0525931
0.0533009
0.0533751
0.0534565
0.0535284
0.053581
0.0540493
0.0539915
0.0538391
0.0535835
0.0532133
0.0531099
0.0524278
0.051539
0.050402
0.048981
0.0472366
0.0456493
0.0431986
0.0403454
0.0370604
0.0333318
0.0298508
0.0252393
0.0201491
0.0145798
0.00852027
0.00625172
0.0114811
0.0171646
0.0230334
0.0290163
0.0363535
0.0443168
0.0541027
0.0667853
0.0805211
0.094687
0.107245
0.121625
0.135961
0.150187
0.164174
0.176116
0.189281
0.201781
0.213391
0.223827
0.232783
0.23913
0.244302
0.256932
0.281388
0.303335
0.319488
0.333045
0.34041
0.341244
0.341598
0.34735
0.350151
0.349973
0.347888
0.347416
0.343836
0.341034
0.330503
0.313477
0.291803
0.267123
0.24065
0.213705
0.187165
0.165998
0.150491
0.13606
0.120642
0.105659
0.0913049
0.0777467
0.0651045
0.0546215
0.0440768
0.0346651
0.026399
0.0238413
0.0242671
0.0231928
0.022178
0.0212893
0.0205554
0.021251
0.0208178
0.0205596
0.0204529
0.020489
0.0206365
0.0218636
0.0221388
0.0224656
0.0228223
0.0231892
0.0243565
0.0246675
0.0249567
0.0252171
0.0254367
0.0262945
0.0264056
0.0264742
0.0264941
0.0264586
0.0263646
0.0267516
0.0264463
0.0259904
0.0253803
0.0246563
0.0244152
0.0236139
0.0227574
0.0218313
0.0208254
0.020221
0.0190597
0.0178324
0.0165491
0.0152125
0.0138286
0.0128414
0.0113846
0.00990653
0.00842246
0.00744268
0.00720271
0.00703415
0.00684269
0.00662556
0.00638182
0.00605488
0.0063476
0.00727552
0.00811453
0.00885336
0.00947894
0.00962983
0.0100479
0.0103341
0.0105077
0.0106196
0.0111649
0.0118403
0.0124548
0.0130106
0.0135001
0.0138024
0.0141565
0.0144212
0.0145899
0.0146461
0.0145772
0.0143594
0.0140436
0.0135877
0.0129911
0.0122481
0.0114414
0.0104209
0.00961922
0.00924559
0.00863683
0.00790524
0.00851323
0.00973114
0.0108947
0.0119868
0.0129598
0.0137056
0.0142812
0.0145459
0.0177843
0.020978
0.023116
0.0235753
0.0219218
0.0188517
0.0156204
0.000755355
0.00250489
0.0157943
0.0295803
0.0403963
0.0441686
0.0504021
0.0553923
0.0594302
0.0627129
0.0589565
0.0609577
0.0625469
0.0637588
0.0646226
0.065155
0.0589039
0.0589212
0.0586217
0.0580069
0.0570842
0.0518095
0.0544566
0.0568075
0.0588521
0.0605842
0.053955
0.0551214
0.0560337
0.0566908
0.0571046
0.0572885
0.050067
0.050054
0.0498271
0.0493815
0.0487342
0.0422484
0.041535
0.0405932
0.0394487
0.0380895
0.0328236
0.0314571
0.0298959
0.0281521
0.0262478
0.0241986
0.0215203
0.020724
0.0199185
0.0191597
0.0184709
0.017233
0.0167619
0.0163265
0.0158932
0.0154285
0.0145575
0.0140459
0.0134971
0.0129167
0.0123134
0.0117049
0.0107962
0.0101855
0.00959881
0.00901105
0.00844936
0.00931485
0.00953448
0.00977441
0.0100465
0.0103452
0.0115986
0.0118384
0.0120913
0.0123542
0.0126039
0.0128609
0.0136858
0.0138709
0.0140485
0.0142157
0.0143598
0.015572
0.0157992
0.0160051
0.0161853
0.0163443
0.0180897
0.0181413
0.0181735
0.0181877
0.0181825
0.0181608
0.0194037
0.019301
0.0191887
0.0190673
0.0189388
0.0198379
0.0196536
0.0194691
0.0192852
0.0191066
0.0197516
0.0195481
0.0193565
0.0191779
0.0190164
0.0188743
0.0193461
0.0192151
0.0191108
0.019035
0.018994
0.0194159
0.0194124
0.0194511
0.0195285
0.0196534
0.0201047
0.0202938
0.0205415
0.0211699
0.0218291
0.0225202
0.0231024
0.0238472
0.0246187
0.0254112
0.0262219
0.0268966
0.0277292
0.0285662
0.0293965
0.0302147
0.0308702
0.0316415
0.0323648
0.033256
0.0344252
0.0356055
0.0366368
0.0377799
0.0388719
0.0398911
0.0591918
0.0627165
0.0724168
0.07684
0.0793969
0.0803276
0.0827265
0.0895841
0.0952823
0.0998298
0.103281
0.105673
0.101821
0.101959
0.101181
0.0995148
0.0970295
0.0879136
0.0839909
0.0794967
0.0745553
0.0692719
0.0585811
0.0532342
0.0479291
0.0427551
0.0377964
0.0331152
0.0272167
0.0258622
0.0245883
0.0234085
0.0222966
0.0195793
0.0187369
0.0179203
0.0171239
0.0163325
0.019384
0.0201052
0.0206756
0.0210679
0.0213264
0.0214479
0.0244005
0.0242025
0.0239108
0.0235222
0.0230758
0.0250106
0.0243433
0.0236164
0.0228642
0.02279
0.0255857
0.0262045
0.0268046
0.0273907
0.0279471
0.0284865
0.0306453
0.0310501
0.0313867
0.0316454
0.0318026
0.0332205
0.0331688
0.033041
0.0328551
0.0325924
0.0333574
0.0329439
0.0324914
0.0319818
0.0314396
0.0308583
0.0310481
0.0303643
0.0296492
0.0289234
0.0281685
0.0280142
0.0271859
0.0263383
0.0254856
0.0246294
0.0242237
0.0233219
0.0224742
0.0221773
0.0218569
0.0215012
0.0214159
0.0209942
0.0205591
0.0200892
0.0196038
0.019356
0.0188252
0.0182688
0.0176994
0.0171136
0.016735
0.0161134
0.0154776
0.0148378
0.0141741
0.0135174
0.0130385
0.0123624
0.0116755
0.0109875
0.0103014
0.00979005
0.00910148
0.00842689
0.00774924
0.00708893
0.00658681
0.0059443
0.0053278
0.00472984
0.00415209
0.00430224
0.00454612
0.00504831
0.00563694
0.00634882
0.00716775
0.00787356
0.00891551
0.0101013
0.0114044
0.0128624
0.0141537
0.0158882
0.0177806
0.019836
0.0220473
0.0244355
0.0265536
0.0292602
0.0321396
0.0351933
0.0384119
0.0412704
0.0224856
0.0303783
0.0464996
0.0555193
0.0569862
0.0583665
0.0577277
0.0557426
0.0527813
0.0491469
0.0413497
0.0371216
0.0328482
0.028646
0.0249976
0.0217372
0.0208858
0.0200591
0.0192829
0.0185495
0.0152027
0.0145741
0.0140216
0.0135381
0.0131323
0.0127579
0.0108979
0.0115071
0.011966
0.0122742
0.0124593
0.0122686
0.0121322
0.0118907
0.0115643
0.0112345
0.0104752
0.0106657
0.010857
0.0110356
0.0112055
0.0113648
0.00999269
0.0100861
0.0101672
0.010247
0.0103188
0.0086896
0.00872046
0.00876031
0.0087895
0.00881078
0.00792681
0.0084478
0.00896994
0.00949536
0.0100144
0.0105243
0.0115614
0.0120323
0.0124852
0.0129242
0.0133598
0.0141368
0.0145119
0.0148497
0.015171
0.0154685
0.0160104
0.0162319
0.0164227
0.0165889
0.0167133
0.0168127
0.0170583
0.0170818
0.0170678
0.0170167
0.0169332
0.0169505
0.0167824
0.0165882
0.0164443
0.016287
0.0163155
0.0160964
0.0158371
0.01555
0.0152233
0.0148675
0.0146684
0.0142381
0.0137691
0.0132711
0.0127445
0.0123574
0.0117567
0.01112
0.0104499
0.00975519
0.00994247
0.00996367
0.0101469
0.0104548
0.010773
0.0111187
0.0117521
0.0121056
0.0124877
0.0128851
0.0132948
0.0139182
0.0143465
0.0147753
0.0152232
0.0156751
0.016266
0.0167191
0.0171627
0.0175986
0.0180193
0.0184208
0.0188717
0.0192092
0.0194923
0.0197117
0.0198597
0.0200053
0.0199629
0.0197964
0.0248834
0.0294555
0.0352999
0.0365906
0.0351061
0.0326334
0.0299423
0.0273368
0.0236393
0.0214371
0.019457
0.01767
0.0160445
0.0131253
0.0117286
0.0110244
0.0112601
0.0114992
0.0106312
0.0108131
0.010963
0.0110758
0.0119118
0.0144183
0.0188627
0.0212521
0.0235787
0.025842
0.0280379
0.0319429
0.0339489
0.035881
0.0377282
0.0394877
0.0427008
0.0442409
0.045696
0.0470688
0.0483712
0.049603
0.0520105
0.0530677
0.0540689
0.0550134
0.0559015
0.0577399
0.0585032
0.0592332
0.0599302
0.0605886
0.0619993
0.0625788
0.0631305
0.063655
0.064155
0.0646173
0.0655932
0.0659037
0.0661386
0.0662797
0.0662887
0.0666312
0.0663072
0.0657796
0.0650163
0.0639787
0.0631637
0.0618763
0.0602187
0.0581479
0.0556327
0.0526548
0.0502346
0.0463143
0.041894
0.0369752
0.0328368
0.0301725
0.0265045
0.0225707
0.0183767
0.013926
0.014302
0.0233644
0.0329043
0.0429168
0.053387
0.0642798
0.0742766
0.0866023
0.0992649
0.111874
0.124175
0.134516
0.145874
0.156662
0.166889
0.176523
0.184397
0.192781
0.206231
0.218963
0.230673
0.241027
0.248715
0.255584
0.26
0.261483
0.265905
0.284593
0.301952
0.313988
0.319999
0.322949
0.331695
0.338208
0.341681
0.342961
0.345516
0.344622
0.343921
0.335551
0.320491
0.300612
0.277618
0.252552
0.227129
0.201997
0.17784
0.15784
0.14342
0.127899
0.112685
0.0979665
0.0839018
0.0706113
0.0594689
0.0480595
0.0376817
0.0283763
0.023709
0.0249454
0.0269593
0.0285493
0.0297597
0.0306255
0.0311116
0.0313834
0.0313986
0.0311826
0.0307654
0.0301528
0.0293115
0.028371
0.0273102
0.0261497
0.024911
0.0235293
0.0221843
0.0208126
0.0197033
0.0199472
0.020831
0.020976
0.0210809
0.0211426
0.0211613
0.0211315
0.0215776
0.0213277
0.0208805
0.0202666
0.0196342
0.0195303
0.0188571
0.0181057
0.0172753
0.0163689
0.0158566
0.0148056
0.013693
0.0125269
0.0113133
0.0100649
0.00920445
0.0079
0.00682068
0.00682631
0.00679952
0.00664309
0.00655857
0.00643946
0.00628126
0.00608067
0.00577521
0.00549009
0.00519884
0.00629763
0.00734301
0.00832376
0.00881538
0.0096498
0.0103851
0.0110186
0.0115423
0.0116777
0.0120486
0.0124357
0.0127408
0.0129586
0.0130088
0.0130614
0.0130166
0.0128768
0.0126337
0.0122895
0.0118525
0.0113093
0.0106493
0.0107836
0.0108826
0.0108396
0.0105716
0.0100789
0.00934011
0.00833532
0.00723328
0.00566497
0.00629474
0.00775895
0.00914934
0.0105654
0.0131572
0.0162891
0.019583
0.0229434
0.0262287
0.0283507
0.0285879
0.0264523
0.0227088
0.0187566
0.000755355
0.00250489
0.0157943
0.0295803
0.0403963
0.0441686
0.0504021
0.0553923
0.0594302
0.0627129
0.0589565
0.0609577
0.0625469
0.0637588
0.0646226
0.065155
0.0589039
0.0589212
0.0586217
0.0580069
0.0570842
0.0518095
0.0544566
0.0568075
0.0588521
0.0605842
0.053955
0.0551214
0.0560337
0.0566908
0.0571046
0.0572885
0.050067
0.050054
0.0498271
0.0493815
0.0487342
0.0422484
0.041535
0.0405932
0.0394487
0.0380895
0.0328236
0.0314571
0.0298959
0.0281521
0.0262478
0.0241986
0.0215203
0.020724
0.0199185
0.0191597
0.0184709
0.017233
0.0167619
0.0163265
0.0158932
0.0154285
0.0145575
0.0140459
0.0134971
0.0129167
0.0123134
0.0117049
0.0107962
0.0101855
0.00959881
0.00901105
0.00844936
0.00931485
0.00953448
0.00977441
0.0100465
0.0103452
0.0115986
0.0118384
0.0120913
0.0123542
0.0126039
0.0128609
0.0136858
0.0138709
0.0140485
0.0142157
0.0143598
0.015572
0.0157992
0.0160051
0.0161853
0.0163443
0.0180897
0.0181413
0.0181735
0.0181877
0.0181825
0.0181608
0.0194037
0.019301
0.0191887
0.0190673
0.0189388
0.0198379
0.0196536
0.0194691
0.0192852
0.0191066
0.0197516
0.0195481
0.0193565
0.0191779
0.0190164
0.0188743
0.0193461
0.0192151
0.0191108
0.019035
0.018994
0.0194159
0.0194124
0.0194511
0.0195285
0.0196534
0.0201047
0.0202938
0.0205415
0.0211699
0.0218291
0.0225202
0.0231024
0.0238472
0.0246187
0.0254112
0.0262219
0.0268966
0.0277292
0.0285662
0.0293965
0.0302147
0.0308702
0.0316415
0.0323648
0.033256
0.0344252
0.0356055
0.0366368
0.0377799
0.0388719
0.0398911
0.0591918
0.0627165
0.0724168
0.07684
0.0793969
0.0803276
0.0827265
0.0895841
0.0952823
0.0998298
0.103281
0.105673
0.101821
0.101959
0.101181
0.0995148
0.0970295
0.0879136
0.0839909
0.0794967
0.0745553
0.0692719
0.0585811
0.0532342
0.0479291
0.0427551
0.0377964
0.0331152
0.0272167
0.0258622
0.0245883
0.0234085
0.0222966
0.0195793
0.0187369
0.0179203
0.0171239
0.0163325
0.019384
0.0201052
0.0206756
0.0210679
0.0213264
0.0214479
0.0244005
0.0242025
0.0239108
0.0235222
0.0230758
0.0250106
0.0243433
0.0236164
0.0228642
0.02279
0.0255857
0.0262045
0.0268046
0.0273907
0.0279471
0.0284865
0.0306453
0.0310501
0.0313867
0.0316454
0.0318026
0.0332205
0.0331688
0.033041
0.0328551
0.0325924
0.0333574
0.0329439
0.0324914
0.0319818
0.0314396
0.0308583
0.0310481
0.0303643
0.0296492
0.0289234
0.0281685
0.0280142
0.0271859
0.0263383
0.0254856
0.0246294
0.0242237
0.0233219
0.0224742
0.0221773
0.0218569
0.0215012
0.0214159
0.0209942
0.0205591
0.0200892
0.0196038
0.019356
0.0188252
0.0182688
0.0176994
0.0171136
0.016735
0.0161134
0.0154776
0.0148378
0.0141741
0.0135174
0.013038
0.0123612
0.0116726
0.0109822
0.0102933
0.00977865
0.00908616
0.00840698
0.00772521
0.00706196
0.00655678
0.00591087
0.00529033
0.0046884
0.00410671
0.00420509
0.00444062
0.00493398
0.00551227
0.00621159
0.00701813
0.00771344
0.0087425
0.00991564
0.0112098
0.0126585
0.0139419
0.0156678
0.0175546
0.0196062
0.0218153
0.0242055
0.0263282
0.0290376
0.0319226
0.0349787
0.038191
0.0410437
0.0222493
0.0301202
0.0461589
0.0550587
0.0564584
0.0578012
0.0571515
0.0551337
0.0521435
0.0485206
0.0407538
0.0365606
0.0323174
0.0281282
0.0243569
0.0210476
0.0201533
0.0193117
0.0185335
0.0178199
0.0145088
0.0139716
0.0135244
0.01316
0.0128685
0.0126181
0.0106354
0.0112127
0.0116393
0.0119234
0.0120877
0.0118833
0.0117278
0.0114693
0.011128
0.0107877
0.0100321
0.0102305
0.0104275
0.0106118
0.0107871
0.0109528
0.00958468
0.00968336
0.00977189
0.00986255
0.00994584
0.00832789
0.00837157
0.0084242
0.00846697
0.00850425
0.00709446
0.00761278
0.00813322
0.00865778
0.00917704
0.00968823
0.0107276
0.0112023
0.0116606
0.0121055
0.0125476
0.0133306
0.0137138
0.0140586
0.0143865
0.0146941
0.0152471
0.0154824
0.015688
0.0158698
0.0160106
0.0161259
0.0163881
0.016432
0.0164381
0.0164078
0.0164096
0.0166678
0.0166206
0.0165486
0.0164518
0.0163084
0.0163486
0.0161428
0.0158971
0.0156243
0.0153135
0.0149743
0.0147909
0.014381
0.0139339
0.0134592
0.0129588
0.0125946
0.0120219
0.0114176
0.0107839
0.0101304
0.00960616
0.00913728
0.00909079
0.0092875
0.00955364
0.00984564
0.0104289
0.0107237
0.0110391
0.0113637
0.0117027
0.01226
0.0126069
0.012954
0.0133163
0.0136805
0.0141911
0.0145557
0.0149107
0.0152534
0.0155788
0.0158748
0.0162292
0.0164502
0.0166212
0.0167261
0.0167645
0.0168135
0.016658
0.0187263
0.0274111
0.0320339
0.0378196
0.0388451
0.0371599
0.0345096
0.0316684
0.0289717
0.025229
0.0234735
0.0226694
0.0215525
0.0201749
0.0165321
0.0157237
0.0155155
0.0155461
0.0161505
0.0156222
0.0162165
0.0167976
0.0173558
0.0178808
0.018372
0.0175516
0.0179402
0.0182675
0.019977
0.0222189
0.0261624
0.0282207
0.0302027
0.0321124
0.0339467
0.0372274
0.0388406
0.0403735
0.0418285
0.0431995
0.0444819
0.0469082
0.0479543
0.0489202
0.049828
0.0507059
0.0525339
0.0532635
0.0539471
0.054596
0.055221
0.0565987
0.057117
0.0576155
0.0580986
0.0585704
0.0590234
0.0600221
0.0603999
0.0607383
0.0610263
0.0612453
0.06182
0.0618135
0.0616586
0.0613115
0.060726
0.0603382
0.0592311
0.0578126
0.0560449
0.0538962
0.0513396
0.0489739
0.045564
0.0416779
0.0372981
0.0336991
0.0305724
0.0266469
0.022363
0.0177086
0.0126675
0.00855455
0.0160391
0.0238726
0.0320476
0.0418568
0.0520824
0.0614798
0.0730878
0.085001
0.0968857
0.108551
0.118441
0.129417
0.13998
0.150146
0.159868
0.17248
0.186559
0.20007
0.21285
0.224672
0.235231
0.243185
0.250464
0.255401
0.257515
0.266745
0.285707
0.303555
0.316157
0.322603
0.3241
0.333299
0.340033
0.343447
0.344465
0.346625
0.345251
0.344058
0.335054
0.319382
0.298961
0.275477
0.250006
0.224154
0.198636
0.174148
0.156895
0.142838
0.127792
0.113115
0.0989894
0.0855706
0.072966
0.0624451
0.0517601
0.0421143
0.0335478
0.0260731
0.0208512
0.0155002
0.0132619
0.0142498
0.0149936
0.0153984
0.0156001
0.0155747
0.0153624
0.0150008
0.0145282
0.0138843
0.0132448
0.0125557
0.0126777
0.0132497
0.0146086
0.0152312
0.0163846
0.0174001
0.0182646
0.0200021
0.0205362
0.0208994
0.0210894
0.0211111
0.0209736
0.0216955
0.0212587
0.0207193
0.0200704
0.0192717
0.0192816
0.0181912
0.0173358
0.0166508
0.0158804
0.0154819
0.014552
0.0135471
0.0124768
0.0113485
0.0101745
0.00936803
0.00811192
0.00682789
0.00552726
0.00465235
0.00447872
0.00437477
0.00423849
0.00447255
0.00559004
0.00613555
0.00718221
0.00819463
0.00916828
0.0100979
0.0109852
0.011421
0.0122256
0.0129587
0.0136091
0.0141617
0.0143151
0.0146358
0.0148072
0.0148238
0.0149824
0.015157
0.0153549
0.0154616
0.0154724
0.0153799
0.0151818
0.0148735
0.0144732
0.013952
0.013309
0.0125366
0.0117192
0.0114524
0.0110871
0.0104721
0.00958799
0.00859183
0.00714517
0.00738263
0.00885183
0.010227
0.0114715
0.0124592
0.0132953
0.0146917
0.0179928
0.021265
0.0234752
0.023938
0.0221868
0.0189234
0.0154303
0.000755355
0.00250489
0.0157943
0.0295803
0.0403963
0.0441686
0.0504021
0.0553923
0.0594302
0.0627129
0.0589565
0.0609577
0.0625469
0.0637588
0.0646226
0.065155
0.0589039
0.0589212
0.0586217
0.0580069
0.0570842
0.0518095
0.0544566
0.0568075
0.0588521
0.0605842
0.053955
0.0551214
0.0560337
0.0566908
0.0571046
0.0572885
0.050067
0.050054
0.0498271
0.0493815
0.0487342
0.0422484
0.041535
0.0405932
0.0394487
0.0380895
0.0328236
0.0314571
0.0298959
0.0281521
0.0262478
0.0241986
0.0215203
0.020724
0.0199185
0.0191597
0.0184709
0.017233
0.0167619
0.0163265
0.0158932
0.0154285
0.0145575
0.0140459
0.0134971
0.0129167
0.0123134
0.0117049
0.0107962
0.0101855
0.00959881
0.00901105
0.00844936
0.00931485
0.00953448
0.00977441
0.0100465
0.0103452
0.0115986
0.0118384
0.0120913
0.0123542
0.0126039
0.0128609
0.0136858
0.0138709
0.0140485
0.0142157
0.0143598
0.015572
0.0157992
0.0160051
0.0161853
0.0163443
0.0180897
0.0181413
0.0181735
0.0181877
0.0181825
0.0181608
0.0194037
0.019301
0.0191887
0.0190673
0.0189388
0.0198379
0.0196536
0.0194691
0.0192852
0.0191066
0.0197516
0.0195481
0.0193565
0.0191779
0.0190164
0.0188743
0.0193461
0.0192151
0.0191108
0.019035
0.018994
0.0194159
0.0194124
0.0194511
0.0195285
0.0196534
0.0201047
0.0202938
0.0205415
0.0211699
0.0218291
0.0225202
0.0231024
0.0238472
0.0246187
0.0254112
0.0262219
0.0268966
0.0277292
0.0285662
0.0293965
0.0302147
0.0308702
0.0316415
0.0323648
0.033256
0.0344252
0.0356055
0.0366368
0.0377799
0.0388719
0.0398911
0.0591918
0.0627165
0.0724168
0.07684
0.0793969
0.0803276
0.0827265
0.0895841
0.0952823
0.0998298
0.103281
0.105673
0.101821
0.101959
0.101181
0.0995148
0.0970295
0.0879136
0.0839909
0.0794967
0.0745553
0.0692719
0.0585811
0.0532342
0.0479291
0.0427551
0.0377964
0.0331152
0.0272167
0.0258622
0.0245883
0.0234085
0.0222966
0.0195793
0.0187369
0.0179203
0.0171239
0.0163325
0.019384
0.0201052
0.0206756
0.0210679
0.0213264
0.0214479
0.0244005
0.0242025
0.0239108
0.0235222
0.0230758
0.0250106
0.0243433
0.0236164
0.0228642
0.02279
0.0255857
0.0262045
0.0268046
0.0273907
0.0279471
0.0284865
0.0306453
0.0310501
0.0313867
0.0316454
0.0318026
0.0332205
0.0331688
0.033041
0.0328551
0.0325924
0.0333574
0.0329439
0.0324914
0.0319818
0.0314396
0.0308583
0.0310481
0.0303643
0.0296492
0.0289234
0.0281685
0.0280142
0.0271859
0.0263383
0.0254856
0.0246294
0.0242237
0.0233219
0.0224742
0.0221773
0.0218569
0.0215012
0.0214159
0.0209942
0.0205591
0.0200892
0.0196038
0.019356
0.0188252
0.0182688
0.0176994
0.0171136
0.016735
0.0161134
0.0154776
0.0148378
0.0141741
0.0135174
0.013038
0.0123612
0.0116726
0.0109822
0.0102933
0.00977865
0.00908605
0.00840685
0.00772585
0.00706299
0.00655916
0.00591465
0.00529609
0.00469712
0.00411944
0.00422785
0.00446701
0.00496412
0.00554678
0.00625144
0.00706374
0.0077642
0.00880055
0.00998075
0.0112802
0.0127348
0.0140221
0.0157544
0.0176472
0.0197043
0.0219188
0.0243149
0.0264429
0.0291585
0.0320503
0.0351142
0.0383362
0.0412017
0.0224259
0.0302938
0.0462506
0.0550613
0.0563415
0.05755
0.0567535
0.0545951
0.0515026
0.0478086
0.0399988
0.0357696
0.0315167
0.0273517
0.0239402
0.0206148
0.0197123
0.0188708
0.0180898
0.0173628
0.0140299
0.0134546
0.0129686
0.0125576
0.012208
0.0118967
0.0105553
0.0111164
0.0115337
0.0118122
0.011971
0.0117676
0.0116152
0.0113603
0.0110177
0.010591
0.00962888
0.00977172
0.00991246
0.0100401
0.0101571
0.0102635
0.00884402
0.00888549
0.00891643
0.00894762
0.00897123
0.00730249
0.00728975
0.00728733
0.00727746
0.00726137
0.00788119
0.00837741
0.00887625
0.00937854
0.00987603
0.0103661
0.0113873
0.0118421
0.0122819
0.0127094
0.0131353
0.0139057
0.0142752
0.0146083
0.0149279
0.0152284
0.0157761
0.0160679
0.0164393
0.0167853
0.0170907
0.0173714
0.0179197
0.0181306
0.0183073
0.0184495
0.0185621
0.0188873
0.0189193
0.0189278
0.0189127
0.0188515
0.0189666
0.0188485
0.018694
0.0185152
0.0182996
0.0180588
0.0179641
0.0176579
0.0173178
0.0169537
0.0165646
0.016301
0.0158462
0.0153576
0.0148375
0.0142952
0.013867
0.0132547
0.0126049
0.0119266
0.0112222
0.0104744
0.00985984
0.00906816
0.00867435
0.00851326
0.00873408
0.00919062
0.0094223
0.00965464
0.00990178
0.0101486
0.0105522
0.010786
0.0109947
0.0111695
0.0113023
0.0113893
0.0115539
0.0124153
0.0136258
0.0150037
0.0165535
0.0180341
0.0199199
0.0219914
0.0298994
0.034678
0.0405881
0.0418096
0.0402167
0.0375989
0.034737
0.0319539
0.0301061
0.029382
0.0282683
0.026822
0.0251305
0.0237035
0.0235592
0.0232265
0.0227212
0.0220591
0.0210677
0.0217007
0.0223286
0.0229433
0.0235338
0.0240933
0.0233354
0.0238034
0.024228
0.0246063
0.0249313
0.0239209
0.025645
0.0275756
0.0294131
0.0311436
0.034311
0.0357794
0.0371499
0.0384314
0.0396212
0.0407228
0.0429989
0.0438969
0.0447208
0.0454627
0.0461134
0.0476989
0.0481248
0.0484691
0.0487537
0.0489929
0.0500405
0.0502116
0.0503714
0.0505131
0.0506502
0.0507891
0.0515361
0.0516605
0.051788
0.0519133
0.0520287
0.052571
0.0525978
0.0525533
0.0524119
0.0521342
0.0520873
0.0514339
0.0505444
0.0493959
0.0479617
0.0462151
0.0446255
0.0421674
0.0392956
0.0359865
0.0326961
0.0299303
0.0263627
0.0223807
0.0179763
0.0131377
0.0116483
0.0179911
0.0246441
0.031564
0.0386837
0.045963
0.0514465
0.0573416
0.0678154
0.0783273
0.0887467
0.0976683
0.111028
0.125388
0.139665
0.153763
0.165871
0.179316
0.192219
0.204422
0.215687
0.225693
0.233176
0.239936
0.244367
0.257569
0.281879
0.300979
0.318866
0.331277
0.337213
0.336994
0.346236
0.352659
0.355486
0.355739
0.357026
0.354735
0.352753
0.342817
0.32617
0.304761
0.280277
0.253913
0.227019
0.200452
0.174918
0.151899
0.137059
0.121195
0.105788
0.0910157
0.077039
0.0639705
0.0531206
0.0421392
0.0322709
0.0235373
0.021423
0.0218894
0.0208061
0.0211464
0.0218322
0.0222338
0.0223681
0.0222991
0.0220407
0.0216317
0.0211095
0.0205077
0.0197718
0.0192247
0.019523
0.0198523
0.0201948
0.0213415
0.0216329
0.0219003
0.022139
0.0223384
0.0231794
0.0232749
0.0233298
0.0233425
0.0233122
0.0232369
0.0236501
0.0233743
0.0229131
0.022294
0.0216639
0.0215696
0.0209164
0.0201913
0.0193916
0.0185133
0.018021
0.0169852
0.0158769
0.0147059
0.0134793
0.0122138
0.0113319
0.00999692
0.00864461
0.00764781
0.00764224
0.00749934
0.00742775
0.00731798
0.00837554
0.00962006
0.0102837
0.0114564
0.012576
0.0136354
0.014629
0.0155403
0.0159613
0.0167117
0.0173596
0.0179055
0.0183484
0.0184187
0.0186787
0.0188314
0.0188805
0.0188206
0.0184895
0.018221
0.0178223
0.0172908
0.0166298
0.0158456
0.0149275
0.0139191
0.0127891
0.0115415
0.0103638
0.00953364
0.0087314
0.00844251
0.00790599
0.00710107
0.00617291
0.00480047
0.00351289
0.00537032
0.00717531
0.00889271
0.0108016
0.0139033
0.0171824
0.0205417
0.0238189
0.0259164
0.0261588
0.0240961
0.0204884
0.0167028
0.000755355
0.00250489
0.0157943
0.0295803
0.0403963
0.0441686
0.0504021
0.0553923
0.0594302
0.0627129
0.0589565
0.0609577
0.0625469
0.0637588
0.0646226
0.065155
0.0589039
0.0589212
0.0586217
0.0580069
0.0570842
0.0518095
0.0544566
0.0568075
0.0588521
0.0605842
0.053955
0.0551214
0.0560337
0.0566908
0.0571046
0.0572885
0.050067
0.050054
0.0498271
0.0493815
0.0487342
0.0422484
0.041535
0.0405932
0.0394487
0.0380895
0.0328236
0.0314571
0.0298961
0.028153
0.0262513
0.0242081
0.0216073
0.0208787
0.0201505
0.0194429
0.0187596
0.0174762
0.0168977
0.0163327
0.0157787
0.0152402
0.0143612
0.0139266
0.0135572
0.0132685
0.0130667
0.0129676
0.0125863
0.0126645
0.0128672
0.0140645
0.0152472
0.013345
0.0142934
0.0154015
0.0164592
0.0174595
0.0155127
0.0164452
0.0173106
0.018115
0.0188324
0.0194923
0.0176858
0.0182897
0.0188353
0.0193008
0.0196569
0.0181666
0.0182612
0.0182885
0.0183354
0.0182954
0.017558
0.0173368
0.017063
0.0167386
0.0163713
0.0159649
0.0152802
0.0149818
0.0146787
0.0143761
0.0140786
0.0138569
0.0135664
0.0132925
0.0130387
0.0128078
0.0126196
0.0124363
0.0122877
0.0121759
0.012102
0.0120686
0.0120406
0.012089
0.0121835
0.0123245
0.0125144
0.012677
0.0129617
0.0132964
0.0136822
0.0141183
0.014492
0.0150204
0.0155979
0.0162247
0.0168948
0.0176086
0.0182205
0.0190088
0.0198335
0.020688
0.0215688
0.0223111
0.023227
0.0241532
0.0250785
0.0259967
0.0267434
0.0276229
0.0284585
0.0292408
0.0301936
0.0317081
0.0330302
0.0345058
0.0359368
0.0378328
0.0603613
0.063903
0.0734786
0.0777064
0.0800263
0.0807033
0.0852822
0.0919553
0.0974023
0.101654
0.104766
0.106797
0.102607
0.102354
0.10118
0.0991375
0.0962881
0.0868857
0.0826618
0.0779176
0.072765
0.0673266
0.0565295
0.0511074
0.0457624
0.0405866
0.0356526
0.0310194
0.0258607
0.0245998
0.0234276
0.0223427
0.0213284
0.0186886
0.01794
0.0172114
0.0165064
0.0159973
0.020461
0.0210713
0.0215267
0.0218221
0.0219841
0.0220319
0.0249208
0.024667
0.0243224
0.0238971
0.0234148
0.0253307
0.0246419
0.0239027
0.0231357
0.0223271
0.0245441
0.0251764
0.0258073
0.0264525
0.0270794
0.0277042
0.029942
0.0304563
0.0309323
0.0313683
0.0317345
0.0333578
0.0335573
0.033696
0.0337814
0.033778
0.0347505
0.0345539
0.0342933
0.0339506
0.0335511
0.0330922
0.0333721
0.0327753
0.0321309
0.0314611
0.0307469
0.0306178
0.0298078
0.0289706
0.0281196
0.027256
0.0268363
0.0259109
0.02547
0.0251753
0.0248518
0.0244872
0.0243892
0.0239484
0.0234886
0.0229894
0.0224694
0.0221874
0.0216134
0.0210096
0.0203879
0.0197467
0.0193157
0.0186309
0.0179272
0.0172155
0.0164764
0.0157411
0.0151904
0.0144292
0.0136522
0.0128695
0.012085
0.0114849
0.0106928
0.00991294
0.00912933
0.00836337
0.00776723
0.007016
0.00628955
0.00558157
0.00489311
0.00470265
0.00491522
0.00538905
0.00595609
0.00665268
0.00746488
0.00817284
0.00922513
0.0104325
0.0117691
0.0132724
0.0146129
0.0164161
0.0183941
0.0205516
0.0228814
0.0254079
0.0276606
0.0305293
0.033589
0.0368453
0.0402774
0.0433406
0.0248059
0.0328535
0.0489493
0.0578538
0.0591582
0.0603002
0.0593827
0.0570657
0.0537581
0.0497862
0.0417086
0.0371642
0.0325911
0.0281559
0.0272306
0.0238556
0.0228723
0.0219306
0.0210452
0.0202307
0.0168246
0.0161472
0.0155373
0.0150016
0.0145466
0.014137
0.0118807
0.0123485
0.0126424
0.0127741
0.0127659
0.0124018
0.0120531
0.0115926
0.0110385
0.0105697
0.00964428
0.00965183
0.00965854
0.00965522
0.00964276
0.00962298
0.0080949
0.00801665
0.00793358
0.00785611
0.00777777
0.00602335
0.00591623
0.00582643
0.00600443
0.00621327
0.00670354
0.00750364
0.0082927
0.00907052
0.00983048
0.0105701
0.0118767
0.0125711
0.0132381
0.0138801
0.0145096
0.0155717
0.0161322
0.0166471
0.0171408
0.0176084
0.0184374
0.0188274
0.0191846
0.0195157
0.0198059
0.0200719
0.0206066
0.0208005
0.0209604
0.0210895
0.0211932
0.0215129
0.021541
0.0215485
0.0215372
0.0214849
0.0216101
0.0215064
0.0213686
0.0212077
0.0210137
0.0207958
0.0207213
0.0204382
0.0201233
0.019789
0.0194347
0.0192029
0.0187858
0.0183368
0.0178603
0.0173637
0.0169766
0.0164128
0.0158132
0.0151856
0.0145347
0.0138407
0.013273
0.0125287
0.0117473
0.0109416
0.0101166
0.00941606
0.00854108
0.0076591
0.00773464
0.00789355
0.00808696
0.00841247
0.00884615
0.00938739
0.0100453
0.0108328
0.0116169
0.0126708
0.0138848
0.0152716
0.016831
0.01884
0.0218006
0.024974
0.0340489
0.038897
0.0446356
0.0455537
0.0437688
0.0416377
0.0434016
0.0442707
0.042748
0.0423475
0.0415155
0.04031
0.038775
0.0349589
0.0341725
0.0340384
0.0337056
0.0331884
0.0306754
0.029786
0.0287669
0.0276425
0.0280124
0.0288205
0.0282727
0.0289775
0.0296329
0.0302398
0.0307901
0.0299652
0.0303968
0.0307554
0.0310338
0.0312232
0.0300881
0.0301349
0.0300972
0.0299787
0.0297718
0.0307069
0.0329878
0.0338502
0.0346166
0.0352813
0.035854
0.0373869
0.0377592
0.0380727
0.0383289
0.0385306
0.0395189
0.0395844
0.0396268
0.0396562
0.0396727
0.0396748
0.0402978
0.0402941
0.0403092
0.0403493
0.0404098
0.0409364
0.0409947
0.0410256
0.0410091
0.0409326
0.0411168
0.0408042
0.0403496
0.039734
0.0388817
0.0377506
0.036912
0.0358108
0.0343157
0.0324149
0.0301016
0.0277526
0.0246353
0.0210794
0.0170833
0.0126299
0.013172
0.0186797
0.0244683
0.0304861
0.0366735
0.0429571
0.0475877
0.0504126
0.0585395
0.0678871
0.0794347
0.0910038
0.104321
0.117684
0.13103
0.144304
0.155801
0.168718
0.181283
0.193345
0.204676
0.214976
0.222918
0.230448
0.235941
0.242198
0.265993
0.285103
0.303637
0.317359
0.324997
0.334144
0.344914
0.352707
0.356434
0.357152
0.358582
0.356205
0.354038
0.34388
0.326995
0.305317
0.280535
0.253925
0.226789
0.200057
0.174455
0.150529
0.132434
0.117367
0.102761
0.0888193
0.0756921
0.0634947
0.053395
0.0432691
0.034239
0.0263173
0.0206948
0.0173592
0.0153042
0.0138525
0.0128796
0.0130195
0.0133943
0.0135575
0.0134934
0.0132412
0.0128345
0.0127924
0.0131105
0.0134887
0.0138206
0.0140863
0.014266
0.0144348
0.0152602
0.016605
0.0178213
0.018894
0.0208174
0.0215712
0.0221615
0.0225856
0.0228438
0.0229412
0.0238777
0.023693
0.0233985
0.0229881
0.0224525
0.0227379
0.0219931
0.0211735
0.0202928
0.0193577
0.0192167
0.0181728
0.0170906
0.0159779
0.0148419
0.0136937
0.0132585
0.0120762
0.0108895
0.00969332
0.00848547
0.00788787
0.00663644
0.00570586
0.00538106
0.00500382
0.00477657
0.00431296
0.00381294
0.00327541
0.00270209
0.00305465
0.00353366
0.0041817
0.00479871
0.00536725
0.00590113
0.00624484
0.00670172
0.00711288
0.00748111
0.00780566
0.00798345
0.00821942
0.00839633
0.00920856
0.0101519
0.0110634
0.0118494
0.0126465
0.013353
0.0139434
0.0143821
0.014648
0.0147404
0.0146175
0.0142602
0.0136528
0.0129139
0.0117817
0.0123789
0.013622
0.0148017
0.0158728
0.0167331
0.0174674
0.0179023
0.0179041
0.0185512
0.0205131
0.0209959
0.0195713
0.0168183
0.0138431
0.000755355
0.00250489
0.0157943
0.0295803
0.0403963
0.0441686
0.0504021
0.0553923
0.0594302
0.0627129
0.0589565
0.0609577
0.0625469
0.0637588
0.0646226
0.065155
0.0589039
0.0589212
0.0586217
0.0580069
0.0570842
0.0518095
0.0544566
0.0568075
0.0588521
0.0605842
0.053955
0.0551214
0.0560337
0.0566908
0.0571046
0.0572885
0.050067
0.050054
0.0498271
0.0493815
0.0487342
0.0422484
0.041535
0.0405932
0.0394487
0.0380895
0.0328236
0.0314571
0.0298959
0.0281521
0.0262478
0.0241986
0.0215203
0.020724
0.0199185
0.0191597
0.0184709
0.017233
0.0167619
0.0163265
0.0158932
0.0154285
0.0145575
0.0140459
0.0134971
0.0129167
0.0123134
0.0117049
0.0107962
0.0101855
0.00959881
0.00901105
0.00844936
0.00931485
0.00953448
0.00977441
0.0100465
0.0103452
0.0115986
0.0118384
0.0120913
0.0123542
0.0126039
0.0128609
0.0136858
0.0138709
0.0140485
0.0142157
0.0143598
0.015572
0.0157992
0.0160051
0.0161853
0.0163443
0.0180897
0.0181413
0.0181735
0.0181877
0.0181825
0.0181608
0.0194037
0.019301
0.0191887
0.0190673
0.0189388
0.0198379
0.0196536
0.0194691
0.0192852
0.0191066
0.0197516
0.0195481
0.0193565
0.0191779
0.0190164
0.0188743
0.0193461
0.0192151
0.0191108
0.019035
0.018994
0.0194159
0.0194124
0.0194511
0.0195285
0.0196534
0.0201047
0.0202938
0.0205415
0.0211699
0.0218291
0.0225202
0.0231024
0.0238472
0.0246187
0.0254112
0.0262219
0.0268966
0.0277292
0.0285662
0.0293965
0.0302147
0.0308702
0.0316415
0.0323648
0.033256
0.0344252
0.0356055
0.0366368
0.0377799
0.0388719
0.0398911
0.0591918
0.0627165
0.0724168
0.07684
0.0793969
0.0803276
0.0827265
0.0895841
0.0952823
0.0998298
0.103281
0.105673
0.101821
0.101959
0.101181
0.0995148
0.0970295
0.0879136
0.0839909
0.0794967
0.0745553
0.0692719
0.0585811
0.0532342
0.0479291
0.0427551
0.0377964
0.0331152
0.0272167
0.0258622
0.0245883
0.0234085
0.0222966
0.0195793
0.0187369
0.0179203
0.0171239
0.0163325
0.019384
0.0201052
0.0206756
0.0210679
0.0213264
0.0214479
0.0244005
0.0242025
0.0239108
0.0235222
0.0230758
0.0250106
0.0243433
0.0236164
0.0228642
0.02279
0.0255857
0.0262045
0.0268046
0.0273907
0.0279471
0.0284865
0.0306453
0.0310501
0.0313867
0.0316454
0.0318026
0.0332205
0.0331688
0.033041
0.0328551
0.0325924
0.0333574
0.0329439
0.0324914
0.0319818
0.0314396
0.0308583
0.0310481
0.0303643
0.0296492
0.0289231
0.0281685
0.028016
0.0271941
0.0263534
0.0255043
0.0246478
0.024241
0.0233368
0.0225026
0.0222079
0.0218914
0.0215412
0.0214613
0.0210467
0.0206185
0.0201556
0.0196778
0.0194368
0.0189136
0.0183643
0.0178011
0.0172213
0.0168469
0.0162292
0.0155961
0.0149567
0.0142929
0.0136349
0.0131534
0.0124731
0.0117803
0.0110847
0.0103902
0.00987046
0.00917235
0.00848822
0.00780105
0.00713147
0.00662028
0.00596671
0.00533805
0.0047277
0.0041363
0.00421227
0.0044534
0.00495564
0.00554623
0.00626131
0.00708691
0.0078005
0.00885314
0.0100518
0.0113708
0.0128454
0.0141501
0.0159043
0.0178232
0.0199099
0.0221596
0.0245936
0.0267568
0.0295136
0.0324459
0.0355512
0.0388168
0.0417275
0.0230054
0.0309397
0.0471189
0.0562273
0.0577798
0.0592464
0.0586663
0.0566829
0.0536861
0.0500055
0.042159
0.0378595
0.0335023
0.0291913
0.0270285
0.0237923
0.0229749
0.02219
0.0214531
0.0207669
0.0174641
0.016888
0.0163737
0.0159169
0.0155251
0.015157
0.0123103
0.0122989
0.0127214
0.0129783
0.0130938
0.0128383
0.0126171
0.0122836
0.0118511
0.012078
0.0112445
0.0113426
0.011427
0.0114929
0.0115414
0.0115745
0.0100881
0.010052
0.0100054
0.0099612
0.00991178
0.00817938
0.00809522
0.00802279
0.00794393
0.00786282
0.00606954
0.00610071
0.00665071
0.00744836
0.00823148
0.00899521
0.0103219
0.0110378
0.0117267
0.0123908
0.013043
0.0141248
0.014708
0.0152458
0.0157619
0.0162506
0.0170976
0.0175073
0.0178836
0.0182328
0.0185399
0.0188209
0.0193683
0.0195772
0.0197506
0.019889
0.0199986
0.0203229
0.0203539
0.0203626
0.0203475
0.0202881
0.0204075
0.0202976
0.0201524
0.0199859
0.0197853
0.0195619
0.0194842
0.0191986
0.0188812
0.0185453
0.0181922
0.0179643
0.0175538
0.0171137
0.0166483
0.0161656
0.0157929
0.0152487
0.01467
0.0140665
0.0134397
0.0127711
0.0122254
0.011507
0.0107506
0.00996855
0.0091649
0.00848171
0.00762593
0.00698846
0.00710689
0.00730266
0.00752713
0.00788614
0.00835238
0.00892485
0.00961213
0.010426
0.0112321
0.0123082
0.0135454
0.0149534
0.0165346
0.0186539
0.0215106
0.0245688
0.0335169
0.0383525
0.0442647
0.0454104
0.0437824
0.0411771
0.0399475
0.0406133
0.0389228
0.0383432
0.0373427
0.035987
0.0343153
0.0312353
0.0312759
0.0310902
0.0306933
0.030105
0.0275283
0.0265641
0.0256649
0.0262558
0.0267826
0.0272399
0.0263655
0.0266699
0.0269044
0.027068
0.02715
0.0258987
0.025834
0.0257112
0.0255734
0.0276358
0.0310937
0.032883
0.0345618
0.0361238
0.0375608
0.0388883
0.0413556
0.0424538
0.043471
0.0444157
0.0452865
0.0470862
0.0477653
0.0483855
0.0489519
0.0494726
0.0507555
0.0511675
0.0515562
0.0519188
0.0522481
0.0525601
0.0534521
0.0537271
0.053977
0.0541969
0.0543791
0.0549524
0.0549715
0.0549008
0.054717
0.054386
0.0542807
0.0535503
0.0525662
0.0512922
0.0496727
0.0476849
0.0458512
0.0430877
0.0400104
0.0373638
0.0343338
0.0313876
0.0276256
0.0234629
0.0188908
0.0139065
0.011198
0.0178206
0.0247587
0.0319671
0.0393889
0.0469798
0.0527285
0.062527
0.0734579
0.0844032
0.0952099
0.104421
0.114706
0.125866
0.140296
0.154563
0.166841
0.180525
0.193712
0.206238
0.217859
0.228249
0.236082
0.243247
0.248085
0.250101
0.273065
0.29205
0.309817
0.322105
0.327921
0.331826
0.340951
0.347319
0.350162
0.350499
0.351928
0.349825
0.348056
0.338486
0.322186
0.301059
0.276804
0.250579
0.223781
0.197258
0.17173
0.147716
0.132113
0.116434
0.101173
0.0865189
0.0726401
0.0596619
0.0488854
0.0379865
0.0281957
0.0195431
0.0182696
0.0189867
0.0181695
0.0183954
0.0190821
0.0194395
0.0194969
0.0193055
0.0188896
0.018293
0.0175473
0.0166896
0.0178787
0.0182241
0.01862
0.0190499
0.019497
0.0207343
0.0211308
0.0215047
0.02185
0.0221564
0.0230906
0.023288
0.0234382
0.0235401
0.0235937
0.0235945
0.0240668
0.0238557
0.0234574
0.0228988
0.0223281
0.022286
0.021692
0.0210294
0.0202944
0.019486
0.0190618
0.0181143
0.0171063
0.0160465
0.0149411
0.0138054
0.0130433
0.0118474
0.010634
0.009415
0.00819343
0.00732696
0.00627968
0.00593603
0.00556712
0.00517464
0.00471669
0.00427777
0.00419459
0.00515743
0.00605623
0.00688165
0.00723594
0.00791794
0.008499
0.00898398
0.00937319
0.00939658
0.00961085
0.00972752
0.0097412
0.00964992
0.00988416
0.0101704
0.0103796
0.0105101
0.0105498
0.0104999
0.0108798
0.0115133
0.0120553
0.0124938
0.0128026
0.0129749
0.0129834
0.0127986
0.0123962
0.0117576
0.0110026
0.00986119
0.00843094
0.00850642
0.00965832
0.0107393
0.0116403
0.0124501
0.0143973
0.0173836
0.0203671
0.0223931
0.0227875
0.0211115
0.0180293
0.0147614
0.000755355
0.00250489
0.0157943
0.0295803
0.0403963
0.0441686
0.0504021
0.0553923
0.0594302
0.0627129
0.0589565
0.0609577
0.0625469
0.0637588
0.0646226
0.065155
0.0589039
0.0589212
0.0586217
0.0580069
0.0570847
0.0518103
0.0544579
0.0568099
0.0588557
0.0605875
0.053958
0.0551241
0.0560384
0.0566972
0.0571149
0.0573038
0.0500878
0.0500831
0.0498658
0.049431
0.048796
0.0423225
0.0416255
0.0407027
0.0395791
0.0382409
0.0329914
0.0316384
0.0300773
0.0283197
0.0263973
0.0243418
0.0218028
0.0210157
0.0202238
0.0194382
0.0186697
0.0172935
0.0165976
0.0158904
0.0151844
0.0144713
0.0134382
0.0128171
0.0122661
0.0117896
0.011415
0.0111424
0.0106237
0.0105435
0.0105815
0.0106852
0.0108855
0.0106593
0.0109426
0.0112355
0.0115703
0.0119105
0.0124138
0.0128121
0.0131983
0.0135567
0.01387
0.014141
0.0149406
0.0150573
0.0151338
0.0151687
0.0151639
0.0155126
0.0154031
0.0152588
0.0150924
0.0148966
0.0149409
0.0146884
0.0144241
0.0141499
0.0138727
0.0135894
0.0134464
0.0131528
0.012871
0.0126022
0.0123514
0.012178
0.0119541
0.0117545
0.0115844
0.0114432
0.0113388
0.0112543
0.0112079
0.0111994
0.011231
0.0113025
0.0113661
0.0115183
0.0117157
0.0119572
0.0122454
0.0124912
0.0128675
0.0132899
0.0137587
0.0142732
0.0147106
0.0153069
0.0159463
0.0166291
0.0173488
0.0181063
0.0187499
0.0195691
0.0204178
0.021292
0.0221863
0.0229371
0.023858
0.0247855
0.0257079
0.026621
0.02736
0.0282277
0.0290468
0.0298112
0.0308182
0.0322528
0.033509
0.0349169
0.0362862
0.0379855
0.0606179
0.0641441
0.0737164
0.0779429
0.0802654
0.0809449
0.0851773
0.0918337
0.0972663
0.101505
0.104604
0.106622
0.102419
0.102153
0.100963
0.0989038
0.0960357
0.0866185
0.0823795
0.0776224
0.0724588
0.067015
0.0562171
0.0507989
0.0454634
0.0403033
0.0353901
0.0307823
0.0261061
0.0248373
0.0236581
0.0225707
0.0215578
0.0189214
0.0181768
0.0174536
0.0167574
0.0162853
0.0207359
0.021331
0.0217731
0.0220539
0.0222008
0.0222292
0.0251006
0.024825
0.02446
0.0240146
0.0235134
0.0254155
0.0247139
0.0239626
0.0231899
0.022378
0.0246759
0.0252495
0.025814
0.0263845
0.0269227
0.0274296
0.0295161
0.0298149
0.0300507
0.0302237
0.0303084
0.0316764
0.0315774
0.0314158
0.0312055
0.0309292
0.0316853
0.0312614
0.0307972
0.0302762
0.0297177
0.0291175
0.0292872
0.0285788
0.0278327
0.0270706
0.0262749
0.0260831
0.0252128
0.0246237
0.0244628
0.0242674
0.0243727
0.0240946
0.0237843
0.0234404
0.0230747
0.0226752
0.0225506
0.0220836
0.021602
0.0210859
0.0205534
0.0202638
0.0196839
0.019077
0.0184558
0.0178182
0.0173937
0.0167199
0.016031
0.0153372
0.0146183
0.0139058
0.0133772
0.0126442
0.0118989
0.0111511
0.0104044
0.00984017
0.00909114
0.00835644
0.0076186
0.00689841
0.00634347
0.00564114
0.00496553
0.00431127
0.00367872
0.00309518
0.00313893
0.0037152
0.00438509
0.00518314
0.00609522
0.00688789
0.00803643
0.00933748
0.0107662
0.0123585
0.0137742
0.0156628
0.0177249
0.0199648
0.0223762
0.0249833
0.0273061
0.0302593
0.0334061
0.0367456
0.0402599
0.0433983
0.0249477
0.0330793
0.0491959
0.0580557
0.059318
0.0604332
0.0595001
0.0571873
0.0538951
0.0499523
0.041905
0.0374104
0.0329087
0.0285119
0.0260073
0.0225855
0.0215726
0.0206221
0.019744
0.018946
0.0155512
0.014903
0.0143507
0.0138913
0.0135262
0.0132133
0.0108763
0.0114222
0.0118106
0.012055
0.0121772
0.0119347
0.011728
0.0114126
0.0110024
0.0108138
0.0100632
0.0102703
0.0104767
0.0106719
0.0108569
0.0110293
0.00966325
0.00976228
0.00984856
0.00993418
0.0100083
0.00837878
0.00840724
0.0084431
0.00846719
0.00848146
0.00743185
0.00800231
0.00857393
0.00914816
0.00971548
0.010274
0.0113537
0.0118737
0.0123769
0.0128657
0.0133505
0.0141705
0.014595
0.0149809
0.0153515
0.0157012
0.0162901
0.0165661
0.0168096
0.0170266
0.0172023
0.0173521
0.0176413
0.0177447
0.0178363
0.017891
0.0179135
0.0181579
0.0180975
0.0180139
0.0179075
0.0177553
0.0177897
0.0175762
0.0173247
0.0170459
0.0167274
0.0163789
0.0161876
0.0157671
0.0153082
0.0148205
0.0143042
0.0139244
0.0133334
0.0127065
0.0120463
0.0113606
0.0108525
0.0103728
0.00989586
0.00977796
0.0100949
0.0104406
0.0110745
0.0114327
0.011822
0.0122256
0.0126416
0.013275
0.013712
0.0141529
0.0146094
0.0150678
0.015659
0.0161142
0.0165615
0.0169963
0.0174082
0.0177931
0.0182221
0.0185219
0.0187599
0.018925
0.019005
0.0190814
0.0189471
0.0186592
0.0258642
0.0303285
0.0359931
0.0371904
0.0355246
0.0327983
0.0298707
0.0270554
0.023191
0.0208188
0.0188496
0.0174732
0.0158341
0.0119676
0.0108226
0.0109736
0.0111618
0.0113681
0.0104777
0.0106465
0.0107965
0.0109217
0.0123189
0.0149192
0.0194495
0.0219347
0.0243633
0.026727
0.0290183
0.0329965
0.0350678
0.0370422
0.0389254
0.0407147
0.0439504
0.0455025
0.0469637
0.0483408
0.0496326
0.0508401
0.0532005
0.054169
0.055049
0.0558323
0.056543
0.0582252
0.0587987
0.0593327
0.0598397
0.0603212
0.0615977
0.0620374
0.0624791
0.0629198
0.0633509
0.0637594
0.0647193
0.0650523
0.0653469
0.0655911
0.0657639
0.0662932
0.066226
0.065997
0.0655612
0.0649014
0.0644496
0.0632576
0.0617447
0.0598809
0.0576302
0.0549658
0.0524995
0.0489738
0.0449704
0.040478
0.0354887
0.0308712
0.026677
0.0224309
0.0178177
0.0128209
0.00813167
0.0121536
0.0203419
0.0298091
0.0397503
0.0501237
0.0596475
0.0713543
0.0833478
0.095307
0.107047
0.117009
0.128075
0.138722
0.14896
0.159005
0.171596
0.185576
0.198991
0.211683
0.223424
0.233899
0.24179
0.24902
0.253941
0.256059
0.267591
0.286355
0.303982
0.316334
0.322508
0.325501
0.334575
0.34123
0.344626
0.345667
0.347834
0.346371
0.344995
0.335705
0.31965
0.298743
0.274679
0.248622
0.222002
0.195653
0.170297
0.151156
0.136599
0.120926
0.105546
0.0906897
0.0765648
0.0633324
0.0523153
0.041146
0.0310833
0.0221445
0.0169345
0.0174094
0.0190203
0.0204478
0.0215141
0.0222415
0.0226162
0.0227675
0.0226709
0.0223617
0.0218736
0.0212332
0.020409
0.0195257
0.0185569
0.0175204
0.0164328
0.016495
0.0168801
0.0172676
0.0176541
0.0180284
0.0190393
0.0193476
0.0196297
0.0198888
0.0201656
0.0203747
0.0208747
0.0206845
0.0203945
0.0200125
0.0195415
0.019485
0.0188341
0.0181026
0.0172999
0.0164297
0.0159569
0.0149624
0.0139143
0.0128225
0.0116893
0.0105228
0.0100432
0.0101735
0.0102755
0.0103438
0.0103763
0.0102668
0.0102327
0.0101605
0.010046
0.00988717
0.00961679
0.00937277
0.00907621
0.008839
0.00873877
0.00859699
0.00854361
0.00838704
0.00915761
0.00986269
0.0104973
0.0109029
0.0113956
0.0118057
0.0121321
0.0123684
0.012432
0.0124999
0.0124682
0.0123405
0.0121062
0.011767
0.0113322
0.0107885
0.0101228
0.00959989
0.00994161
0.0101034
0.0100625
0.00979346
0.00927629
0.00849278
0.00949503
0.0108036
0.012096
0.0133517
0.0145409
0.0156274
0.0164968
0.0177274
0.0211197
0.0245789
0.0279451
0.0301416
0.0304638
0.0284391
0.0248186
0.0209669
0.000755355
0.00250489
0.0157943
0.0295803
0.040397
0.0441711
0.0504074
0.055402
0.0594489
0.0627483
0.0590124
0.0610426
0.0626698
0.0639295
0.0648444
0.0654255
0.0592212
0.0593038
0.0590879
0.0585775
0.0577838
0.0528625
0.0557927
0.0584746
0.0608905
0.0630402
0.0568064
0.0584679
0.0599129
0.0611457
0.0621665
0.0629921
0.0563442
0.0570055
0.0574543
0.0576857
0.0576999
0.0517777
0.0516789
0.0513158
0.0507034
0.0498242
0.0449322
0.0439322
0.0426573
0.0411109
0.0406716
0.0416169
0.0411902
0.0424318
0.0437552
0.0451344
0.0465707
0.0471573
0.0487417
0.0503812
0.0520599
0.0565958
0.0568858
0.0610525
0.0649915
0.0687001
0.0721696
0.0754082
0.0746498
0.0774791
0.0800814
0.0824307
0.0845491
0.0830714
0.0847983
0.0862761
0.087528
0.0885571
0.0865077
0.0871882
0.0876669
0.0879581
0.0880453
0.0879661
0.0854294
0.0851068
0.08463
0.0839787
0.0831132
0.0802235
0.0790535
0.0777058
0.0762023
0.0745535
0.0713832
0.0695801
0.0676786
0.0656918
0.0636357
0.0615206
0.0583554
0.0562121
0.0540386
0.0518433
0.0496346
0.0466804
0.0445144
0.0423534
0.0402039
0.038067
0.0354153
0.033354
0.0313174
0.0293076
0.0273247
0.0253703
0.0239206
0.0225619
0.0212899
0.0201061
0.0190093
0.0180259
0.0171133
0.0162902
0.0160252
0.016226
0.016396
0.0166952
0.0170487
0.0174569
0.0179134
0.0184178
0.0188523
0.0194427
0.0200758
0.0207448
0.0214468
0.0220381
0.0227885
0.0235556
0.0243313
0.025107
0.0257373
0.0264907
0.0272103
0.0278859
0.0285029
0.029042
0.0294183
0.0309355
0.0323811
0.0349541
0.0591052
0.0625051
0.0720105
0.0762533
0.078634
0.0793961
0.0821617
0.0890067
0.0946691
0.099175
0.102575
0.104921
0.101027
0.101127
0.100314
0.0986354
0.096146
0.0870496
0.0831613
0.0787292
0.0738614
0.0686772
0.0580758
0.0528433
0.0476512
0.0425926
0.0377411
0.0331567
0.0265611
0.0253206
0.0241587
0.0230763
0.0220609
0.0194145
0.0186512
0.0178998
0.0171679
0.0164293
0.0196563
0.0203237
0.0208367
0.021189
0.0214034
0.0214974
0.0244212
0.0242037
0.0238926
0.0234978
0.0230429
0.0249789
0.0243079
0.0235849
0.0228329
0.0223323
0.0250895
0.0256742
0.0262279
0.0267452
0.027186
0.027564
0.029534
0.0297014
0.0298043
0.0298475
0.0298029
0.0310563
0.0308277
0.0305391
0.0302061
0.0298089
0.0304632
0.029934
0.0293757
0.0287698
0.0281371
0.0274714
0.0275895
0.0268265
0.0260348
0.0252373
0.0244163
0.0242099
0.0233286
0.022436
0.0215438
0.0207544
0.0208156
0.0204921
0.0201415
0.0197623
0.019367
0.0189433
0.0188025
0.0183229
0.0178343
0.0173158
0.0167858
0.0165026
0.0159353
0.0153455
0.0147439
0.0141285
0.0137258
0.0130799
0.0124224
0.0117636
0.0110832
0.0104119
0.00992174
0.00923448
0.00853767
0.00784148
0.00714904
0.00663404
0.00594412
0.00527045
0.0045959
0.00394174
0.00344656
0.00281458
0.00221065
0.00198399
0.00233322
0.00278729
0.00314419
0.00377999
0.00450674
0.00535993
0.00632246
0.00715625
0.00834776
0.0096875
0.0111489
0.0127677
0.0142012
0.0161028
0.0181727
0.0204131
0.0228189
0.0254128
0.0277196
0.0306433
0.0337489
0.037032
0.0404796
0.0435536
0.0250223
0.0331391
0.0494581
0.0586737
0.0602997
0.0618405
0.0613334
0.0594185
0.0564956
0.0528823
0.0450906
0.0408433
0.0365283
0.0322512
0.0299871
0.0266466
0.0257033
0.0248082
0.0239633
0.0231637
0.0197511
0.0190619
0.0184474
0.0179105
0.0174466
0.0170239
0.0141322
0.0138387
0.0135535
0.0132736
0.0129944
0.01061
0.0104583
0.0101946
0.00984069
0.00950545
0.00879389
0.00903244
0.00926379
0.0094771
0.00967381
0.00985085
0.00848779
0.00858658
0.00881645
0.00912862
0.00941982
0.00774013
0.0080151
0.0082902
0.00854883
0.0087946
0.00723596
0.00749265
0.00773608
0.00848825
0.00925379
0.0100047
0.0113244
0.012037
0.0127239
0.0133912
0.0140494
0.0151378
0.0157303
0.0162793
0.0168073
0.017311
0.0181726
0.0186004
0.0189961
0.0193661
0.0196976
0.0200066
0.020581
0.0208221
0.0210296
0.021202
0.0213466
0.0217009
0.0217683
0.0218139
0.0218375
0.0218167
0.0219689
0.0218924
0.0217791
0.0216406
0.0214662
0.0212658
0.0212057
0.0209386
0.0206399
0.020319
0.0199752
0.0197496
0.0193391
0.018898
0.0184283
0.0179367
0.0175549
0.0169969
0.0164029
0.0157808
0.0151344
0.0144433
0.0138794
0.0131396
0.0123613
0.0115574
0.0107353
0.010037
0.00916635
0.00828802
0.00772243
0.00789509
0.00809859
0.0084367
0.00888234
0.00943681
0.0101105
0.0109172
0.0117191
0.0127961
0.0140362
0.0154571
0.0170557
0.0191316
0.0221046
0.0253049
0.034419
0.0393497
0.045101
0.0461831
0.0445817
0.0420626
0.0437004
0.0444633
0.0428363
0.0423045
0.0413333
0.0399945
0.0383378
0.034422
0.0342244
0.0339598
0.0335003
0.0328653
0.0302691
0.0293171
0.0282637
0.0287912
0.0295101
0.0301831
0.0295159
0.0300829
0.030602
0.0310735
0.0314936
0.0305622
0.0308818
0.0311476
0.0313578
0.0315037
0.0303476
0.0303803
0.0303438
0.0302331
0.0300424
0.0297623
0.0282997
0.0278606
0.0282426
0.0285896
0.0288351
0.0300824
0.0301391
0.0301554
0.0301133
0.0300324
0.0308069
0.0306462
0.0304809
0.0303169
0.0301523
0.0300031
0.030507
0.0303729
0.030268
0.0302016
0.0301655
0.0306194
0.0306005
0.0305875
0.0305505
0.0304688
0.0306675
0.0303986
0.030778
0.0309877
0.0308802
0.0304325
0.0297836
0.028629
0.0270719
0.0250941
0.0226795
0.0202172
0.016937
0.013178
0.00894366
0.00980115
0.013038
0.0173288
0.0217637
0.0264395
0.0322904
0.0385698
0.0436558
0.0530385
0.0643738
0.0763446
0.0886585
0.0995917
0.11218
0.124835
0.137492
0.150092
0.161013
0.173221
0.184973
0.196058
0.206219
0.215154
0.221694
0.227333
0.236224
0.259347
0.280345
0.296004
0.309276
0.320586
0.338062
0.349891
0.355761
0.35811
0.357107
0.353967
0.352255
0.347281
0.343167
0.33108
0.312527
0.289357
0.263212
0.235492
0.20716
0.179285
0.152581
0.127572
0.104116
0.0842863
0.0700106
0.0564534
0.0437763
0.0320887
0.022483
0.0129824
0.00986233
0.00968042
0.0102283
0.013662
0.0162856
0.0191271
0.0210543
0.0221509
0.021586
0.0213194
0.0205139
0.0192682
0.0176663
0.0157889
0.0143493
0.0132404
0.0121275
0.0110316
0.010296
0.011567
0.0120197
0.0124694
0.0129149
0.0133438
0.0144044
0.0147691
0.0151168
0.0154415
0.0157377
0.0159883
0.016686
0.0167304
0.016565
0.0162865
0.0161152
0.0163917
0.0161503
0.0158331
0.0154367
0.0149591
0.0148181
0.0141883
0.0134953
0.0127464
0.0119497
0.0111152
0.0106145
0.00970885
0.00877813
0.00783411
0.0068844
0.00624621
0.00528008
0.00432301
0.00401801
0.00382377
0.00353131
0.00379525
0.00459255
0.00533412
0.00601579
0.00662428
0.00679742
0.00727588
0.00766568
0.00795576
0.00813322
0.00796187
0.00794415
0.00781949
0.00772004
0.0081367
0.00839344
0.00872421
0.00900552
0.00923638
0.00940676
0.0101
0.0107538
0.0113964
0.0119468
0.0123924
0.0127085
0.0128883
0.0129047
0.0127296
0.012337
0.0117142
0.0109753
0.011832
0.0131548
0.0143948
0.0155343
0.0165441
0.0173445
0.0179993
0.0183639
0.0190501
0.0193409
0.0186296
0.0173505
0.0158293
0.014381
0.0131741
