0.000756264
0.0025291
0.0157691
0.0294463
0.0400956
0.0436808
0.0496525
0.0543413
0.0580482
0.0609812
0.0569074
0.0585283
0.0597224
0.06052
0.0609446
0.0610022
0.0543219
0.0538372
0.0530134
0.051884
0.0504406
0.0440037
0.0456731
0.0469729
0.0479943
0.0486936
0.041241
0.0415239
0.0417183
0.0417523
0.041759
0.0416407
0.0343313
0.0342938
0.0341542
0.0338014
0.0332239
0.0267383
0.0259128
0.0247225
0.0231553
0.0212274
0.0153234
0.013107
0.0105632
0.00776021
0.00473841
0.00359266
0.00305038
0.00602157
0.00897975
0.0118503
0.0145915
0.0172
0.0193229
0.021181
0.0227646
0.024077
0.0244276
0.025156
0.0256768
0.0260138
0.0261902
0.0262489
0.0250859
0.0249197
0.0247093
0.024442
0.0241472
0.0225358
0.0221694
0.0217772
0.0213767
0.0209765
0.01929
0.0188754
0.018465
0.0180794
0.017692
0.0173365
0.0157797
0.0154582
0.0151523
0.014864
0.0145827
0.0132127
0.0129831
0.0127654
0.0125646
0.0123762
0.0112249
0.011094
0.0109728
0.0108643
0.0107655
0.0106765
0.00976695
0.0097207
0.00968054
0.00964311
0.00960764
0.00887103
0.00886895
0.00887066
0.00887339
0.00887552
0.00828576
0.00831084
0.00833893
0.00836554
0.00838947
0.00841042
0.00795822
0.00798631
0.00799926
0.00799544
0.00797513
0.00827335
0.00883345
0.00941725
0.0100352
0.0106878
0.0112338
0.011933
0.0126522
0.0133939
0.0141503
0.0149185
0.0155486
0.0163306
0.0171164
0.0180598
0.019097
0.0201383
0.0212036
0.0222909
0.0233921
0.0245027
0.0255315
0.0266277
0.0277081
0.028761
0.0297702
0.030723
0.0315036
0.0322955
0.0329657
0.0334829
0.0313635
0.034555
0.0447387
0.0502032
0.0542061
0.0568207
0.0585165
0.0666161
0.0738677
0.0802159
0.0856676
0.0902038
0.0883174
0.090748
0.0922814
0.092916
0.0926712
0.0854454
0.0835679
0.0809944
0.0778476
0.0742476
0.0649221
0.0610153
0.0570215
0.0530439
0.0491527
0.045448
0.0413627
0.0410963
0.0408089
0.0404977
0.0401314
0.0379542
0.0375956
0.0370981
0.0364501
0.0356134
0.0336366
0.0325475
0.031246
0.0296984
0.027916
0.0259052
0.0234618
0.0211088
0.0185319
0.0157405
0.0127679
0.00986153
0.0066286
0.00546536
0.00617543
0.00743374
0.0107864
0.0121716
0.0146481
0.0184455
0.0222054
0.0259161
0.0288649
0.0323644
0.035733
0.0389445
0.0419498
0.0440854
0.0466476
0.0490192
0.0528738
0.0565968
0.0592138
0.062524
0.0655056
0.0680954
0.0714925
0.0763363
0.081072
0.0853377
0.0891511
0.0923819
0.0949553
0.0971343
0.0982939
0.0987128
0.0984182
0.097487
0.096629
0.094741
0.0933556
0.0943655
0.0949397
0.0949848
0.094749
0.0936186
0.0917828
0.0891616
0.0857182
0.0820792
0.0768972
0.0706793
0.0633521
0.0548895
0.0465898
0.0360044
0.0242615
0.0113691
0.00322015
0.0177875
0.030777
0.0422059
0.0498384
0.0547852
0.0577674
0.0591395
0.0593615
0.0584074
0.0563978
0.0534025
0.0501828
0.0457691
0.0407941
0.0353832
0.0295999
0.0236131
0.0184236
0.017616
0.0220237
0.0265954
0.0312422
0.0351544
0.03965
0.043843
0.0476871
0.0513086
0.0541343
0.0572468
0.0600868
0.0626674
0.0650541
0.0673753
0.0699175
0.0776759
0.0861428
0.0953601
0.10538
0.114766
0.104136
0.117385
0.131741
0.13473
0.128651
0.119843
0.108028
0.0942606
0.0792634
0.0651559
0.0595373
0.0548627
0.0495454
0.0457192
0.050382
0.0526832
0.0547851
0.0558804
0.0634236
0.0725422
0.0818807
0.088689
0.094442
0.0991551
0.102854
0.105599
0.107914
0.10874
0.108777
0.108087
0.106743
0.104763
0.102265
0.0993775
0.0961803
0.0927323
0.0885152
0.0846327
0.0806686
0.0766664
0.0726679
0.0687037
0.0637867
0.0599256
0.0561814
0.0525688
0.0490815
0.0444538
0.0412363
0.0382611
0.0355233
0.0330174
0.0292836
0.0271687
0.0252301
0.0234452
0.0217832
0.0202181
0.0172451
0.0158264
0.0144646
0.013155
0.011908
0.00928025
0.00812114
0.00696722
0.00687328
0.00690969
0.00625201
0.00686925
0.00744605
0.00797636
0.00847968
0.00893766
0.00912775
0.00952819
0.00988749
0.0102194
0.0105222
0.0106482
0.0109301
0.0111876
0.0114199
0.0116481
0.0117644
0.0119486
0.0121219
0.0122808
0.0124571
0.0126464
0.0127782
0.0129468
0.013084
0.0131626
0.0131941
0.0131678
0.0130826
0.0129123
0.012658
0.0123038
0.0119376
0.0114374
0.0108668
0.0102092
0.00946146
0.00864314
0.00785663
0.00683576
0.00808289
0.0108637
0.0137142
0.0155263
0.0172682
0.0183445
0.0187826
0.0186697
0.018003
0.0171308
0.0182108
0.0198196
0.0217107
0.0239092
0.0259305
0.0287631
0.0319502
0.0354893
0.0393774
0.0429429
0.0474923
0.0523736
0.0632309
0.0694327
0.0752357
0.0751469
0.0716766
0.066835
0.061491
0.0560137
0.0496432
0.0463934
0.0439632
0.0415121
0.0391076
0.0348408
0.0325993
0.0305295
0.0286535
0.02697
0.0232436
0.0218731
0.0206459
0.0195343
0.0185075
0.0175188
0.0165291
0.0171243
0.0175296
0.0177719
0.0178708
0.0190969
0.0189586
0.0187198
0.0184017
0.0180175
0.0188663
0.018379
0.0178474
0.0172796
0.0166803
0.0160574
0.0166281
0.0159331
0.0152112
0.0144659
0.0137015
0.0140443
0.0132352
0.0124319
0.0122486
0.0122808
0.0137119
0.0136246
0.0135169
0.0133953
0.0132622
0.0131199
0.0141643
0.0139831
0.0138038
0.0136209
0.0134327
0.0141941
0.0138887
0.0135374
0.0131481
0.0127359
0.0131287
0.0126327
0.0121186
0.0115967
0.0110742
0.0105649
0.0107262
0.0102442
0.00978952
0.00935951
0.00893346
0.00898834
0.00847644
0.00792114
0.00732033
0.00666199
0.00639109
0.00563058
0.00482118
0.0047067
0.00485686
0.00502427
0.0052511
0.0054343
0.00562395
0.00582492
0.00605115
0.00632879
0.00709336
0.00785872
0.00867514
0.00954869
0.0103537
0.011324
0.0123294
0.0133696
0.0144426
0.0155107
0.0164271
0.0174675
0.0184945
0.0194967
0.0204733
0.0213223
0.0234936
0.027652
0.0323354
0.0375868
0.0427389
0.0492538
0.056552
0.0647106
0.0764148
0.0862668
0.095854
0.0998908
0.0976605
0.0907588
0.0805914
0.0664277
0.0533917
0.0407487
0.0289863
0.0242492
0.0185039
0.0122673
0.0151966
0.0228174
0.0291744
0.0342913
0.0395431
0.0422402
0.0439054
0.0446392
0.0445481
0.0446837
0.0431979
0.0412104
0.0388184
0.0361099
0.0338258
0.0306648
0.0274132
0.0241308
0.0208735
0.0176798
0.0149749
0.0119772
0.00913334
0.00731781
0.00738582
0.00675079
0.00702307
0.007276
0.0075036
0.0077056
0.00716186
0.00733602
0.00793397
0.00854233
0.00897768
0.00925151
0.00951791
0.00955048
0.00948903
0.00935361
0.00916553
0.00911441
0.00886607
0.00859845
0.00832531
0.00804707
0.00794694
0.00767508
0.00741792
0.0071758
0.00694034
0.00670707
0.00663251
0.00641936
0.00621995
0.0060375
0.00589171
0.0059109
0.00585312
0.00583041
0.00586408
0.00596248
0.00619245
0.00640218
0.00666475
0.00696255
0.0073075
0.00769849
0.00815049
0.00861074
0.0091015
0.00997829
0.0109154
0.011947
0.0128095
0.0136201
0.0150535
0.0166082
0.0180034
0.0194401
0.0207604
0.0219476
0.0229842
0.0238646
0.0245453
0.0250679
0.0253715
0.0254616
0.0253443
0.0251051
0.0245997
0.0239193
0.0230612
0.0220456
0.021078
0.0198567
0.0185695
0.0172391
0.0158864
0.0147892
0.0138216
0.0127244
0.0116395
0.0105776
0.00955701
0.00869665
0.00777863
0.00691301
0.00610048
0.00533924
0.000756264
0.00251664
0.0158172
0.0298126
0.0409196
0.0449841
0.0515792
0.0569499
0.0613764
0.0650632
0.0616577
0.0640812
0.0660774
0.0676881
0.0689063
0.0697365
0.0636965
0.0638904
0.0637021
0.0631184
0.0623522
0.0584553
0.0616978
0.0645779
0.0670813
0.0691977
0.0628963
0.0644176
0.0657664
0.0669172
0.0680112
0.0690033
0.0626578
0.0637844
0.0648497
0.0657647
0.0665287
0.0612342
0.0618035
0.0619675
0.0617176
0.0609649
0.0559894
0.0546344
0.0527436
0.0503334
0.0474523
0.044148
0.039204
0.0356221
0.0318202
0.0278649
0.0293578
0.0286436
0.0310815
0.0333176
0.0352954
0.0387041
0.0407159
0.0466443
0.0520928
0.0570239
0.0614735
0.0654483
0.0651591
0.0683195
0.0710854
0.0734631
0.0755173
0.0739166
0.0754597
0.0767248
0.0777576
0.0785571
0.0763188
0.076793
0.0770883
0.0772081
0.0771452
0.0769452
0.074334
0.0739386
0.0734075
0.072747
0.0719659
0.0692286
0.0683261
0.0673292
0.0662545
0.0651059
0.0624295
0.0612322
0.059977
0.0586644
0.0573058
0.0558985
0.0533589
0.0519274
0.0504611
0.0489589
0.0474278
0.0450569
0.0435517
0.0420284
0.0404902
0.0389365
0.0367743
0.0352452
0.0337072
0.0321658
0.0306209
0.029072
0.0271355
0.0256183
0.0241031
0.0225909
0.0210805
0.0193472
0.0179197
0.0165277
0.0151669
0.0138278
0.0123653
0.011319
0.0116416
0.0119267
0.0121658
0.0123573
0.0122691
0.0123769
0.0124242
0.0124092
0.012337
0.0120533
0.0118667
0.0116079
0.0112752
0.0108625
0.0103207
0.00976951
0.00913259
0.00855771
0.00923415
0.00995924
0.0105473
0.0111239
0.0116029
0.0119626
0.0240425
0.024818
0.0353102
0.0415268
0.0465133
0.0502375
0.0501379
0.0522092
0.0559324
0.0637879
0.071027
0.0775698
0.077575
0.0823244
0.0862617
0.0893235
0.0914711
0.0863044
0.0866708
0.0861989
0.0849254
0.0829688
0.0748518
0.0720959
0.0689873
0.065659
0.0622139
0.0587649
0.0516935
0.0487904
0.0460856
0.0435712
0.0412689
0.036867
0.0351974
0.0337083
0.0323864
0.0311979
0.028903
0.0280499
0.0272014
0.0263461
0.025451
0.0244857
0.0231696
0.0251904
0.0279239
0.0307192
0.033575
0.0387099
0.0415606
0.0444463
0.047331
0.0502398
0.0549769
0.0578361
0.0606817
0.063524
0.0663295
0.0691129
0.0732003
0.0757951
0.078321
0.0807941
0.0831936
0.0866111
0.0888707
0.0910965
0.0932944
0.0954578
0.0983724
0.100462
0.102556
0.104637
0.10671
0.108772
0.111277
0.113208
0.116158
0.118446
0.119929
0.121084
0.12132
0.12218
0.122678
0.122754
0.122763
0.121846
0.120364
0.118256
0.115449
0.111883
0.108299
0.103121
0.0970118
0.0899064
0.0818029
0.0739553
0.063851
0.0526571
0.0435834
0.035593
0.0284022
0.0306133
0.0333686
0.0362592
0.054406
0.0744204
0.0911957
0.1053
0.114171
0.119366
0.121966
0.122601
0.121599
0.119031
0.115048
0.109801
0.104387
0.09719
0.0891488
0.0804616
0.0712974
0.0617581
0.053342
0.0434899
0.0336569
0.027097
0.031187
0.0351008
0.039902
0.0449174
0.0504226
0.0562613
0.0608629
0.0657485
0.0700361
0.0737072
0.0767884
0.0793564
0.0856458
0.0952496
0.105364
0.116029
0.127222
0.137307
0.127008
0.140136
0.153886
0.155741
0.148252
0.137371
0.123023
0.106438
0.0883858
0.0695514
0.0486044
0.037422
0.0334977
0.0310289
0.037102
0.0403939
0.0514573
0.0630681
0.0730499
0.081406
0.0896632
0.0948239
0.0985731
0.101037
0.102343
0.102657
0.102858
0.101405
0.0993684
0.0968498
0.0939153
0.0907397
0.0870984
0.0833202
0.0794927
0.0756816
0.0713516
0.0675655
0.0639105
0.0603901
0.0569984
0.0537417
0.049505
0.0464756
0.0435936
0.0408634
0.0382805
0.0344316
0.0320176
0.0297044
0.0275001
0.025445
0.022065
0.0203334
0.0187377
0.0172418
0.0158051
0.0144429
0.011668
0.0104991
0.00940565
0.00838322
0.00744219
0.0051126
0.00482311
0.00524851
0.00561122
0.00591579
0.00486664
0.00509247
0.0052603
0.00536429
0.00538608
0.00583738
0.00608149
0.0065562
0.00700463
0.00743269
0.00784129
0.00806728
0.00847194
0.00886187
0.00922887
0.0095881
0.00981539
0.0101516
0.0104763
0.0107719
0.0110338
0.0113471
0.0124001
0.0126619
0.0128746
0.0130209
0.0130612
0.0136275
0.013422
0.0130682
0.012568
0.0119262
0.0117883
0.0108992
0.00988721
0.00874566
0.00747452
0.00607916
0.00513026
0.00343424
0.00190601
0.00477079
0.00812968
0.0103039
0.0127575
0.0145183
0.0154872
0.0157338
0.0155022
0.01475
0.01368
0.0124054
0.0112962
0.0135744
0.0158446
0.0187627
0.0219689
0.0254123
0.029019
0.0322293
0.0359481
0.0396414
0.0357416
0.0415458
0.0473445
0.0473495
0.0440848
0.039561
0.038159
0.0376786
0.0351876
0.0340034
0.0327796
0.0315863
0.0304881
0.0284061
0.0277792
0.0271465
0.0265029
0.0258345
0.023296
0.0224579
0.0215557
0.0205999
0.019726
0.0192544
0.0165136
0.0159643
0.0153367
0.0146427
0.0138858
0.0128501
0.0120385
0.0111822
0.0102775
0.00935522
0.00978549
0.00888258
0.00801658
0.00718935
0.006423
0.00689537
0.00952076
0.0102655
0.010934
0.0115371
0.0120819
0.0141827
0.0145998
0.0149879
0.0153398
0.0156429
0.0173167
0.0174985
0.0176408
0.0177404
0.0177821
0.0177681
0.0188751
0.0187148
0.0184989
0.0182263
0.0178927
0.018517
0.0180545
0.0175562
0.0170259
0.0164683
0.0167231
0.0160673
0.015383
0.0146575
0.0138658
0.0130132
0.0128038
0.0118281
0.0108948
0.0100239
0.00921872
0.00898221
0.00820315
0.00746471
0.00699115
0.00719634
0.0075099
0.00775693
0.00803651
0.00834198
0.00866567
0.00900767
0.00938332
0.0097298
0.01007
0.0103882
0.0106676
0.0109138
0.0110831
0.011176
0.0111717
0.0110511
0.0108662
0.0104888
0.00995417
0.00984896
0.0105738
0.0113494
0.0120426
0.0128421
0.0136217
0.0144581
0.0171971
0.0199934
0.0235535
0.0275958
0.0321846
0.0373462
0.0423786
0.0486742
0.0556285
0.0632862
0.0743318
0.0833439
0.092052
0.0949476
0.0914811
0.08333
0.0719945
0.0569187
0.0430546
0.029965
0.0175039
0.0120916
0.00724755
0.0156215
0.0233664
0.0297516
0.0348284
0.03867
0.042874
0.0445265
0.0453272
0.0453954
0.0448411
0.0447193
0.0431106
0.0412007
0.0390657
0.036769
0.0349543
0.0335705
0.0321307
0.0305111
0.0287662
0.0269385
0.0241348
0.0222566
0.0204007
0.0185879
0.0168387
0.0141984
0.012647
0.0112022
0.00984839
0.00859967
0.00649434
0.0054833
0.00456062
0.00373378
0.00299346
0.00232208
0.00174993
0.0014146
0.001353
0.00158551
0.00182581
0.00233388
0.00272939
0.00311035
0.00349289
0.00386614
0.00488931
0.0051823
0.00543076
0.00563544
0.00578201
0.00588265
0.00650498
0.00649258
0.00641933
0.0062843
0.00610584
0.00639614
0.00612715
0.00584161
0.00555831
0.00528665
0.00545308
0.00520431
0.00498036
0.00480284
0.00467563
0.00459895
0.00486329
0.00483879
0.00483538
0.00483839
0.00484493
0.00509967
0.00512868
0.00513963
0.00513543
0.00511181
0.00527295
0.00521988
0.00515269
0.00507599
0.00499825
0.00489338
0.00492053
0.00477538
0.0046057
0.00440048
0.00415924
0.00399855
0.00365193
0.00325049
0.00282863
0.00238337
0.00227071
0.00231822
0.00238633
0.00295214
0.00356543
0.00418276
0.00467458
0.00526164
0.00581712
0.00633781
0.00676391
0.0070737
0.00738147
0.00763115
0.00782222
0.00796662
0.000756264
0.00252993
0.0158782
0.0296343
0.04029
0.0438321
0.049714
0.0542954
0.0579071
0.0607796
0.0566555
0.0582299
0.0593912
0.0601747
0.0605943
0.0606861
0.0540384
0.0535992
0.0528509
0.0518339
0.0505634
0.043941
0.0441754
0.0453652
0.0462409
0.0468151
0.0391934
0.0392483
0.0390987
0.0387284
0.0382073
0.0374987
0.0295782
0.0288533
0.0280564
0.0271406
0.0261824
0.0195345
0.0189134
0.0186052
0.0182031
0.017784
0.0213126
0.0208568
0.0202995
0.0196596
0.0189591
0.0182149
0.0209339
0.0200998
0.0192883
0.0185372
0.0178735
0.0203688
0.01973
0.0191479
0.0186124
0.0181055
0.0201994
0.0196181
0.0190428
0.0184766
0.0179126
0.017368
0.0187897
0.0181772
0.0176089
0.0170601
0.0165716
0.0177568
0.0172673
0.016777
0.0162704
0.0158209
0.0180296
0.0174122
0.0167938
0.0161701
0.0155828
0.0150277
0.0168091
0.0161675
0.015535
0.0149102
0.0146044
0.0157592
0.0151246
0.0145137
0.0142856
0.0141177
0.0145343
0.0140417
0.0138846
0.013736
0.0136022
0.0134805
0.0134872
0.0133724
0.0132808
0.0132187
0.0131788
0.0131938
0.0131864
0.013203
0.013245
0.0133168
0.013401
0.0135385
0.0137164
0.0139312
0.0141804
0.0144673
0.0147146
0.0150691
0.0154635
0.0158975
0.0163708
0.0167698
0.0173084
0.0178814
0.0184889
0.0191348
0.019679
0.0203833
0.0211
0.0218451
0.0226195
0.0234254
0.0240999
0.0249437
0.0258069
0.0266817
0.0275616
0.0282882
0.0291725
0.0300511
0.0309097
0.0317409
0.0323879
0.0331345
0.0338195
0.0344269
0.0349296
0.03531
0.0354808
0.035552
0.036142
0.0368718
0.0422849
0.0456129
0.055569
0.060539
0.0637979
0.0654942
0.063456
0.0703332
0.076899
0.0824245
0.0869197
0.0904374
0.0875865
0.0888992
0.0892693
0.0887769
0.0874261
0.0792757
0.0763799
0.07284
0.0687686
0.0643575
0.0543797
0.0498743
0.0453956
0.0410796
0.0370102
0.0353644
0.0318776
0.0312125
0.0305838
0.0300185
0.0294623
0.0271841
0.0267651
0.0262712
0.0256787
0.0249612
0.0231273
0.0222595
0.0212218
0.0199894
0.0189959
0.0180435
0.0201136
0.0189891
0.0192581
0.020121
0.0210185
0.0244512
0.025382
0.0263728
0.0274167
0.028532
0.0317232
0.0328725
0.0340944
0.0353973
0.0367587
0.038188
0.041192
0.0426664
0.0441956
0.0457575
0.0473232
0.0500664
0.0516398
0.0532591
0.0549482
0.0567043
0.059342
0.0611696
0.0650366
0.0698701
0.0747492
0.0796096
0.0844584
0.0890026
0.0932435
0.0970216
0.100277
0.103143
0.105161
0.106457
0.107027
0.106884
0.106618
0.105321
0.103531
0.10126
0.100832
0.101149
0.101286
0.100739
0.0996247
0.0978191
0.0952314
0.092324
0.0879686
0.0826127
0.0762531
0.0688662
0.0615669
0.052186
0.0417027
0.0301046
0.0173679
0.0070942
0.0133899
0.0203134
0.0270083
0.0320998
0.0353625
0.0370847
0.0378604
0.0376903
0.0366957
0.0349277
0.0329148
0.0300035
0.0267064
0.0230971
0.0192584
0.0171114
0.0179038
0.019104
0.0218104
0.024719
0.0274973
0.0296984
0.0320943
0.0342576
0.0362136
0.0379736
0.0390745
0.0402606
0.0413363
0.0423669
0.0434253
0.0499691
0.0561704
0.0641361
0.0728969
0.0824668
0.0928305
0.102463
0.0920353
0.105546
0.120215
0.12353
0.117733
0.109257
0.0977668
0.0844071
0.0699195
0.0548847
0.0494962
0.046381
0.0451072
0.0503534
0.0542736
0.0559799
0.0574637
0.0579766
0.0653315
0.0738818
0.0828084
0.0892352
0.0946717
0.0991278
0.102604
0.105162
0.107309
0.107965
0.107848
0.107038
0.1056
0.103562
0.101009
0.0980826
0.0948335
0.091325
0.0870463
0.0830765
0.0790152
0.0749135
0.0708225
0.0667868
0.0618203
0.0579218
0.0541578
0.0505588
0.0471316
0.0425966
0.039487
0.036577
0.0338372
0.0312583
0.0274055
0.0251147
0.0229633
0.0209463
0.0190497
0.0172594
0.0141298
0.0126185
0.011254
0.00998995
0.00901187
0.00762575
0.0076826
0.00768213
0.00764952
0.00758949
0.00755437
0.00802716
0.00844327
0.00879512
0.00909897
0.0093515
0.00936525
0.00959464
0.00982133
0.0100477
0.0102641
0.0103249
0.0105447
0.0107546
0.010955
0.0111743
0.0113067
0.0115445
0.0118004
0.0120512
0.0122733
0.0124505
0.0125296
0.0125989
0.0126331
0.0126128
0.0125186
0.012366
0.0121105
0.0117384
0.0112417
0.0106146
0.00998185
0.0091737
0.00844663
0.00809672
0.00744593
0.00646004
0.00521486
0.00345959
0.00126895
0.00382109
0.00658527
0.00836404
0.010069
0.0115409
0.0128588
0.0136038
0.0138721
0.0137365
0.0132884
0.0130992
0.0150015
0.0171496
0.0192074
0.0217922
0.0245715
0.0275055
0.0305337
0.033208
0.0363142
0.0394402
0.0506137
0.0572541
0.0634501
0.0638175
0.0608137
0.0564513
0.0543313
0.0532122
0.050076
0.0480595
0.0459035
0.0437063
0.0415526
0.0375045
0.0355136
0.0336954
0.0320673
0.0306256
0.0270684
0.0258385
0.0246947
0.0236315
0.0226306
0.0216812
0.0186087
0.018629
0.0188138
0.0188041
0.0186422
0.0196548
0.0192678
0.0187923
0.0182469
0.0176411
0.018291
0.017572
0.0168177
0.0160682
0.0153291
0.0146131
0.0151413
0.0144367
0.0137453
0.0130918
0.0124882
0.0149821
0.0158234
0.0166124
0.0173599
0.0180348
0.0199964
0.0204737
0.0208674
0.0211742
0.0213775
0.0214845
0.0226704
0.0225617
0.0223726
0.0221199
0.0218045
0.0224603
0.0220386
0.0215518
0.0209947
0.0203822
0.0205706
0.0198257
0.0190484
0.0182494
0.0174564
0.0166751
0.0165795
0.0157863
0.0150111
0.0142561
0.0135352
0.01338
0.0127838
0.0123029
0.0117784
0.0112163
0.0109447
0.0104771
0.0100462
0.00964722
0.00927585
0.00891599
0.00885141
0.00848958
0.00815003
0.00782248
0.00750714
0.00742129
0.00782728
0.00836153
0.00877556
0.00906876
0.0092578
0.00932036
0.00923815
0.00898406
0.0085405
0.00958394
0.0106198
0.0118138
0.0130202
0.0142358
0.0154717
0.0176112
0.021166
0.0252229
0.0298389
0.0350706
0.0402292
0.0467746
0.0541342
0.0623803
0.074206
0.0842281
0.0940148
0.0983489
0.0964846
0.0900162
0.0803501
0.0666669
0.0541918
0.042063
0.0301453
0.0252838
0.0199934
0.0152326
0.0159214
0.0194194
0.0255555
0.0304752
0.0355792
0.0381313
0.0396695
0.040302
0.0401309
0.0402187
0.0386999
0.0366989
0.0343054
0.0316105
0.0293567
0.0262533
0.0230873
0.0199165
0.0167979
0.0143245
0.0117629
0.0102131
0.0087499
0.00739497
0.00618002
0.00405496
0.00423965
0.00487679
0.005474
0.0066489
0.00763336
0.008439
0.00906122
0.00950459
0.00979811
0.00993434
0.0100867
0.00998759
0.00978994
0.00951007
0.00915104
0.00892764
0.00845578
0.00794208
0.00776646
0.00774449
0.00737026
0.00732991
0.00728408
0.00722864
0.00715488
0.00706634
0.00672695
0.00663275
0.00653076
0.00642559
0.00630686
0.00599366
0.0058642
0.00571863
0.00556171
0.00539134
0.00507553
0.00488447
0.00466633
0.00444172
0.00422288
0.00401963
0.00374657
0.00359549
0.00348367
0.00341448
0.00339285
0.0033423
0.00347388
0.00415063
0.00497073
0.00583459
0.00666471
0.00759056
0.00854714
0.00953208
0.0105363
0.0115574
0.0124869
0.0135043
0.0144876
0.01543
0.0163167
0.0170557
0.0177988
0.0184508
0.0189947
0.019422
0.0196852
0.0198227
0.0198215
0.0196771
0.0193847
0.0189781
0.0184943
0.017824
0.0170928
0.0167087
0.0162593
0.0158016
0.0152665
0.0147047
0.0141228
0.0135406
0.000756264
0.0025291
0.0157691
0.0294461
0.0400422
0.0434936
0.0492504
0.0537184
0.0572226
0.0599951
0.0558151
0.0573689
0.0585559
0.0594046
0.0599452
0.0601662
0.0536526
0.0533882
0.0528172
0.0519534
0.0507901
0.0442564
0.044671
0.0458891
0.0468709
0.0475065
0.0400358
0.0402918
0.0405129
0.0405622
0.0406066
0.0404936
0.0331915
0.0331275
0.0329774
0.0326157
0.0321306
0.0257838
0.0252942
0.0245942
0.0237058
0.0225766
0.0175085
0.016363
0.0150326
0.0135532
0.0119541
0.0108683
0.00907166
0.00868951
0.00830317
0.00796118
0.00768568
0.0067917
0.0066815
0.00659673
0.00653993
0.00646144
0.00595639
0.00587302
0.00577387
0.0056565
0.0055309
0.00541968
0.0056313
0.00531448
0.00504801
0.00481817
0.00469659
0.00590289
0.00572463
0.0055781
0.00547749
0.00541873
0.00636446
0.0062615
0.00618514
0.00613685
0.00608855
0.00606848
0.00666282
0.00659423
0.00653981
0.00650273
0.00646849
0.00682585
0.00676127
0.00670254
0.00665815
0.0066195
0.00682281
0.00677384
0.006734
0.00670843
0.00669859
0.00670002
0.00681295
0.00681657
0.00682983
0.00685982
0.00691262
0.00700994
0.00709417
0.00719683
0.00731945
0.00746936
0.00761685
0.0078177
0.00804716
0.00830995
0.00861071
0.00893909
0.00921677
0.00960936
0.0100387
0.0105071
0.0110174
0.0114522
0.012026
0.0126272
0.0132721
0.0139605
0.0145424
0.0153027
0.0161023
0.016934
0.0177917
0.0186776
0.0194281
0.0203658
0.0213318
0.0223175
0.0233124
0.024154
0.0251896
0.0262285
0.0272533
0.0282611
0.0290765
0.0300252
0.0309125
0.0323333
0.0337755
0.0351883
0.0363809
0.0376505
0.0387972
0.0397883
0.0381002
0.0413382
0.0511436
0.0558724
0.0588719
0.0602641
0.0624148
0.0697291
0.0759367
0.0810367
0.0850467
0.087998
0.0846056
0.0852531
0.0849728
0.0838069
0.0817916
0.0730918
0.0696261
0.0655932
0.0610982
0.0563028
0.0460598
0.0413178
0.0366757
0.0322703
0.0291124
0.0286248
0.0255712
0.0254086
0.0252939
0.0252393
0.0251854
0.023331
0.0233826
0.0233457
0.0231949
0.0229704
0.0265733
0.0261105
0.0254283
0.0245301
0.0234756
0.0223051
0.0241613
0.0227857
0.021425
0.0201
0.0188607
0.0202608
0.0191706
0.0182605
0.017574
0.018029
0.0207068
0.0212878
0.0219615
0.0227574
0.02364
0.0246287
0.0272769
0.0283863
0.0296042
0.0327085
0.0365146
0.0393654
0.0432235
0.047094
0.0508943
0.0545667
0.0591241
0.0637328
0.0684181
0.0731394
0.0777996
0.0823112
0.0867352
0.0906442
0.0940937
0.096955
0.0991614
0.10103
0.101831
0.101901
0.10126
0.0999614
0.0987646
0.096455
0.0937534
0.0907596
0.0874904
0.087532
0.0876491
0.0870292
0.0858339
0.0839499
0.0813463
0.0785308
0.0743595
0.0692213
0.063061
0.055837
0.0486519
0.039358
0.0289233
0.017377
0.0106233
0.00975294
0.0207672
0.0311682
0.0380531
0.0424688
0.0451529
0.0464155
0.0466552
0.0457857
0.0439425
0.0411881
0.0382347
0.0341486
0.0295187
0.0244987
0.0191281
0.0138593
0.0150567
0.0179797
0.0224908
0.0272104
0.0320325
0.0361062
0.0407941
0.0452388
0.0493242
0.0531363
0.0562559
0.0598255
0.063214
0.0664327
0.0694979
0.0724793
0.07491
0.0804565
0.0885028
0.0974545
0.10728
0.116561
0.105848
0.119038
0.133329
0.13624
0.130087
0.121272
0.109516
0.0958518
0.0809909
0.0728804
0.0671671
0.0623419
0.0568586
0.0506973
0.0532636
0.055582
0.0576897
0.0587637
0.0621468
0.0712265
0.080495
0.0871783
0.0927558
0.0972485
0.100691
0.103167
0.105244
0.105835
0.105681
0.104853
0.10342
0.101389
0.0988412
0.0958982
0.092617
0.0890625
0.0847431
0.0807369
0.0766024
0.0723669
0.0680796
0.0638057
0.0586275
0.054515
0.0505518
0.0467699
0.0431734
0.0385111
0.0352821
0.0322851
0.0294877
0.0268931
0.0230651
0.020869
0.0188696
0.0170602
0.0154094
0.0139125
0.0110574
0.00995932
0.0103278
0.0106517
0.0109377
0.00969654
0.00990384
0.0100393
0.0101135
0.010127
0.00882566
0.00876157
0.00863329
0.00846041
0.0082326
0.00796735
0.00749593
0.00753336
0.00757286
0.00761598
0.00767401
0.0076264
0.00776147
0.00794363
0.00818676
0.00850484
0.00909015
0.00978785
0.0105179
0.0112556
0.0120154
0.0127945
0.0142274
0.0149592
0.0156376
0.0162175
0.0166787
0.0176068
0.0178146
0.0179074
0.0179
0.0177723
0.0180538
0.0175877
0.016932
0.016066
0.0149744
0.0136525
0.0126712
0.0116643
0.0106729
0.0103916
0.0141514
0.0167441
0.0191893
0.0207063
0.0211757
0.0205676
0.0191696
0.0181494
0.017377
0.016306
0.0150608
0.0137385
0.0126519
0.0115308
0.0145789
0.0182521
0.0221302
0.0256126
0.0296733
0.0337424
0.0353235
0.0417533
0.0478353
0.0481439
0.0451426
0.0419699
0.0417328
0.0407193
0.0377298
0.0359089
0.0339876
0.0320634
0.030185
0.0263769
0.0255898
0.0249528
0.0243201
0.0236614
0.0211494
0.0203866
0.0195918
0.0187641
0.0191487
0.0196269
0.0211597
0.021074
0.0207404
0.0201902
0.0194439
0.0197877
0.0186854
0.0174515
0.0161123
0.0146657
0.0142246
0.0128068
0.0117048
0.0105925
0.00947846
0.00837705
0.00864862
0.00951054
0.0103358
0.0111252
0.0118708
0.0141335
0.0146921
0.0151608
0.0155513
0.0158656
0.0175143
0.0176299
0.0176656
0.0176255
0.0175085
0.0173171
0.0182463
0.0178458
0.017356
0.0167803
0.0161194
0.0164491
0.0156566
0.0148353
0.0139837
0.0131118
0.0131127
0.0122044
0.0113269
0.0104877
0.00969215
0.00934491
0.00899876
0.00859953
0.00817199
0.00771683
0.00724241
0.00678832
0.00627726
0.00575327
0.00551584
0.00534464
0.00559198
0.00551864
0.00549128
0.00550611
0.00556661
0.00566823
0.00602866
0.00616138
0.0063106
0.00650261
0.0067251
0.0070863
0.00725777
0.0073912
0.00747225
0.00749436
0.0075969
0.00751329
0.00738827
0.0072314
0.00710134
0.00705489
0.00823699
0.00981492
0.0116889
0.0138944
0.0164694
0.0191091
0.0224896
0.0263648
0.0307895
0.0358106
0.0407707
0.0470672
0.0541476
0.0620585
0.0735001
0.0830646
0.0924107
0.0962278
0.0938653
0.08691
0.0767745
0.0626918
0.0498298
0.0438433
0.0404521
0.0358276
0.0302634
0.0243168
0.0211855
0.0247886
0.0309716
0.0359404
0.0410973
0.0437181
0.045347
0.0460888
0.0460409
0.0462398
0.0448521
0.042979
0.0407141
0.0381482
0.0360051
0.0330311
0.0299858
0.0269284
0.023908
0.0209652
0.0184923
0.0157629
0.0146278
0.0138366
0.0130789
0.0126862
0.0119833
0.011304
0.0106505
0.00999865
0.00973079
0.00910196
0.00849265
0.00790671
0.00734168
0.00678173
0.00660619
0.0060772
0.00555784
0.00555599
0.0055654
0.00513169
0.0051313
0.005119
0.00510073
0.00508329
0.00472653
0.00471905
0.00471586
0.004715
0.00471076
0.00470078
0.00443313
0.00442517
0.00441039
0.00438082
0.00443703
0.00423175
0.00453663
0.00480828
0.00504003
0.00523017
0.00497757
0.0051139
0.00521463
0.00527401
0.00529481
0.00527476
0.00492632
0.0048475
0.00472529
0.00456077
0.00434913
0.00431122
0.00465541
0.00506847
0.00555444
0.00610846
0.00658345
0.00725758
0.00796971
0.00873365
0.00953844
0.0103779
0.0110739
0.0119296
0.0127771
0.013619
0.0144406
0.0151023
0.0158595
0.0165533
0.0171484
0.0176516
0.0179987
0.018334
0.0185635
0.0186752
0.0186819
0.0185633
0.0183501
0.0180228
0.0176033
0.0171049
0.0165602
0.0160223
0.0153976
0.0147489
0.0140913
0.01343
0.000756264
0.00249244
0.0156019
0.0290238
0.0393692
0.0426907
0.048353
0.0527249
0.0561698
0.0589177
0.0547858
0.0564494
0.0578291
0.0589309
0.0597863
0.0603786
0.0542425
0.0544477
0.0543965
0.0540815
0.0534987
0.0474712
0.0494162
0.0513975
0.0531392
0.0545132
0.0477117
0.0487253
0.0497395
0.0505962
0.0515311
0.0523584
0.0459717
0.0470141
0.0480381
0.0487926
0.0493481
0.0437346
0.043828
0.0433341
0.0422795
0.0405648
0.0346479
0.0321265
0.0290065
0.0253456
0.0212101
0.0167004
0.0107408
0.0094813
0.0115228
0.0152639
0.019856
0.0203874
0.024521
0.0283234
0.0316923
0.0346142
0.0332625
0.035427
0.0372801
0.0388562
0.0401752
0.0412848
0.0403796
0.0414747
0.0424307
0.0432351
0.0439222
0.0431031
0.0435528
0.0438883
0.0441291
0.0442934
0.0430369
0.0430464
0.0429881
0.0428808
0.0426956
0.0424788
0.0409981
0.0407133
0.040396
0.0400618
0.0396996
0.0382365
0.0378705
0.0374856
0.0370896
0.0366786
0.0353112
0.0349152
0.0345117
0.0341028
0.0336914
0.0332711
0.0320569
0.0316474
0.0312316
0.0308103
0.0303847
0.029305
0.0289154
0.0285316
0.028152
0.0277704
0.0268498
0.0264931
0.0261369
0.0257767
0.0254155
0.025049
0.0242634
0.0239123
0.0235585
0.0231938
0.02282
0.022103
0.0217178
0.021313
0.0208938
0.0204518
0.0197544
0.0192834
0.0187861
0.0182579
0.0176907
0.0170848
0.0163113
0.0156465
0.0149409
0.0141949
0.0140511
0.0143496
0.0147198
0.0150625
0.0153797
0.0156614
0.0158339
0.0160412
0.016198
0.0162984
0.01634
0.0163076
0.0165862
0.0172345
0.0177616
0.0181375
0.0300401
0.0332776
0.043943
0.0500672
0.0548783
0.05842
0.058171
0.0600813
0.067354
0.0752703
0.0824992
0.0890008
0.088912
0.093468
0.0971154
0.0998275
0.101527
0.0959025
0.0956727
0.0945529
0.0925831
0.089934
0.0812104
0.07783
0.0741266
0.0702745
0.0663451
0.0625007
0.0551028
0.0539168
0.0526319
0.0512939
0.0498464
0.0467006
0.0452139
0.0436006
0.0418557
0.0399589
0.0370842
0.0350298
0.0328225
0.0304436
0.0279103
0.0252349
0.023126
0.021723
0.0201538
0.0183908
0.0164109
0.019926
0.0221013
0.024302
0.0265243
0.028769
0.0328992
0.035057
0.0372043
0.0393413
0.0414441
0.0435237
0.0470246
0.0498787
0.0547956
0.0600192
0.065561
0.0717661
0.0776961
0.0838018
0.0900012
0.0962282
0.10252
0.108477
0.114153
0.119437
0.124158
0.12823
0.131849
0.134415
0.136135
0.137012
0.137067
0.137001
0.135587
0.133475
0.130678
0.127261
0.12418
0.11965
0.114566
0.10897
0.102897
0.0964061
0.090653
0.0833742
0.0757696
0.0679177
0.0598482
0.0528505
0.0443912
0.0357262
0.033421
0.0480296
0.0628865
0.0808432
0.0998028
0.119746
0.140678
0.162591
0.180994
0.196789
0.2067
0.212232
0.214498
0.214446
0.212255
0.208084
0.202156
0.194654
0.187066
0.177268
0.166592
0.155188
0.14322
0.130843
0.119918
0.107211
0.0945215
0.0819704
0.0696761
0.0592251
0.0475082
0.0451551
0.0497962
0.0544625
0.0584207
0.0626505
0.0664317
0.0696195
0.0720849
0.0737342
0.0744268
0.0742856
0.0822672
0.0898067
0.100997
0.112067
0.1099
0.117441
0.132654
0.136113
0.13014
0.121167
0.108988
0.0948238
0.0795093
0.0637334
0.04573
0.0407013
0.0390033
0.0373069
0.0354954
0.0311789
0.0324194
0.0356292
0.0407492
0.0443341
0.048541
0.0492666
0.0488368
0.0474321
0.045237
0.0424859
0.0404286
0.0369046
0.0333727
0.0299523
0.0267197
0.0237819
0.0209735
0.0185674
0.0165327
0.014869
0.0126622
0.0119565
0.0131106
0.0141448
0.0150172
0.0157043
0.0140904
0.0144654
0.0146741
0.0147292
0.0151717
0.0165821
0.0171602
0.0177251
0.0182555
0.0187441
0.019951
0.0203799
0.0207944
0.0211968
0.0215859
0.0219694
0.0229862
0.0233707
0.0237521
0.0241346
0.0245378
0.0254206
0.0257976
0.0261532
0.026512
0.0268648
0.0276065
0.0279034
0.0281714
0.0284138
0.0286127
0.0287778
0.0292094
0.0292578
0.0292349
0.0291351
0.0289512
0.0289654
0.0285706
0.028061
0.0274228
0.0266288
0.0260078
0.0249333
0.0236886
0.0222689
0.0206453
0.0188133
0.0171699
0.0149895
0.0145184
0.0139843
0.0133851
0.0134467
0.0136975
0.0146705
0.0155537
0.0163231
0.0169071
0.01999
0.0247855
0.029719
0.0347509
0.0398726
0.0443288
0.0495102
0.0546973
0.0598828
0.064104
0.0658876
0.0664382
0.0656471
0.0637572
0.0609377
0.0577935
0.0536432
0.0489294
0.0437575
0.0381966
0.0331289
0.0302576
0.0266196
0.0227832
0.01878
0.0146342
0.015737
0.018973
0.0230344
0.0341603
0.0427643
0.050597
0.0624734
0.0715915
0.0788434
0.0849138
0.0901974
0.0933328
0.0975598
0.101446
0.105016
0.108267
0.109276
0.111749
0.113758
0.115187
0.115888
0.113863
0.11271
0.110381
0.106791
0.101933
0.0959117
0.0917
0.0885482
0.0847666
0.0828294
0.0803381
0.0798337
0.0765537
0.0729977
0.0692393
0.0653374
0.0635923
0.0594804
0.0553267
0.0511693
0.047047
0.0429882
0.0408882
0.0369448
0.0331285
0.0294634
0.0259483
0.0241099
0.0214151
0.0211457
0.0206237
0.0198833
0.0205205
0.0193962
0.0181326
0.0167766
0.0153535
0.0138936
0.0137744
0.0122821
0.0108333
0.00944251
0.0090845
0.009766
0.00985195
0.00998294
0.0101661
0.0103859
0.0111043
0.0113232
0.0115302
0.0117167
0.0118811
0.0120145
0.0125135
0.0126149
0.0127108
0.0127951
0.0128504
0.0131695
0.0131285
0.0130386
0.012892
0.0126929
0.0127161
0.013793
0.014871
0.0159183
0.0169131
0.0178445
0.0185961
0.0193778
0.0200692
0.0206539
0.0211344
0.0214356
0.0216801
0.0218372
0.0219369
0.0220262
0.0220768
0.0221291
0.0222301
0.0223804
0.0225616
0.0227591
0.0229121
0.0231035
0.0233407
0.0235987
0.0238527
0.0240375
0.0242592
0.0280311
0.0330327
0.0386063
0.0440166
0.0507762
0.0582432
0.0664794
0.0781682
0.0878709
0.0972112
0.100844
0.098059
0.090437
0.0793749
0.0642809
0.0506663
0.0386144
0.0270764
0.0188347
0.0132563
0.0144703
0.0156899
0.0193629
0.0246833
0.028816
0.0332624
0.0351745
0.03622
0.0365261
0.0362041
0.0362922
0.0349319
0.0332569
0.0313555
0.0293144
0.0277594
0.0255706
0.0234054
0.0213106
0.0193064
0.0173901
0.0157811
0.0140011
0.0123493
0.0108244
0.00944299
0.00826174
0.00712198
0.00610799
0.0052166
0.00447693
0.00421965
0.00401124
0.00375703
0.0034557
0.00311783
0.00274718
0.00294155
0.00250748
0.00255859
0.00265878
0.00278631
0.00276363
0.00290963
0.00305367
0.00320309
0.00355136
0.00408277
0.00438458
0.00464556
0.00484252
0.00497785
0.00508472
0.00534734
0.00538567
0.00540957
0.00544044
0.00546682
0.00564575
0.00563215
0.00559792
0.0055517
0.00551154
0.00562403
0.00558899
0.00555322
0.00553538
0.00552072
0.00550258
0.0055916
0.00557704
0.00556575
0.00553577
0.00548993
0.00552988
0.00547157
0.00540428
0.0053263
0.00524466
0.00523815
0.00512309
0.00498594
0.0048438
0.00469552
0.00453269
0.00442536
0.00421423
0.00398056
0.0037446
0.00353998
0.00341505
0.00324021
0.00307912
0.00294851
0.00282942
0.00276841
0.00266954
0.0025796
0.00250249
0.00243509
0.00237916
0.00236455
0.00233217
0.00231472
0.00231518
0.00233583
0.00238658
0.00243525
0.00249936
0.00257626
0.00267904
0.000756264
0.0025291
0.0157691
0.0294463
0.0400956
0.0436808
0.0496461
0.0543231
0.0580161
0.0609227
0.0568048
0.0583605
0.0594535
0.0601184
0.0603897
0.0602837
0.0534626
0.052829
0.0519043
0.0506508
0.0491017
0.0422064
0.0433111
0.044381
0.0451364
0.0456122
0.0378931
0.0378758
0.0376081
0.0371786
0.0365378
0.035796
0.0278009
0.0270465
0.0261583
0.0252076
0.0241401
0.0186622
0.0181709
0.0175589
0.0168233
0.0160012
0.0168184
0.0159081
0.0149568
0.013986
0.0130174
0.0120724
0.0146648
0.0137354
0.0128645
0.0120889
0.0114432
0.0140003
0.0134719
0.0130336
0.0126409
0.0122886
0.014511
0.0140694
0.0136178
0.0131665
0.0127003
0.0122435
0.0137269
0.0131832
0.0126716
0.0121871
0.0117421
0.0127519
0.0122826
0.011837
0.0114256
0.0110607
0.0117441
0.0113666
0.0110283
0.0107309
0.0104461
0.0102137
0.0106347
0.0103815
0.0101537
0.00996681
0.00979954
0.0100558
0.00988324
0.00973329
0.0096111
0.00950398
0.00964873
0.00954485
0.00946537
0.00941359
0.00937787
0.00935544
0.0094454
0.00942327
0.00941968
0.00942944
0.00945188
0.009514
0.00955646
0.00962467
0.00971957
0.00983922
0.00995561
0.0101112
0.0102827
0.0104698
0.0106852
0.0109446
0.011168
0.0114996
0.0118875
0.0123228
0.01279
0.0131884
0.0137356
0.0143258
0.0149512
0.0156148
0.0161763
0.0169089
0.0176849
0.018495
0.01934
0.020224
0.0209762
0.0219164
0.0228936
0.0239059
0.0249393
0.0258066
0.0268533
0.0279012
0.0289379
0.0299541
0.030773
0.0317179
0.0326044
0.0334134
0.0341149
0.035293
0.0365808
0.0379519
0.039188
0.0402468
0.0451951
0.0486254
0.0584638
0.0631437
0.066005
0.0672279
0.0704405
0.0777407
0.0838613
0.0888193
0.0926573
0.0954484
0.0919497
0.0925029
0.092144
0.0909457
0.0889235
0.0801957
0.0767094
0.0726634
0.0681762
0.0633724
0.053142
0.0483702
0.0437041
0.0392376
0.0350682
0.0312539
0.025372
0.0247769
0.0242599
0.0237971
0.0233732
0.0212033
0.0209364
0.0206052
0.020203
0.0196859
0.0180496
0.017417
0.0166345
0.0156667
0.0145189
0.0131908
0.0119677
0.0108395
0.00974509
0.00873482
0.00809601
0.0109062
0.0111376
0.0114621
0.0118487
0.0123425
0.0150035
0.0155738
0.016238
0.0185394
0.0211712
0.0237421
0.025686
0.028038
0.03155
0.0355307
0.03959
0.0426394
0.0466776
0.0506372
0.0544571
0.0580926
0.0605715
0.0647508
0.0698836
0.0749883
0.0799372
0.0846297
0.0891169
0.0929929
0.0962936
0.0989097
0.100798
0.102352
0.102799
0.102521
0.101566
0.0999815
0.0985388
0.0959393
0.0928857
0.0894128
0.0855491
0.0819371
0.0811308
0.0792457
0.076535
0.0728989
0.0682855
0.0634945
0.056862
0.0490888
0.0401518
0.0300271
0.0202025
0.0102379
0.00976796
0.0204725
0.0363501
0.0533229
0.0679547
0.0810418
0.0897684
0.0953064
0.0983641
0.0994999
0.0992197
0.0975106
0.0945842
0.0905972
0.0864663
0.0809742
0.0749386
0.0685622
0.062003
0.0553707
0.0497269
0.0487107
0.0510614
0.0536817
0.0564175
0.0587671
0.0612839
0.0634967
0.0652081
0.066355
0.0668605
0.0667285
0.0657526
0.0639083
0.0612194
0.0578378
0.054354
0.0611792
0.0725458
0.0845851
0.0971998
0.108561
0.0997472
0.114383
0.129685
0.133126
0.127074
0.118004
0.105647
0.0911884
0.0755829
0.0596194
0.0480881
0.0483323
0.0486226
0.0487769
0.0486418
0.0455975
0.0444704
0.0427699
0.0405969
0.0425645
0.0454677
0.0452552
0.0440215
0.0419739
0.0393201
0.0362634
0.0340549
0.0304824
0.0270134
0.023765
0.0208105
0.018179
0.0157704
0.0138087
0.0122391
0.0110208
0.00922704
0.00913174
0.0103755
0.0115822
0.0127102
0.0137411
0.0124739
0.0132919
0.0139732
0.0145284
0.0149493
0.0133
0.0136966
0.0144931
0.0152721
0.0160201
0.0174714
0.0181957
0.0189081
0.0196043
0.0202907
0.0209772
0.0222556
0.0229395
0.0236158
0.0242773
0.0249404
0.0260424
0.0266565
0.0272316
0.0277891
0.0283205
0.0292033
0.0296433
0.0300367
0.0303881
0.0306744
0.0309021
0.0313723
0.0314532
0.0314513
0.0313514
0.0311477
0.0311219
0.0306519
0.0300522
0.0293099
0.0283872
0.0276325
0.0263693
0.0248922
0.0232014
0.0212818
0.0209211
0.0217017
0.0216103
0.0214069
0.0210863
0.0206545
0.0212993
0.0225075
0.0235943
0.0245178
0.0252397
0.0257062
0.0260079
0.0270396
0.032016
0.0370956
0.0422663
0.0467629
0.0519784
0.0571808
0.0623774
0.0664535
0.0678683
0.0679466
0.0667217
0.0644242
0.0611786
0.0576205
0.0529632
0.0477496
0.042075
0.0359882
0.0295507
0.0257873
0.0217581
0.0175558
0.0132191
0.0109658
0.0129678
0.0213821
0.0301651
0.0429452
0.052419
0.0610362
0.0738124
0.0838043
0.0918802
0.0986903
0.104599
0.108172
0.112758
0.116821
0.12037
0.12337
0.123947
0.125654
0.126587
0.126619
0.125615
0.121868
0.118556
0.113979
0.108206
0.101384
0.093721
0.089449
0.0856722
0.081344
0.0766386
0.0725609
0.07233
0.0693811
0.0661636
0.0627332
0.0591532
0.0576892
0.0538968
0.0500565
0.0462018
0.0423596
0.0385624
0.0366775
0.0329675
0.0293645
0.025888
0.0232096
0.0251597
0.0251492
0.0248721
0.0243778
0.0237026
0.024436
0.0234806
0.0224296
0.0213077
0.0201366
0.018958
0.0191112
0.0179203
0.0167485
0.0156154
0.0156163
0.0163251
0.0164093
0.0165083
0.0166014
0.0166797
0.0172487
0.0172643
0.017243
0.0171847
0.0170792
0.0169057
0.0171036
0.0168072
0.0164478
0.0160316
0.015573
0.0154639
0.0149233
0.0142909
0.0135354
0.0126967
0.0125564
0.0128054
0.0130144
0.0131928
0.0133556
0.0135087
0.0136279
0.0140307
0.0150908
0.016082
0.0169844
0.017728
0.0183989
0.0189047
0.0192123
0.0193069
0.0192447
0.0189403
0.0183642
0.0173909
0.0160033
0.0157943
0.0158075
0.0157761
0.0157127
0.0156686
0.0158062
0.0190259
0.0231445
0.0278204
0.0330898
0.0389937
0.0447479
0.0519575
0.0598972
0.0685837
0.0806665
0.0907203
0.100308
0.104108
0.101402
0.0938143
0.0827615
0.0676291
0.0540556
0.0422437
0.0309162
0.0206708
0.0146668
0.00826247
0.0087872
0.0154892
0.0210111
0.0253846
0.0300848
0.0322909
0.0336427
0.0342556
0.0342575
0.0346521
0.0336659
0.0330108
0.0325322
0.0316678
0.0297405
0.0283076
0.0267186
0.0250433
0.0233124
0.0215398
0.0188118
0.0170498
0.0153388
0.0136859
0.0121133
0.0102523
0.00905985
0.00797775
0.00701198
0.00616193
0.00538555
0.004722
0.00415757
0.00386435
0.0039292
0.00405541
0.00448993
0.00466067
0.00486162
0.00508171
0.00530118
0.0057658
0.00598088
0.00617173
0.00634009
0.00647694
0.00682032
0.00691506
0.00699323
0.00706452
0.00711539
0.00713155
0.00732911
0.00730067
0.00725055
0.00717869
0.00709537
0.0071781
0.00705916
0.00692871
0.0067893
0.00665082
0.00679588
0.00673464
0.00665817
0.00657205
0.00647978
0.00638962
0.00661184
0.00650434
0.00638598
0.00626415
0.00615591
0.00629638
0.00616826
0.00603978
0.0059111
0.00577538
0.00583255
0.00566684
0.00549951
0.00532444
0.00515473
0.00496984
0.00493316
0.00472474
0.00452164
0.00432667
0.00414096
0.00407918
0.00390331
0.00374216
0.0036003
0.00347322
0.0034488
0.00335123
0.00327757
0.00322346
0.00319082
0.00318125
0.00323671
0.00326891
0.0033254
0.00340895
0.00351135
0.00364248
0.00376679
0.00389977
0.0040295
0.00415555
0.000756264
0.0025291
0.0157691
0.0294463
0.0400956
0.0436808
0.0496463
0.0543238
0.0580042
0.0608724
0.0566985
0.0581477
0.0590977
0.0596056
0.0596962
0.0594042
0.0524057
0.0515735
0.0504519
0.0490648
0.0474276
0.0404745
0.0402656
0.0409919
0.0414056
0.0415895
0.0336335
0.0333561
0.0328808
0.0322555
0.031467
0.0305714
0.0225038
0.0216596
0.021155
0.0212483
0.0211946
0.0194199
0.0191962
0.018843
0.0183429
0.0177122
0.0208649
0.019983
0.0190339
0.0180528
0.0170343
0.0160453
0.0185938
0.0176366
0.0167422
0.0159748
0.0153384
0.017914
0.0173775
0.0169202
0.0164983
0.0161068
0.0182765
0.0177619
0.0172173
0.0166563
0.0161134
0.0159883
0.0168394
0.0161552
0.0155045
0.0148821
0.0145744
0.0152061
0.014617
0.0140674
0.0135648
0.0131208
0.0137451
0.0133037
0.0129032
0.0125605
0.0122302
0.0119468
0.0123241
0.0120388
0.011777
0.0115522
0.0113473
0.0115758
0.0113678
0.0111765
0.0110031
0.0108423
0.0109406
0.0107866
0.0106509
0.0105385
0.0104478
0.0103811
0.0104432
0.0104052
0.0103847
0.0103877
0.0104111
0.0104831
0.010539
0.0106174
0.0107149
0.0108379
0.0109584
0.011124
0.0113167
0.0115408
0.0117959
0.0120849
0.0123294
0.012676
0.013052
0.0134658
0.0139167
0.0142908
0.0148005
0.0153525
0.0159414
0.0165657
0.0170938
0.0177863
0.0185131
0.019278
0.0200729
0.0208873
0.0215741
0.0224294
0.0233016
0.024187
0.0250815
0.0258244
0.0267327
0.0276412
0.0285317
0.029383
0.0306669
0.0321122
0.0335644
0.0350116
0.0364334
0.0378051
0.0389521
0.0401556
0.0412217
0.0421117
0.0362121
0.0395788
0.0494934
0.0543981
0.0576486
0.0594032
0.0655432
0.0733176
0.0800823
0.0858232
0.0905785
0.0943483
0.0917209
0.0932745
0.0938941
0.0936095
0.0924444
0.084434
0.0816999
0.0783234
0.0744196
0.0701215
0.0602654
0.0558498
0.0514683
0.0472281
0.0432146
0.0394942
0.0323941
0.0303802
0.0299273
0.0294966
0.0290598
0.0268601
0.0265269
0.0261097
0.0255975
0.0249453
0.0231605
0.0223411
0.0213476
0.0201508
0.0187529
0.0171591
0.0151036
0.0139828
0.0133319
0.0124766
0.0118276
0.0149984
0.0156411
0.0163758
0.0171821
0.0180889
0.0211161
0.0221118
0.0231818
0.0243496
0.0255927
0.0269436
0.0298797
0.0312782
0.0331808
0.0358767
0.0384492
0.0402912
0.0425903
0.0446979
0.0465933
0.0486117
0.0513742
0.0549195
0.059359
0.0640054
0.0687003
0.0733809
0.0780792
0.0824569
0.0865451
0.0902174
0.0933807
0.0961741
0.0981019
0.0993222
0.0998347
0.0996528
0.099377
0.0980353
0.0961784
0.0938343
0.0914738
0.0916943
0.0916283
0.0907256
0.0891659
0.0868353
0.083646
0.0802108
0.0752806
0.0693896
0.0624829
0.0545122
0.0466784
0.0366886
0.0255989
0.0134286
0.00577338
0.0156892
0.0263513
0.0372325
0.0444842
0.0491583
0.0519213
0.0531749
0.0533658
0.0524316
0.0505268
0.0477725
0.0448379
0.0406776
0.0359259
0.0307067
0.0252227
0.019592
0.0171368
0.0210189
0.0252526
0.0294643
0.0335114
0.0366704
0.0402041
0.0435043
0.0463335
0.0486673
0.050264
0.0520561
0.0535739
0.0548771
0.0561333
0.0609404
0.0673477
0.0754508
0.0842886
0.0937934
0.103974
0.11339
0.102696
0.115864
0.130092
0.132877
0.126576
0.117479
0.105307
0.0912039
0.0759471
0.0638456
0.059502
0.05624
0.0522307
0.0513915
0.0562767
0.0587898
0.061131
0.0624119
0.065865
0.074864
0.0840961
0.0907705
0.0963525
0.100882
0.104402
0.106991
0.109187
0.109928
0.109922
0.109217
0.107861
0.105865
0.103341
0.10043
0.0971906
0.0936808
0.0893868
0.0853842
0.0812765
0.077119
0.0729526
0.0688021
0.0636953
0.0595933
0.055584
0.0517106
0.0479897
0.0431695
0.0396869
0.0363676
0.0332116
0.0302267
0.0260204
0.0233336
0.0207995
0.0184217
0.0161835
0.0140956
0.0107252
0.00892018
0.0084372
0.00844034
0.00842467
0.00694589
0.00691777
0.00749979
0.0083062
0.0089977
0.00921629
0.00975123
0.0102171
0.0106165
0.0109759
0.0112778
0.011312
0.0115458
0.0117544
0.0119483
0.0121369
0.0121913
0.0124215
0.0126639
0.0129335
0.0132543
0.0140495
0.0143479
0.0146373
0.0149017
0.01519
0.0156773
0.0163439
0.0165603
0.0170161
0.0174207
0.0177614
0.0179965
0.0181984
0.0183148
0.0183334
0.01825
0.0181138
0.0178572
0.0174851
0.0169733
0.0163094
0.0155127
0.014699
0.0135887
0.0123021
0.0109637
0.0136235
0.0151926
0.0165426
0.0171425
0.0170277
0.0163013
0.0150464
0.0134569
0.0116411
0.0103662
0.00901666
0.00850626
0.011171
0.0144968
0.0180562
0.0217928
0.0256468
0.0290545
0.0329818
0.0372701
0.0485081
0.0550829
0.0612157
0.0614988
0.0584053
0.053954
0.0538159
0.0532775
0.050677
0.0492828
0.0477649
0.0462266
0.0447426
0.0412712
0.0399342
0.0387517
0.0377238
0.036808
0.0336785
0.0328874
0.0321167
0.0313555
0.0305753
0.0297389
0.0266746
0.0257555
0.0247851
0.0237671
0.0227157
0.0197365
0.0186989
0.0176517
0.0169543
0.016382
0.0170854
0.0164476
0.0157989
0.0151473
0.0144965
0.0138494
0.0144213
0.013748
0.0130752
0.0124098
0.0117582
0.0122382
0.0116156
0.0110107
0.0104198
0.00984058
0.0102423
0.0101877
0.010341
0.0104245
0.0104341
0.0103718
0.0114273
0.0111892
0.0108852
0.0105171
0.0100843
0.0106347
0.0101132
0.00958744
0.0090526
0.0085111
0.00881833
0.00825474
0.00769232
0.00712656
0.00655267
0.00598066
0.00607228
0.00550835
0.00497465
0.00448142
0.00402801
0.00411192
0.00370257
0.00331432
0.00294059
0.00258859
0.00266121
0.00237998
0.00228959
0.00229045
0.00275972
0.00321727
0.00358871
0.00407353
0.00464655
0.00522766
0.00582001
0.00637037
0.00690505
0.00738274
0.00778473
0.00809233
0.00829475
0.00837263
0.0083032
0.00807021
0.00765063
0.00746814
0.00794502
0.00863207
0.0105417
0.0127998
0.0154374
0.0181363
0.0215916
0.0255574
0.0300857
0.0352368
0.0403377
0.0468194
0.0541123
0.0622823
0.0740258
0.0839372
0.0935975
0.0977389
0.0956745
0.0890481
0.0792484
0.0654517
0.0529277
0.0409431
0.0353687
0.0305942
0.0247955
0.0184659
0.0140777
0.0190553
0.0249638
0.0296832
0.0346325
0.0370419
0.0384703
0.0390105
0.0387527
0.0387647
0.0371567
0.035056
0.032554
0.0297434
0.0273835
0.024145
0.0208248
0.0181781
0.016343
0.0145516
0.0118794
0.0102558
0.00877628
0.00743818
0.00624046
0.00461975
0.00662306
0.00839731
0.00993511
0.0112405
0.012318
0.013209
0.0138908
0.0143811
0.0147022
0.0148669
0.0150404
0.0149597
0.0147626
0.0144623
0.0140774
0.0138303
0.0133304
0.0127825
0.0122078
0.0115969
0.0111924
0.0105606
0.00993019
0.00929141
0.00866666
0.00805181
0.00766036
0.00730658
0.00706521
0.00695616
0.00705707
0.00663507
0.00667644
0.00667319
0.00662422
0.00652991
0.00602219
0.00585827
0.00564361
0.0053743
0.00505643
0.00468303
0.00427878
0.00408132
0.00397721
0.00432393
0.00472696
0.00518104
0.00569047
0.00625244
0.00687297
0.00754632
0.00822428
0.00897802
0.00976211
0.0105607
0.0113592
0.0121467
0.0128507
0.0135845
0.0142712
0.01489
0.0154316
0.0158544
0.0162276
0.0164948
0.0168439
0.0175093
0.0179862
0.0184644
0.0188299
0.019073
0.0191858
0.0191758
0.0190503
0.0188318
0.0185104
0.018107
0.0176498
0.0172056
0.0166785
0.0161211
0.0155281
0.0149195
0.000756264
0.0025291
0.0157691
0.0294463
0.0400956
0.0436808
0.0496461
0.0543231
0.0580161
0.0609227
0.0568048
0.0583605
0.0594535
0.0601184
0.0603897
0.0602837
0.0534626
0.052829
0.0519043
0.0506508
0.0491017
0.0422064
0.0433111
0.0443808
0.0451348
0.0456248
0.0379162
0.0379153
0.0376901
0.0372844
0.0366726
0.0359541
0.0279985
0.0272544
0.0263619
0.0253898
0.0242968
0.0190031
0.0186839
0.0183045
0.0178518
0.0173475
0.0169161
0.0161848
0.0154346
0.0146398
0.0138338
0.0130125
0.0157075
0.0148789
0.0141113
0.0134063
0.0127966
0.0153618
0.0148275
0.0143789
0.0139923
0.0136552
0.0159051
0.0155121
0.0151315
0.0147689
0.0144109
0.0140788
0.0156852
0.0152928
0.0149488
0.0146431
0.0143921
0.0155695
0.0152862
0.0150349
0.0148304
0.0146735
0.0155481
0.0153812
0.0152461
0.0151392
0.0150323
0.0149582
0.0155147
0.0154359
0.0153856
0.0153453
0.0153033
0.0156586
0.0155842
0.0155159
0.0154567
0.0154035
0.0155925
0.01553
0.0154717
0.0154223
0.0153802
0.0153474
0.0154278
0.0153954
0.0153683
0.015354
0.0153501
0.0153911
0.0154057
0.0154444
0.0155082
0.0155902
0.0156649
0.0157716
0.0158964
0.0160371
0.0162018
0.0163871
0.0165313
0.0167563
0.0170159
0.0173011
0.0176058
0.0178446
0.0181971
0.0185786
0.0189845
0.0194135
0.0197622
0.0202355
0.0207278
0.0212447
0.0217782
0.0223284
0.0227745
0.0233423
0.0239152
0.0244942
0.0254869
0.0265008
0.027547
0.0286306
0.0297381
0.0308621
0.0319079
0.0330318
0.0341445
0.0352356
0.0362853
0.0372755
0.03808
0.03889
0.0395584
0.0400538
0.0330788
0.0362238
0.0463392
0.0516178
0.0554271
0.0579357
0.0640877
0.0725263
0.0801913
0.0870222
0.0930368
0.0982151
0.0969423
0.100128
0.102452
0.103866
0.104342
0.097676
0.0963334
0.0941732
0.0913231
0.08785
0.0785535
0.0745577
0.0704338
0.0662629
0.0621768
0.0582222
0.0510875
0.0505741
0.0500279
0.0494117
0.0487345
0.0462617
0.0455827
0.0447721
0.0438452
0.042756
0.0405925
0.0393357
0.0379167
0.0363024
0.0345077
0.0325399
0.0301799
0.0279771
0.0256082
0.0230887
0.0204519
0.0183612
0.0167117
0.0148461
0.0138849
0.0157363
0.0195468
0.0213696
0.023213
0.0250869
0.0269626
0.0288656
0.0322491
0.0343365
0.0381381
0.042257
0.0467192
0.0520131
0.0569449
0.0621162
0.0674864
0.0730348
0.0789008
0.0846073
0.0903338
0.0960241
0.10156
0.106835
0.111838
0.116315
0.120243
0.123489
0.126017
0.128113
0.129148
0.129411
0.128914
0.127704
0.126476
0.123977
0.120886
0.117306
0.113273
0.108795
0.104801
0.0994936
0.0937452
0.0875769
0.0810195
0.0752495
0.0680875
0.0605744
0.0526628
0.0443549
0.0369333
0.027883
0.0190539
0.0285862
0.0447861
0.0618786
0.0765019
0.0896418
0.0985262
0.10421
0.107403
0.108652
0.10847
0.106808
0.103833
0.0996566
0.0952683
0.0894065
0.0828973
0.0758948
0.0685518
0.0609908
0.0544222
0.0467972
0.0393028
0.0320305
0.0324045
0.0351649
0.0383684
0.0415008
0.0443848
0.0469254
0.0487893
0.0503891
0.0514059
0.0518106
0.0515293
0.0505902
0.0528021
0.0611841
0.0701442
0.0797916
0.0901842
0.0997303
0.0890232
0.10211
0.116307
0.119134
0.112996
0.104288
0.0927758
0.0796084
0.0655332
0.0512228
0.0431328
0.0423832
0.0415809
0.0406017
0.0393373
0.0353539
0.0348902
0.035484
0.0393887
0.041958
0.0454404
0.04555
0.0447429
0.043203
0.0411089
0.038665
0.0370015
0.0340561
0.0311906
0.0284829
0.0259703
0.0236381
0.0214962
0.0196957
0.0181974
0.0169814
0.0150989
0.0142434
0.0136063
0.0132437
0.0133529
0.0135565
0.0152213
0.0155358
0.0159263
0.0165747
0.0174679
0.0190681
0.019834
0.0205481
0.0212014
0.0217994
0.0230869
0.0235919
0.0240651
0.024511
0.0249335
0.0253256
0.0263206
0.0266508
0.0269544
0.0272418
0.0275242
0.0282884
0.0285232
0.0287329
0.0289342
0.0291156
0.0296998
0.0298112
0.029891
0.0299399
0.0299387
0.0298993
0.0301523
0.0300042
0.0297969
0.0295197
0.0291698
0.0290488
0.0285111
0.0278712
0.02712
0.026223
0.0255164
0.0243446
0.0229969
0.0214697
0.0197468
0.0178332
0.01613
0.013814
0.011281
0.0105584
0.0100681
0.0102719
0.00977863
0.00929944
0.00921168
0.0114639
0.0148721
0.0189716
0.0231625
0.0274046
0.0316683
0.0359474
0.0396027
0.0437948
0.0479307
0.0520402
0.0552104
0.0561798
0.0560999
0.0550115
0.0531162
0.0505241
0.0477252
0.0441241
0.0408287
0.0385651
0.0361085
0.0334684
0.0311382
0.0281612
0.0249998
0.0216816
0.0182252
0.0192623
0.0226835
0.0268192
0.0278586
0.0349072
0.0414144
0.0518036
0.0594729
0.06534
0.0701014
0.0741819
0.0763789
0.0796798
0.0828062
0.0858079
0.0887003
0.0895879
0.0921666
0.0945836
0.0967589
0.0985794
0.0978516
0.0985459
0.0984111
0.097252
0.0963962
0.0963902
0.100209
0.10061
0.0997583
0.0978799
0.09521
0.0944019
0.0906488
0.0865482
0.0821931
0.0776552
0.0753273
0.0705427
0.0657321
0.0609379
0.0561852
0.0514983
0.0488651
0.0443271
0.0399438
0.0357302
0.0316974
0.0294219
0.0257086
0.0222315
0.0189892
0.0182369
0.0191344
0.0183599
0.0175048
0.0166113
0.0156927
0.0147606
0.0151113
0.0141461
0.013206
0.0123065
0.01145
0.011696
0.0108807
0.0101228
0.00942003
0.00877058
0.00902092
0.00843863
0.00787763
0.00732836
0.00679737
0.00634072
0.00647599
0.00601111
0.00563015
0.00529286
0.00497932
0.0050284
0.00474112
0.00447504
0.00423091
0.00399653
0.00414183
0.00389103
0.00364703
0.00341945
0.00318652
0.00292104
0.00304948
0.00380619
0.0045417
0.00523515
0.00587168
0.00640681
0.00686426
0.00719085
0.00737064
0.00738502
0.0072694
0.00690565
0.00631549
0.00549453
0.00570077
0.00624344
0.00681709
0.0076002
0.00847065
0.0094122
0.0121774
0.0154402
0.019628
0.0244037
0.0298076
0.0358505
0.0417128
0.0490067
0.057022
0.0658016
0.0780205
0.0882546
0.0980396
0.102148
0.0998484
0.0927512
0.0822717
0.0677036
0.0547471
0.0432968
0.0321838
0.0215379
0.00964116
0.00876161
0.00962117
0.0136088
0.0189491
0.0230996
0.0275732
0.0294993
0.0305847
0.0310771
0.0320095
0.0318929
0.0316405
0.0309572
0.0299501
0.0286557
0.0264422
0.024755
0.0229862
0.0211833
0.019432
0.0177516
0.0151982
0.0136972
0.0123158
0.0110556
0.00993183
0.00787574
0.00704426
0.00636566
0.00581127
0.00534764
0.00388896
0.00355458
0.00324285
0.00293547
0.00263211
0.00232533
0.00142965
0.00131598
0.00121182
0.00110376
0.000980705
0.001517
0.0018734
0.00222483
0.00259051
0.00297678
0.00403959
0.00438631
0.00467351
0.00488627
0.00503215
0.0050793
0.00561944
0.00547957
0.00527775
0.00502798
0.00475568
0.00498572
0.00469306
0.0043869
0.00406557
0.00372262
0.00380985
0.00345007
0.0030898
0.00273161
0.00237817
0.00204867
0.00207561
0.00177412
0.0015109
0.00129308
0.0011265
0.00125097
0.00117551
0.00117274
0.00117463
0.00114664
0.00116843
0.00109184
0.00114301
0.00124572
0.00133322
0.00141302
0.00142477
0.00148755
0.00154325
0.00159973
0.00165735
0.00167814
0.00174715
0.00181793
0.00188801
0.00195822
0.00199232
0.00206472
0.00213601
0.00221524
0.00229551
0.0023775
0.00242949
0.00250892
0.00258823
0.00266753
0.00274557
0.00280492
0.00288464
0.00295566
0.00301726
0.00307029
0.000756264
0.00251664
0.0158172
0.0298126
0.0409196
0.0449841
0.0515792
0.0569499
0.0613764
0.0650632
0.0616577
0.0640812
0.0660774
0.0676881
0.0689063
0.0697365
0.0636965
0.0638904
0.0637021
0.0631184
0.0623522
0.0584553
0.0616978
0.0645779
0.0670813
0.0691977
0.0628963
0.0644176
0.0657664
0.0669172
0.0680112
0.0690033
0.0626578
0.0637844
0.0648497
0.0657647
0.0665287
0.0612342
0.0618035
0.0619675
0.0617176
0.0609649
0.0559894
0.0546344
0.0527436
0.0503334
0.0474523
0.044148
0.039204
0.0356221
0.0318202
0.0278649
0.0293578
0.0286436
0.0310815
0.0333176
0.0352954
0.0387056
0.0407375
0.0467357
0.0523081
0.0574001
0.0620319
0.0662113
0.066082
0.069353
0.0721114
0.0743609
0.0762219
0.0744224
0.0757079
0.0766895
0.0774202
0.0779091
0.0753884
0.0755263
0.0754735
0.0752468
0.0748413
0.0742972
0.071381
0.0706477
0.0698004
0.0688377
0.0677496
0.0647389
0.0635177
0.062199
0.0608085
0.0593443
0.0563922
0.0548956
0.0533579
0.051783
0.0501827
0.0485554
0.0458467
0.0442539
0.0426595
0.0410467
0.0394253
0.036986
0.0354089
0.0338362
0.0322723
0.0307154
0.0285645
0.0270687
0.025594
0.0241442
0.0227154
0.0213028
0.0195042
0.018163
0.0168378
0.0155294
0.0145082
0.0144424
0.0147846
0.0150963
0.0153724
0.0156067
0.0154807
0.0156505
0.0157736
0.0158504
0.0158779
0.0158516
0.0155645
0.0154416
0.0152621
0.0150245
0.0147206
0.0142312
0.0138098
0.0133183
0.0127519
0.0121086
0.0113626
0.0110403
0.0108929
0.0116287
0.0123156
0.0129468
0.0134567
0.0139594
0.014373
0.0146843
0.0213388
0.0229177
0.0332114
0.0390994
0.0437355
0.0471151
0.046718
0.0496268
0.0579041
0.065492
0.0723575
0.0784614
0.0780164
0.0821593
0.0854245
0.087767
0.0891485
0.0832658
0.0827837
0.0814609
0.0793801
0.0767054
0.0680271
0.0647048
0.0611258
0.057453
0.0537484
0.0501292
0.0429533
0.0399957
0.0372853
0.0348365
0.032626
0.0283575
0.0268703
0.0255957
0.0244807
0.0235123
0.0214161
0.0208134
0.0202375
0.0196754
0.0190873
0.0213194
0.0265166
0.0289585
0.0314587
0.0340154
0.0366166
0.0415207
0.0440832
0.0466609
0.0492349
0.0518204
0.0562391
0.0587078
0.0611464
0.0635496
0.0658901
0.0681739
0.0718015
0.0738643
0.0758799
0.077859
0.079781
0.0827861
0.0845928
0.086383
0.0881808
0.0899692
0.0925781
0.0943462
0.0982279
0.103727
0.108824
0.113405
0.117578
0.120852
0.123337
0.124985
0.125832
0.126443
0.125821
0.124545
0.122701
0.120322
0.118239
0.114939
0.111212
0.10712
0.102655
0.0978201
0.0935608
0.0879925
0.082025
0.07567
0.0688952
0.0628382
0.055262
0.0472572
0.0387965
0.0402576
0.0426525
0.0456856
0.0515179
0.0709958
0.0916142
0.11337
0.131734
0.147592
0.157909
0.164287
0.16778
0.168921
0.168194
0.165598
0.161345
0.155599
0.149584
0.141569
0.132611
0.122932
0.112737
0.102166
0.092847
0.0820031
0.0712455
0.0606635
0.0590262
0.0637733
0.0694652
0.0752832
0.0810249
0.0865203
0.0909547
0.0954109
0.0990295
0.101621
0.10306
0.103269
0.102383
0.100122
0.0999885
0.105995
0.111257
0.115193
0.120809
0.123445
0.125424
0.122773
0.11657
0.107509
0.0953432
0.0812727
0.0661262
0.0506232
0.0328988
0.0213269
0.0193644
0.0175519
0.0203385
0.0327091
0.0410205
0.0476543
0.0526181
0.0559529
0.0598473
0.0600903
0.0590133
0.0567933
0.0536227
0.0497558
0.0466213
0.0417692
0.0368537
0.0320716
0.0275551
0.0235702
0.0196716
0.0163021
0.0134723
0.0111707
0.00852131
0.00853298
0.0101059
0.0115007
0.0126847
0.0136337
0.0121979
0.0127106
0.0132537
0.0140404
0.014734
0.0161483
0.0167121
0.0172522
0.0177588
0.018243
0.0194546
0.0199076
0.0203649
0.0208328
0.0213016
0.0217737
0.0228633
0.0233342
0.0238091
0.0242921
0.0247903
0.0257607
0.0262428
0.0267017
0.0271479
0.0275714
0.0283614
0.028703
0.028995
0.0292483
0.0294437
0.0295847
0.0299792
0.0299709
0.0298729
0.0296708
0.0293579
0.0292338
0.0286548
0.0279369
0.0270661
0.0260051
0.0251156
0.0236875
0.0220348
0.0201551
0.0181296
0.017731
0.0180969
0.0176043
0.0170856
0.0169172
0.0182961
0.0194674
0.0207883
0.0220553
0.0232489
0.0243593
0.0252533
0.0299197
0.0352827
0.0407954
0.0464204
0.0521439
0.0571349
0.0629351
0.0687152
0.0743829
0.079403
0.0825228
0.0846889
0.0854132
0.0848654
0.0831767
0.080838
0.0773976
0.0731992
0.0683643
0.0629868
0.0571379
0.0516504
0.0450757
0.0381851
0.0309965
0.0235098
0.0171749
0.0118072
0.0134153
0.0161531
0.0225405
0.0293915
0.0418753
0.051663
0.0596479
0.0665024
0.0726305
0.0765772
0.0818195
0.0868316
0.091665
0.0963489
0.098772
0.103071
0.107174
0.111017
0.114526
0.115323
0.117843
0.119664
0.120641
0.120625
0.119497
0.115422
0.112142
0.107889
0.102863
0.0984294
0.0958699
0.0911158
0.0860173
0.0807213
0.0753324
0.0715072
0.0661191
0.0608479
0.0557382
0.050825
0.0461354
0.0428716
0.038617
0.0346411
0.0309536
0.0275651
0.0253073
0.0224414
0.0198527
0.0175289
0.0154483
0.0141356
0.0131407
0.0140087
0.0147423
0.0153488
0.0160922
0.0168776
0.0171063
0.0173927
0.017691
0.0178273
0.0179177
0.01774
0.0174871
0.0171654
0.0167911
0.016952
0.016509
0.0160598
0.0156237
0.0151795
0.0147222
0.0147041
0.0141825
0.0136183
0.013
0.0123224
0.0120098
0.0112527
0.0104674
0.00966304
0.00884458
0.00835143
0.00781469
0.00789887
0.00794099
0.00794287
0.00791886
0.0089637
0.0100405
0.0110232
0.0118769
0.01261
0.0131871
0.0136436
0.0139461
0.0140912
0.0140509
0.0138548
0.0133736
0.0126268
0.0115959
0.0102759
0.00888871
0.00893945
0.00905851
0.00970533
0.0126116
0.0159323
0.019243
0.0234176
0.0281184
0.0333742
0.0392188
0.0448612
0.0518621
0.0595233
0.0678713
0.0795554
0.0891398
0.0982785
0.101546
0.0983005
0.0901888
0.0786595
0.0631483
0.0491254
0.0368129
0.0269696
0.0218607
0.0159779
0.0114086
0.0155057
0.0221458
0.0275027
0.0316171
0.0360004
0.0377542
0.0385712
0.0385847
0.0379138
0.0376849
0.0359768
0.0340002
0.0318318
0.0295391
0.0277608
0.0253179
0.02293
0.0206109
0.0183715
0.0162246
0.0144467
0.0124978
0.0106727
0.00897655
0.00740275
0.00758052
0.00757253
0.00753081
0.00746512
0.00737604
0.00798458
0.00783572
0.007673
0.00751099
0.0073359
0.00713632
0.00746143
0.00718004
0.00688234
0.00663963
0.00656858
0.00633317
0.00605422
0.00586134
0.00563493
0.00538787
0.00491437
0.00484604
0.00491077
0.00494581
0.00496405
0.00496566
0.00509155
0.00513273
0.00521618
0.00531083
0.00542447
0.00602239
0.00617668
0.00635993
0.00656709
0.00678076
0.00734979
0.00754783
0.00773183
0.00789188
0.00803511
0.00815153
0.0085351
0.00858267
0.00861157
0.00861096
0.00858012
0.00877318
0.00869618
0.00858721
0.00843488
0.00826856
0.00830522
0.00816634
0.00806296
0.00798868
0.00793658
0.00792281
0.00805654
0.00804099
0.00800835
0.00797798
0.00794269
0.00800671
0.00796284
0.00792491
0.0078716
0.00780287
0.00780635
0.00770432
0.00758311
0.00745481
0.00731431
0.00717351
0.00709701
0.00694056
0.00676937
0.00657645
0.00634125
0.00612369
0.00579096
0.00542247
0.00501963
0.00458378
0.000756264
0.00252919
0.015724
0.0292758
0.0397826
0.0432485
0.0490689
0.0535804
0.0571015
0.0598526
0.0556382
0.0571325
0.0582364
0.0589873
0.0594128
0.059527
0.0529232
0.0525717
0.0519265
0.0510114
0.049808
0.0432066
0.0442769
0.0456942
0.0468197
0.047658
0.0402578
0.0405732
0.0406561
0.040514
0.0402189
0.0397424
0.0320419
0.0315389
0.030911
0.0301237
0.0292421
0.0248701
0.0246696
0.0243588
0.0239244
0.0233995
0.020707
0.0201439
0.0195366
0.0189006
0.0182598
0.0176711
0.0159299
0.0156894
0.0155586
0.0155282
0.0155607
0.0149125
0.0150461
0.0151738
0.0152785
0.0153386
0.0149097
0.0148853
0.0147873
0.0146336
0.014446
0.0142467
0.0137028
0.0135219
0.0133711
0.0132268
0.0131096
0.0127322
0.0124886
0.0124004
0.0123262
0.0122502
0.011989
0.0116653
0.0115038
0.0113979
0.0112754
0.0111532
0.0112097
0.011016
0.0108434
0.010694
0.0105595
0.0108378
0.0106924
0.0105598
0.0104479
0.0103461
0.0105082
0.0104386
0.0103963
0.0103822
0.0103892
0.0104078
0.0105353
0.0105523
0.0105813
0.0106275
0.0106914
0.0107906
0.0108647
0.0109581
0.0110863
0.0112547
0.0114223
0.0116473
0.0119084
0.0122059
0.0125359
0.0129023
0.0132146
0.0136346
0.0140785
0.014553
0.0150601
0.0154831
0.01604
0.016629
0.0172533
0.0179067
0.0184357
0.0191008
0.0197919
0.0205124
0.0212449
0.0219936
0.0226251
0.0234229
0.0242389
0.0250723
0.0259187
0.0266158
0.0274691
0.0283175
0.0291456
0.0299494
0.0305799
0.031301
0.0319534
0.032529
0.0330089
0.0333642
0.0335126
0.0335578
0.0334
0.0330009
0.0458232
0.0492422
0.0592842
0.0642906
0.0675948
0.0693302
0.0673148
0.0698642
0.0764525
0.0819497
0.0863798
0.0897561
0.0867571
0.0878497
0.0879907
0.087209
0.085561
0.0771506
0.0739968
0.0702578
0.0660595
0.0615421
0.0515413
0.0470389
0.0426522
0.0384977
0.035006
0.0339335
0.0303989
0.0296983
0.0290725
0.0285152
0.028
0.0257596
0.0254065
0.0249963
0.024515
0.0239187
0.022206
0.0214886
0.0206188
0.0195723
0.0183597
0.0169794
0.015134
0.0135167
0.011726
0.00976464
0.00765809
0.00689352
0.00642538
0.00603847
0.00573868
0.00555302
0.00766324
0.00956413
0.0123691
0.0152139
0.0180499
0.0208825
0.0233973
0.0272345
0.0311854
0.0352202
0.0393372
0.0424545
0.0465907
0.0507042
0.0547361
0.0586483
0.061432
0.064951
0.0681665
0.0710166
0.0733963
0.0752374
0.0758986
0.0764542
0.0761979
0.0785615
0.080784
0.0827577
0.0838181
0.084282
0.0841671
0.0835296
0.0830111
0.0815805
0.079826
0.0777934
0.0756144
0.0776118
0.0792993
0.0805654
0.0812849
0.0813749
0.0808296
0.0798946
0.0779922
0.0752466
0.0715603
0.0669116
0.062086
0.0556077
0.048135
0.0396801
0.0302169
0.0197997
0.0147477
0.0207548
0.0238172
0.0247795
0.02447
0.0236372
0.0224701
0.0211628
0.019804
0.0185154
0.0174892
0.0181308
0.0191409
0.020402
0.0219694
0.0238095
0.025352
0.0274579
0.0296568
0.0317403
0.0335776
0.0348666
0.0364829
0.0379353
0.0390802
0.0400053
0.0404838
0.0411298
0.0418066
0.04252
0.0466059
0.0523488
0.0578523
0.0649738
0.0729099
0.0816848
0.0912683
0.100247
0.0891408
0.102055
0.116277
0.119309
0.113428
0.105069
0.0938895
0.0810206
0.0671593
0.0561621
0.0522249
0.0493903
0.0478589
0.0526872
0.0562899
0.0577966
0.0591113
0.0595196
0.0605681
0.0686553
0.0772459
0.0833571
0.0885707
0.0928918
0.0963229
0.0989113
0.101178
0.102072
0.102277
0.101852
0.10083
0.0991324
0.0969378
0.0943384
0.0914047
0.0882123
0.0842145
0.0805668
0.0768136
0.0729994
0.0691738
0.0653837
0.0606182
0.0568995
0.0532188
0.049644
0.0462124
0.0416359
0.0384498
0.0354461
0.0326071
0.0299286
0.0259959
0.0236341
0.0214432
0.0194119
0.017515
0.015744
0.0126246
0.0110656
0.00959863
0.00825327
0.00725995
0.00592633
0.00606842
0.00617888
0.00625028
0.00637442
0.00654549
0.00702824
0.00742531
0.00775125
0.00802931
0.00826151
0.00824402
0.00842508
0.00858385
0.0087264
0.00885542
0.0088498
0.00900469
0.00917333
0.00935134
0.00955369
0.00966303
0.00987615
0.01013
0.0104007
0.0106906
0.0109807
0.0112023
0.0115006
0.0117877
0.0120432
0.0122562
0.0124012
0.0125197
0.0125735
0.0125576
0.0124565
0.0123186
0.0120756
0.0117307
0.0112564
0.0106329
0.00987493
0.00909625
0.0080426
0.00838908
0.0110256
0.0137959
0.015623
0.0174266
0.0185487
0.0188841
0.0184278
0.0173262
0.015901
0.0142336
0.0125057
0.0108905
0.010875
0.0122784
0.0145355
0.017275
0.0204834
0.0241406
0.0275608
0.0319929
0.0368089
0.0476811
0.0539566
0.0598677
0.0609677
0.0657689
0.0680871
0.0689533
0.068979
0.066854
0.065978
0.064963
0.0638776
0.0627619
0.0595457
0.0583879
0.0572607
0.056141
0.0550116
0.0516029
0.0504313
0.0492447
0.0480367
0.0467831
0.0454591
0.0419458
0.0405243
0.0390541
0.0375549
0.0360401
0.0326441
0.03113
0.0296075
0.0280824
0.0265713
0.0235176
0.0221113
0.0207393
0.019409
0.0181215
0.0168829
0.0144553
0.0133713
0.01235
0.0113745
0.0104293
0.0101296
0.00944701
0.00883255
0.00828717
0.00779725
0.00830301
0.00785492
0.00744013
0.00704744
0.00668098
0.00635028
0.0068384
0.00652006
0.0061896
0.0058741
0.005578
0.0059699
0.00571259
0.00548267
0.00527655
0.00509501
0.00547372
0.00532252
0.00520062
0.00511618
0.0050718
0.00505083
0.00543938
0.00571923
0.00607732
0.00642113
0.00672319
0.00695052
0.00716144
0.00736088
0.00755601
0.007746
0.00838676
0.00935024
0.0103656
0.0114184
0.0124981
0.0135655
0.0145541
0.0155813
0.0165683
0.0174937
0.0183436
0.0190445
0.019677
0.020176
0.0205247
0.0207053
0.0207412
0.020563
0.0201673
0.0195524
0.0187102
0.0176278
0.016499
0.0151897
0.016106
0.0180151
0.0203174
0.0227343
0.0258937
0.0295916
0.0338865
0.038831
0.0437704
0.050099
0.0572804
0.065385
0.0771122
0.0870714
0.0968458
0.101194
0.0993538
0.0929507
0.0833912
0.0698462
0.0575422
0.0455546
0.0337475
0.0291051
0.0239748
0.0186245
0.0156337
0.015167
0.0210499
0.0258208
0.0308287
0.0333173
0.0348374
0.0354748
0.0353367
0.0354714
0.0340307
0.0321285
0.0298571
0.0273032
0.0251847
0.0222462
0.019246
0.0162433
0.01329
0.0104293
0.00803912
0.00711703
0.00650942
0.00591108
0.00532192
0.00574574
0.00636357
0.00678208
0.00700578
0.00778881
0.00850582
0.00899225
0.00928718
0.00940296
0.00935984
0.00918156
0.0090771
0.00870079
0.00822723
0.00767675
0.00707975
0.0066689
0.00601879
0.0053615
0.00526509
0.00538319
0.00514531
0.0052776
0.00541672
0.00555348
0.00569215
0.00582287
0.00567046
0.00576881
0.0063076
0.00692263
0.0074935
0.00747454
0.00796235
0.00839794
0.00878537
0.00912713
0.0090024
0.00927173
0.00948611
0.00964491
0.00975199
0.00980085
0.00949134
0.00942945
0.00930084
0.00909778
0.00882523
0.00829589
0.00792301
0.00751238
0.00805336
0.00864306
0.0091318
0.00980939
0.0105153
0.0112497
0.0120052
0.0127856
0.0134273
0.0142202
0.0150032
0.0157796
0.0165324
0.0171251
0.0178122
0.0184464
0.0190005
0.0194564
0.019748
0.0200263
0.0201944
0.0202702
0.0202439
0.0201239
0.0199215
0.0196345
0.0192729
0.0188488
0.0183805
0.0179362
0.0174286
0.0169126
0.0163884
0.015863
