0.000754312
0.00250061
0.0158228
0.0295963
0.0402226
0.0436384
0.0492471
0.0533851
0.0563806
0.0584646
0.0535476
0.0541161
0.0541794
0.0537978
0.0530222
0.0518999
0.0442257
0.042679
0.0409107
0.0389536
0.0368365
0.0295624
0.0292797
0.0290431
0.0286153
0.0280177
0.0200123
0.0215283
0.0228827
0.0240742
0.025102
0.0259707
0.0248374
0.0251814
0.0255392
0.0258204
0.0260384
0.0283782
0.0276019
0.0266391
0.0254884
0.0248245
0.0267973
0.0253122
0.02473
0.0258053
0.0270778
0.0285237
0.028595
0.0304099
0.0322551
0.0340692
0.0357741
0.0364065
0.0377349
0.0387129
0.0392821
0.0394113
0.0387187
0.0380527
0.0369957
0.0356163
0.0339798
0.0321808
0.0301466
0.0282159
0.0263146
0.0244606
0.022695
0.0207865
0.0191853
0.0176704
0.0162615
0.0152277
0.0157143
0.0151175
0.014567
0.014064
0.0135756
0.0131156
0.0133248
0.0128185
0.0123113
0.0118022
0.0112792
0.0111989
0.0106166
0.0100183
0.00941031
0.00878851
0.00846627
0.00780475
0.0071388
0.0064743
0.00708358
0.00773153
0.0074238
0.00802089
0.008582
0.00911026
0.00960828
0.0093109
0.00978279
0.0102317
0.0106567
0.011059
0.0108029
0.0111888
0.0115543
0.0118972
0.0122178
0.0125154
0.0122892
0.0125563
0.0127926
0.0129937
0.0131552
0.0128863
0.012979
0.0130179
0.0129962
0.0129091
0.0124772
0.0122622
0.0119564
0.0115523
0.0114961
0.0132721
0.0148859
0.0169053
0.0190542
0.0213237
0.0237094
0.025839
0.0284179
0.031084
0.0338192
0.036607
0.0390301
0.0418539
0.0446445
0.0473685
0.0499812
0.0524318
0.0543568
0.0563271
0.057929
0.0593307
0.0912615
0.0985792
0.109758
0.113809
0.114662
0.123635
0.12844
0.132926
0.134864
0.134498
0.132097
0.12794
0.11794
0.110787
0.102603
0.0935946
0.0839577
0.0688533
0.0584865
0.0480862
0.0378483
0.03316
0.0265184
0.0234714
0.02073
0.018332
0.017707
0.0214312
0.028893
0.0317419
0.0340316
0.0357312
0.0368195
0.0415322
0.041419
0.0407589
0.0396036
0.0380171
0.0400138
0.037704
0.0351946
0.0325403
0.0298265
0.0271114
0.0277003
0.0249995
0.0224313
0.0200246
0.0178117
0.018421
0.0164737
0.0147168
0.0131617
0.0117804
0.0126383
0.0114804
0.0104735
0.00958495
0.00882453
0.00816298
0.00912327
0.00856346
0.00806485
0.00761551
0.00723344
0.00807555
0.00769598
0.00734784
0.00701469
0.00670911
0.00735562
0.00702051
0.00668493
0.00636668
0.00604247
0.00589681
0.00662385
0.00658287
0.0065339
0.00649354
0.00643724
0.00690232
0.00678819
0.00665715
0.00651573
0.00636164
0.00655893
0.0063292
0.00607608
0.00579813
0.00579762
0.0058854
0.00562173
0.00567982
0.00573103
0.00575313
0.00576586
0.00545155
0.00543358
0.00538957
0.00532452
0.00523944
0.00485646
0.00508071
0.00563414
0.00617869
0.00668877
0.00718986
0.0074913
0.00793851
0.0083384
0.0086941
0.00900126
0.00924237
0.0101058
0.0109324
0.0117329
0.0124752
0.0131659
0.0137859
0.0143068
0.0147228
0.015014
0.0151449
0.0152403
0.0150368
0.014635
0.0139785
0.0130597
0.0121203
0.0106212
0.00968049
0.00993211
0.010056
0.0100214
0.00986592
0.00951213
0.0113427
0.0167329
0.0228274
0.0286576
0.0361882
0.0445713
0.0538636
0.0641122
0.0738274
0.0637299
0.0780743
0.0944152
0.100011
0.0966439
0.0913491
0.0834238
0.0739724
0.0637312
0.0532858
0.0429908
0.0411313
0.0414645
0.040388
0.0381068
0.034603
0.0304955
0.0259637
0.0212814
0.0167132
0.0112304
0.0100834
0.0107872
0.0110228
0.0109387
0.0106284
0.0106427
0.0100253
0.00936618
0.00867482
0.00795813
0.00704766
0.00613823
0.00515925
0.00410094
0.00295865
0.00220744
0.00296216
0.0038307
0.00478644
0.00581197
0.00689033
0.00927117
0.0103361
0.0113982
0.0124548
0.0135147
0.0154513
0.0164008
0.0173141
0.0181021
0.0187678
0.0200982
0.0206525
0.0211415
0.0215697
0.021932
0.0222304
0.0230412
0.0232125
0.0233278
0.0233932
0.0234246
0.0238257
0.0237505
0.0236183
0.0234557
0.0232606
0.0233671
0.0230897
0.0227826
0.0224536
0.0220885
0.0217064
0.0215396
0.0211044
0.0206458
0.0201667
0.0196741
0.0193493
0.0188116
0.0182719
0.0177315
0.0171675
0.016738
0.0161633
0.0155775
0.014993
0.0143992
0.0138059
0.0133162
0.0127097
0.0124558
0.0124736
0.0125253
0.0131352
0.0132489
0.0134043
0.0135955
0.0138053
0.0144482
0.0146915
0.0149606
0.0152321
0.0154954
0.0157555
0.0162787
0.0164562
0.0165933
0.0166614
0.0166457
0.0168086
0.0165919
0.0162377
0.0157437
0.0150794
0.0145318
0.0134915
0.0122244
0.0107235
0.00897397
0.00696146
0.00567687
0.00412351
0.00461211
0.00741969
0.0107134
0.0138972
0.0182071
0.0230995
0.0409366
0.0471888
0.0531672
0.0612516
0.0653422
0.0666434
0.0662089
0.0646588
0.060944
0.0580442
0.0548008
0.0513401
0.0477617
0.0423519
0.0386994
0.035132
0.0316924
0.0284122
0.0232947
0.0203772
0.0185524
0.0176889
0.0168764
0.0161121
0.0141212
0.0134847
0.0128927
0.0123372
0.0118175
0.0102513
0.0098296
0.00942995
0.0094627
0.00973831
0.0119804
0.0120637
0.0120716
0.0120128
0.0118933
0.0117245
0.0134214
0.0131369
0.01282
0.0124797
0.0121202
0.013462
0.0130326
0.0125955
0.0121567
0.0117155
0.0127711
0.0122912
0.0118171
0.0113522
0.010898
0.0104563
0.011248
0.0107892
0.0103456
0.00991996
0.00950998
0.0101224
0.00976799
0.00971273
0.00962803
0.00951458
0.00990357
0.00971258
0.0094943
0.00924729
0.00897194
0.00866764
0.00877322
0.00840163
0.0080048
0.00758459
0.00714078
0.007043
0.00654496
0.00602642
0.0054884
0.00493434
0.0046774
0.00408215
0.00347497
0.00286034
0.00252353
0.0023166
0.00203484
0.00180686
0.00158422
0.00136793
0.00168488
0.00204649
0.00265855
0.00324744
0.00380605
0.00483062
0.00579995
0.00696096
0.00816084
0.00938644
0.0106245
0.0118605
0.0129228
0.0141116
0.0152541
0.0163342
0.0182697
0.0214389
0.0254715
0.0300468
0.0352167
0.0410233
0.0466955
0.0538181
0.0617063
0.0703954
0.082538
0.0926877
0.102379
0.106314
0.103726
0.0962288
0.0852875
0.0703688
0.0560024
0.041322
0.0339863
0.0284002
0.0302853
0.0312122
0.0313676
0.0308093
0.0326498
0.0365683
0.0405424
0.0415991
0.0415148
0.0404771
0.0386725
0.0374115
0.0345006
0.0313118
0.0279711
0.0260131
0.0244115
0.0233304
0.0220588
0.0206435
0.0191256
0.0175391
0.0149504
0.0133018
0.0116723
0.0100771
0.00853118
0.00736505
0.00696242
0.00650132
0.00599927
0.00586766
0.00652039
0.00704166
0.00747833
0.00784078
0.00813967
0.00838104
0.00869232
0.0088374
0.00893345
0.00898576
0.00899649
0.00911844
0.00906128
0.00897327
0.0088535
0.00870568
0.00904056
0.00886226
0.00865442
0.0084227
0.00816622
0.00789356
0.0082213
0.00790483
0.00757337
0.00723591
0.00689593
0.00707209
0.00671381
0.00635764
0.00600895
0.00566606
0.00576237
0.00542024
0.00508931
0.00477122
0.00446482
0.0041734
0.00423144
0.00395305
0.00368972
0.00343955
0.00320521
0.00324515
0.00302191
0.00280897
0.00260802
0.00241959
0.00244719
0.00226694
0.00209449
0.0019291
0.00177139
0.00161941
0.00162414
0.00147356
0.00132616
0.00118414
0.00112379
0.00112586
0.00107375
0.00101234
0.000940248
0.000853568
0.000797495
0.000681177
0.000544906
0.000390604
0.000298426
0.000222176
0.000253916
0.000406042
0.000698492
0.00104728
0.00134742
0.00143556
0.00142945
0.00124793
0.00122218
0.00126572
0.000753805
0.00246768
0.0153274
0.028166
0.0375769
0.0397918
0.0439636
0.0466946
0.0483624
0.0492299
0.0433561
0.042964
0.0422125
0.0411606
0.039855
0.0383318
0.0304037
0.0286791
0.0268537
0.0255838
0.0251555
0.0229352
0.0247814
0.0263674
0.0277199
0.0288561
0.0303138
0.0310665
0.0317381
0.0323254
0.0328276
0.0332137
0.0378251
0.0379248
0.0378436
0.0375505
0.0370162
0.0404851
0.0394109
0.0380886
0.0365288
0.0347806
0.0369219
0.0348899
0.0328497
0.0308406
0.0289219
0.0298517
0.0302054
0.0323818
0.0346033
0.0368131
0.0389048
0.0398909
0.0416326
0.0429702
0.0438351
0.0441867
0.0436484
0.0431219
0.0421483
0.0407797
0.0390769
0.0371339
0.0349151
0.0327155
0.030494
0.0282952
0.0261749
0.0239508
0.0219934
0.0201322
0.0183893
0.0174729
0.0178812
0.0167201
0.0154602
0.0141178
0.0127424
0.0113224
0.0113317
0.010129
0.00891292
0.00769547
0.00649334
0.00741562
0.00617972
0.00497642
0.00380418
0.00267246
0.00334039
0.00222178
0.00194164
0.0024728
0.00342803
0.00433898
0.00426327
0.00512601
0.00595142
0.0067407
0.00749485
0.00741662
0.00813293
0.00881988
0.00947605
0.0101007
0.0100319
0.010622
0.0111822
0.0117111
0.0122078
0.0126703
0.0125811
0.0129979
0.0133735
0.0137049
0.0139872
0.0138168
0.0140141
0.0141493
0.0142165
0.0142107
0.013844
0.0136961
0.0134502
0.0130968
0.0126242
0.0120184
0.0120972
0.0141348
0.0163057
0.0186023
0.0210221
0.02319
0.0258244
0.0285603
0.0313824
0.0342757
0.0368061
0.0397703
0.04272
0.0456213
0.0484311
0.0510993
0.0532328
0.055481
0.0584629
0.0612182
0.0916807
0.0994521
0.110769
0.114775
0.117815
0.12795
0.132561
0.136671
0.138096
0.137101
0.133991
0.12906
0.11835
0.110369
0.101348
0.0915236
0.0811223
0.0654009
0.054388
0.0434138
0.032687
0.0285828
0.021728
0.0184643
0.0173367
0.0167432
0.0198597
0.0238984
0.03056
0.0320653
0.0326004
0.0345676
0.0359108
0.0408334
0.0409327
0.0404528
0.0394645
0.0380206
0.0401313
0.0379389
0.0355355
0.0329791
0.0303542
0.0277287
0.0284055
0.025801
0.0233195
0.0209878
0.0188385
0.0194941
0.01759
0.0158669
0.0143371
0.0129727
0.0138393
0.0126856
0.011677
0.010783
0.0102589
0.00995845
0.0114423
0.0111748
0.0109659
0.0108148
0.0106881
0.0119574
0.0118381
0.0117475
0.0116928
0.0116485
0.0126661
0.0126057
0.0125671
0.0125265
0.0124987
0.0124711
0.0131706
0.0130931
0.013001
0.0129105
0.0127976
0.013208
0.0130267
0.0128247
0.0126073
0.0123751
0.0125012
0.0121865
0.0118469
0.0114801
0.0110913
0.0106694
0.0104794
0.00997395
0.00944706
0.00887593
0.00828042
0.0078294
0.00715079
0.00642888
0.00567011
0.00547074
0.00545797
0.00525378
0.00503194
0.00479981
0.00511484
0.00575081
0.00618105
0.00678768
0.00736048
0.00790191
0.00840613
0.00874376
0.00915939
0.00952185
0.0102731
0.0113083
0.012263
0.0131922
0.0140285
0.0147651
0.0153793
0.0158331
0.0162087
0.0163204
0.016225
0.015864
0.0152268
0.0145207
0.0132706
0.0116251
0.00957896
0.00706317
0.00633886
0.00611049
0.00568018
0.00768946
0.0130562
0.019161
0.0250287
0.0326352
0.0411315
0.0505758
0.0610163
0.0709324
0.0611007
0.0756843
0.0921662
0.0978604
0.0945688
0.0893654
0.0815485
0.0722259
0.0621355
0.0518622
0.0407255
0.0366969
0.037081
0.0360748
0.0338857
0.030486
0.0265285
0.0221803
0.0177165
0.0134021
0.00960591
0.00930488
0.00977851
0.00982317
0.00958528
0.00915001
0.00907486
0.00837119
0.00763651
0.0068702
0.00607386
0.00508943
0.00408402
0.00299391
0.00181473
0.00174927
0.00408619
0.00482431
0.00567487
0.00660932
0.00760865
0.00909768
0.0113414
0.0129051
0.0143905
0.0157892
0.0170749
0.0189637
0.0199907
0.0208921
0.0216518
0.0222749
0.0235204
0.0239086
0.0241938
0.0243885
0.0244959
0.0245242
0.025167
0.0250632
0.0248977
0.0246781
0.0244211
0.0246925
0.0243352
0.0239192
0.0234725
0.0229931
0.0229903
0.0224314
0.0220413
0.0216319
0.02119
0.0207345
0.0205065
0.0200044
0.0194812
0.0189391
0.0183857
0.018011
0.0174221
0.0168385
0.0162615
0.0156697
0.0152224
0.0146329
0.0140401
0.0134569
0.0128721
0.0122968
0.0118281
0.0112529
0.0106796
0.0101178
0.0100206
0.0106224
0.0107383
0.0109088
0.011135
0.0113997
0.0121062
0.0124361
0.0128027
0.0131846
0.0135737
0.013978
0.0146407
0.0149922
0.0153178
0.0155867
0.0157793
0.0161287
0.0161229
0.0159719
0.0156721
0.0151888
0.0147861
0.0138929
0.0127468
0.0113323
0.009627
0.00760998
0.00569777
0.00304167
0.000426617
0.00338303
0.00717155
0.0107329
0.0153127
0.0203578
0.0427087
0.0493388
0.0555625
0.0639017
0.0682104
0.0696936
0.0694112
0.0679852
0.0643569
0.0615316
0.0583339
0.0548866
0.0512857
0.0458253
0.0420771
0.0383732
0.0347592
0.0312698
0.0259427
0.0232655
0.0227954
0.0223031
0.0217927
0.0212636
0.0194263
0.01891
0.0183809
0.017838
0.0172841
0.0156539
0.015128
0.0145983
0.0140624
0.0135179
0.012695
0.0127803
0.0127652
0.0126629
0.0124803
0.0122308
0.0138459
0.0134577
0.0130273
0.0125679
0.0120856
0.0133202
0.0127699
0.0122148
0.0116624
0.0111136
0.0120815
0.0115076
0.0109476
0.0104049
0.00988033
0.00937613
0.0101186
0.00960841
0.00911851
0.00865065
0.00863606
0.00930864
0.00931703
0.00930285
0.00926386
0.00920064
0.00963686
0.00950311
0.00934405
0.00915652
0.00894019
0.00869244
0.00884393
0.00851981
0.00816347
0.00777442
0.00735006
0.00725822
0.00675193
0.00620737
0.00562333
0.00500195
0.00466755
0.00396203
0.00321902
0.0024398
0.00162431
0.0011669
0.00113443
0.00110354
0.00122008
0.0017987
0.00230067
0.00254309
0.00289928
0.00316193
0.00331879
0.00343068
0.0035674
0.00357914
0.00345001
0.00315384
0.00266334
0.00259438
0.00301445
0.00351505
0.0053478
0.00788197
0.0108726
0.0139487
0.0179176
0.0224768
0.0276777
0.0335648
0.0393482
0.0466453
0.0547581
0.06372
0.0761804
0.0866913
0.0967311
0.1011
0.0989898
0.0920137
0.0816438
0.0672749
0.0535998
0.0396859
0.0304224
0.0313277
0.0330232
0.033755
0.0337106
0.0329204
0.0314366
0.0302753
0.033427
0.0336472
0.0328595
0.0312625
0.0290557
0.0275802
0.0245794
0.0214633
0.018355
0.0178047
0.0168054
0.0165006
0.0160743
0.0159129
0.0176693
0.0190493
0.0197951
0.0204745
0.0208239
0.0208648
0.0206257
0.019962
0.019275
0.0184076
0.0173964
0.0162763
0.0149676
0.0149686
0.0149003
0.0147648
0.0145645
0.0143071
0.01457
0.0141895
0.0137652
0.0133051
0.0128147
0.0127923
0.0122395
0.0116733
0.0111007
0.0105217
0.0103548
0.00976592
0.00918394
0.00861403
0.00805828
0.00751811
0.0073145
0.00679907
0.00630322
0.00583193
0.00538251
0.00520727
0.00478977
0.0043976
0.00402898
0.00368141
0.00372264
0.003546
0.0033749
0.0032105
0.00305013
0.00289622
0.00306791
0.00291206
0.00276442
0.00262219
0.0024889
0.0026105
0.00247391
0.00234027
0.00221048
0.0020867
0.00216672
0.00203967
0.0019172
0.00179639
0.00167906
0.00156198
0.0015934
0.00147122
0.00134833
0.00122909
0.00111802
0.00111151
0.00105418
0.000994936
0.000933886
0.000870287
0.000844315
0.000775427
0.000702575
0.000629455
0.000554174
0.000470981
0.000413194
0.000309139
0.000326186
0.000517085
0.000777751
0.000825867
0.000768661
0.000604883
0.000411898
0.000390813
0.000754848
0.00250375
0.0158594
0.0296753
0.0403888
0.043929
0.0497419
0.0541777
0.0575506
0.0600719
0.0555765
0.0566647
0.0572838
0.0574846
0.0573063
0.056777
0.0496026
0.0485971
0.0473351
0.0458429
0.0441424
0.0371955
0.0382081
0.0390026
0.0395803
0.0399598
0.0322465
0.0323102
0.0322703
0.0321437
0.0319481
0.0317216
0.0255573
0.0266514
0.0276386
0.0285219
0.0293069
0.0275167
0.0281527
0.0287563
0.0293174
0.0298657
0.028192
0.0289123
0.0297368
0.0306804
0.0317429
0.0329211
0.0327182
0.0341433
0.0356295
0.0371306
0.038512
0.0388458
0.0398226
0.0404745
0.0407375
0.0405877
0.0396817
0.0388027
0.0375572
0.0360098
0.0342233
0.0322906
0.0301536
0.0281203
0.0261289
0.024194
0.0223586
0.0203965
0.0187406
0.017175
0.0157168
0.0143594
0.0127888
0.0115776
0.0104472
0.00940543
0.00904031
0.00870013
0.00901166
0.00862117
0.00823224
0.00784428
0.00744525
0.00747484
0.007018
0.00654778
0.00606768
0.0055726
0.0053616
0.00497308
0.00576232
0.00650242
0.00719632
0.00784416
0.00753792
0.0081384
0.00870405
0.00923824
0.00974335
0.00945349
0.00993501
0.0103947
0.0108307
0.0112438
0.0109973
0.0113923
0.0117665
0.0121173
0.0124433
0.0127433
0.0125179
0.0127847
0.0130186
0.0132146
0.0133697
0.0130947
0.0131807
0.0132139
0.0131879
0.0130966
0.0126612
0.0124385
0.0121239
0.0117093
0.0111824
0.0127285
0.0143439
0.0163707
0.0185327
0.0208271
0.0232462
0.0254135
0.0280456
0.0307741
0.0335845
0.0364539
0.0389524
0.041873
0.0447695
0.0476032
0.0503347
0.0529153
0.0549651
0.0570935
0.058868
0.0609721
0.092561
0.100139
0.111336
0.115273
0.115905
0.125863
0.130347
0.134339
0.135674
0.134615
0.131447
0.126467
0.115723
0.107714
0.098687
0.0888653
0.0784621
0.062738
0.0517282
0.0407688
0.0321276
0.0282731
0.0214261
0.0181723
0.0152761
0.0170075
0.0222117
0.0261976
0.0328211
0.034878
0.0373903
0.0392741
0.0405066
0.0453159
0.045273
0.0446377
0.0434944
0.0418992
0.0438813
0.0415459
0.039003
0.03631
0.0335504
0.0307927
0.0313556
0.0286239
0.026019
0.0235686
0.0213047
0.0218625
0.019848
0.0180151
0.0163752
0.0149013
0.015672
0.0144087
0.0132902
0.0122862
0.0114075
0.0106255
0.0114791
0.0107976
0.0101779
0.00960962
0.00911087
0.00985284
0.00936234
0.0090322
0.0089552
0.00889435
0.00990217
0.00983489
0.00979206
0.00974925
0.00972202
0.00969802
0.0104016
0.0103318
0.0102515
0.0101762
0.0100828
0.0105143
0.0103593
0.0101869
0.0100043
0.00980896
0.00996978
0.00969652
0.00939867
0.00907502
0.00873218
0.00835873
0.00821314
0.00775841
0.00728087
0.00675826
0.00621073
0.00580124
0.00517195
0.00450386
0.0039614
0.00431843
0.00469878
0.00532257
0.00593557
0.006543
0.00711946
0.00769036
0.0080559
0.00857946
0.00905913
0.00949753
0.0098897
0.0101216
0.0104097
0.0106383
0.0107813
0.0115361
0.0123551
0.013125
0.0137996
0.0143712
0.0148201
0.0151083
0.0153407
0.0152926
0.0150433
0.0145358
0.0137631
0.0129466
0.0115804
0.0098333
0.0077321
0.00787972
0.00786149
0.00771984
0.00737574
0.00974202
0.0150891
0.0211566
0.0269764
0.0345112
0.0429173
0.0522526
0.0625656
0.0723554
0.0623629
0.0768027
0.093195
0.0988225
0.0954785
0.0902124
0.0823257
0.072926
0.0627511
0.0523843
0.0412293
0.0387802
0.0391359
0.0381045
0.0358952
0.0324787
0.0285012
0.0241328
0.0196471
0.0153068
0.0108146
0.0108995
0.0116044
0.0118535
0.0117839
0.0114756
0.0114746
0.010813
0.0100796
0.00928392
0.00843414
0.00738307
0.00628192
0.00507976
0.00377532
0.00340081
0.00253479
0.00320962
0.00400174
0.00487027
0.00646628
0.00826325
0.0106738
0.0124307
0.0141099
0.0157013
0.0171756
0.0192235
0.020423
0.0214861
0.0223935
0.0231482
0.0244955
0.0249856
0.0253558
0.0256206
0.025785
0.0258588
0.0265344
0.0264597
0.0263157
0.0261144
0.0258746
0.0261579
0.0258112
0.0254034
0.0249574
0.0244712
0.0244582
0.0238797
0.0232654
0.022621
0.0219329
0.0212184
0.0208941
0.0203808
0.020055
0.0197132
0.0193613
0.0191632
0.0187707
0.0183757
0.0179806
0.0175666
0.0172716
0.0168502
0.0164132
0.0159729
0.0155206
0.0150671
0.0146966
0.0142242
0.0137389
0.0132518
0.0127636
0.0123323
0.0120857
0.012307
0.0125607
0.0128303
0.0135225
0.0138187
0.0141375
0.0144545
0.01476
0.0150598
0.0156135
0.0158178
0.0159701
0.0160454
0.0160283
0.0161828
0.0159485
0.0155707
0.015047
0.0143468
0.0137648
0.0126846
0.0113773
0.00983424
0.00803985
0.00597877
0.00437908
0.00482534
0.00711497
0.00984526
0.013044
0.0161311
0.0203152
0.0250692
0.0421879
0.0484435
0.0544135
0.062481
0.0665482
0.0678227
0.067361
0.0657803
0.0620348
0.059099
0.0558189
0.0523213
0.048706
0.0432657
0.0395796
0.0359804
0.0325112
0.0292023
0.0240594
0.0211178
0.018398
0.0174857
0.0166774
0.0159197
0.0139358
0.0133067
0.01272
0.0121673
0.011646
0.0100757
0.00964699
0.00923731
0.00884085
0.00868663
0.0109686
0.0110972
0.0111479
0.01113
0.0110499
0.0109173
0.012645
0.0123951
0.0121107
0.011802
0.0114731
0.0128407
0.0124392
0.0120288
0.0116162
0.0112006
0.0122789
0.0118247
0.0113762
0.0109355
0.0105034
0.0100829
0.0108926
0.010452
0.0100238
0.00961076
0.00924692
0.00987031
0.00981844
0.00973997
0.0096318
0.00949544
0.00986571
0.00965501
0.00941937
0.0091572
0.00886998
0.00855657
0.00865678
0.00828248
0.00788718
0.00747205
0.00703707
0.00694989
0.00646767
0.00596841
0.0054532
0.00492547
0.0046938
0.00413081
0.00355818
0.00297969
0.00239816
0.00217161
0.00187165
0.00162137
0.00179341
0.00249679
0.00318049
0.00358261
0.00423558
0.00495688
0.00595961
0.00700947
0.00795485
0.00906581
0.0101892
0.0113118
0.0124189
0.0134957
0.0143959
0.0153741
0.0162803
0.0171006
0.0178268
0.0204947
0.0244886
0.0290477
0.0342234
0.0400608
0.0457818
0.0529846
0.0609778
0.0697943
0.0820805
0.0923836
0.10221
0.10629
0.103831
0.0964384
0.0855731
0.0706978
0.0563554
0.0416788
0.0349379
0.0292478
0.0310254
0.0318487
0.0319092
0.0312602
0.0322538
0.036116
0.0400343
0.0410283
0.0408904
0.0398172
0.0380049
0.0367672
0.0339231
0.0308488
0.0276765
0.0245168
0.0231713
0.022467
0.021594
0.020589
0.0194851
0.0183089
0.0160718
0.0148113
0.0135501
0.0122987
0.0110708
0.00883695
0.00840384
0.0079141
0.00737238
0.00679728
0.00598985
0.00539088
0.00479317
0.00420851
0.00364795
0.00311518
0.00237906
0.0027011
0.00308427
0.00341299
0.00369251
0.00474104
0.00491023
0.0050382
0.00512776
0.00518239
0.0059188
0.00588968
0.00583145
0.00575003
0.00564247
0.00551683
0.0059703
0.00579351
0.00560075
0.0053961
0.00518247
0.00546312
0.00521499
0.00495958
0.00470105
0.00443886
0.00459799
0.00431941
0.00404316
0.00377084
0.00350223
0.00323999
0.00331628
0.00305019
0.00279108
0.0025387
0.00229856
0.00232981
0.00209327
0.0018632
0.00164223
0.00143288
0.00144652
0.00141039
0.00137347
0.00133927
0.00130463
0.00127169
0.001294
0.00125307
0.00120474
0.00115314
0.00109527
0.0010781
0.00100031
0.000910252
0.000811204
0.000775695
0.000707597
0.000647411
0.000678971
0.000738472
0.000785813
0.00082022
0.000795454
0.000877455
0.00120251
0.00159501
0.00194651
0.00206707
0.00209485
0.00191964
0.00166783
0.00152491
0.000753805
0.00249036
0.0153836
0.0281693
0.0374457
0.0395163
0.0435125
0.0460558
0.0475279
0.0482007
0.0421697
0.0416245
0.040761
0.0396565
0.038368
0.036933
0.0291362
0.0276192
0.0260634
0.0244828
0.0235442
0.0224318
0.0239184
0.0253139
0.0265914
0.0276597
0.032578
0.0334176
0.0341031
0.0346462
0.0350561
0.0353098
0.0397753
0.039681
0.0393881
0.0388802
0.0381419
0.0414503
0.040225
0.0387918
0.0371468
0.0353524
0.0374872
0.0354526
0.0334133
0.0314293
0.0295686
0.0280262
0.0300309
0.0308075
0.0331797
0.0355524
0.0378352
0.0389729
0.0408685
0.0423885
0.0434533
0.0440144
0.0436432
0.043266
0.0424076
0.0411414
0.0395312
0.0376894
0.035579
0.0335187
0.0314493
0.0293989
0.027422
0.0253227
0.0235015
0.0217658
0.0201372
0.0186115
0.0168953
0.015523
0.0142401
0.0134064
0.0127179
0.0120834
0.0121601
0.0115223
0.0109013
0.0102956
0.00969169
0.00955106
0.00891146
0.00827032
0.00762951
0.00698294
0.00664544
0.00597288
0.0053021
0.00463846
0.00490345
0.0057044
0.00552715
0.00627066
0.00697495
0.00764228
0.00827448
0.00809002
0.00868645
0.00925514
0.00979537
0.0103081
0.0101456
0.0106345
0.0110999
0.0115386
0.0119494
0.0123304
0.0121723
0.012512
0.0128144
0.0130769
0.0132968
0.0130776
0.0132243
0.013315
0.0133434
0.0133031
0.0129094
0.0127326
0.0124613
0.0120861
0.0115947
0.0120519
0.013675
0.0157067
0.0178704
0.0201581
0.0225661
0.0247214
0.0273375
0.0300478
0.0328336
0.0356774
0.0381525
0.0410393
0.0438989
0.0466978
0.049392
0.0519293
0.0539352
0.0560034
0.057751
0.0603118
0.0913245
0.0988248
0.11005
0.114063
0.115424
0.125586
0.130311
0.134642
0.136366
0.135733
0.133031
0.12854
0.118232
0.110718
0.102167
0.0927909
0.0827847
0.0673605
0.0566374
0.0459023
0.035363
0.0304504
0.0236996
0.0205417
0.0177187
0.0152712
0.0178
0.0218481
0.0296016
0.0327844
0.0353986
0.0374148
0.0388159
0.043791
0.0439486
0.0435257
0.0425898
0.0411854
0.0433211
0.0411459
0.038741
0.0361618
0.0334928
0.0308032
0.0314072
0.0287027
0.0261066
0.0236486
0.0213653
0.0219006
0.0198574
0.0179969
0.0163326
0.0148387
0.015597
0.0143247
0.0132033
0.0122016
0.0113308
0.0105618
0.0114305
0.0107698
0.0101754
0.00963444
0.00916483
0.00993276
0.00947359
0.0091709
0.0090856
0.0090154
0.0100148
0.00993788
0.00988577
0.00983445
0.00979822
0.00976411
0.0104596
0.0103813
0.0102925
0.0102098
0.0101081
0.0105316
0.0103673
0.010184
0.00998788
0.00977637
0.00992099
0.00962969
0.00931409
0.00897222
0.00860908
0.00821415
0.0080487
0.00757141
0.00707256
0.00653022
0.00596536
0.00554259
0.00489933
0.00421819
0.00376513
0.0037074
0.00375392
0.00435337
0.00494203
0.00552516
0.00607759
0.00662468
0.00696929
0.00746955
0.00792632
0.00834243
0.00871351
0.00892746
0.00919545
0.00987268
0.010783
0.0116371
0.0124272
0.013162
0.0137987
0.0143308
0.0147379
0.0149835
0.0151773
0.0150838
0.0147886
0.0142342
0.0134125
0.0125528
0.011138
0.00934208
0.00823343
0.00834635
0.00830013
0.00812867
0.00831049
0.0104866
0.0158675
0.0219637
0.0278041
0.035356
0.0437719
0.0531084
0.0634118
0.0731842
0.0631613
0.077573
0.0939569
0.0995855
0.0962439
0.0909763
0.083078
0.0736528
0.0634379
0.0530185
0.0426128
0.0394819
0.0399079
0.0389362
0.0367696
0.0333738
0.0293965
0.0250009
0.0204586
0.0160321
0.0106721
0.0103647
0.0111248
0.0114301
0.0114237
0.0111922
0.0112721
0.0107215
0.0101182
0.00946885
0.00877726
0.00787376
0.00695299
0.00594274
0.00483873
0.00364196
0.00287379
0.00330485
0.00418218
0.00514422
0.00617361
0.00725318
0.00963248
0.0106929
0.0117477
0.0127946
0.0138119
0.015769
0.0166396
0.0174841
0.0183233
0.0190364
0.0203652
0.020872
0.0213393
0.0217433
0.0220781
0.0223449
0.0231245
0.0232552
0.0233239
0.0233389
0.0233165
0.0236693
0.023539
0.0233526
0.0231369
0.0228889
0.0229494
0.0226193
0.0222603
0.0218806
0.0214663
0.0210365
0.0208288
0.0203487
0.0198495
0.0193303
0.0187981
0.01844
0.0178665
0.0172929
0.0167189
0.0161225
0.0156663
0.0150627
0.0144495
0.013839
0.0132202
0.0126031
0.0122084
0.0121311
0.0120996
0.0121048
0.0121466
0.0127496
0.0128574
0.0130102
0.0132049
0.0134214
0.0140706
0.0143213
0.0145974
0.0148776
0.0151543
0.0154364
0.0159851
0.0161988
0.0163792
0.016498
0.0165389
0.016756
0.0166057
0.0163216
0.0159007
0.0153104
0.0148269
0.0138575
0.0126548
0.0112079
0.00949765
0.00801864
0.00683362
0.00536989
0.00480749
0.00777738
0.011252
0.0146083
0.0191301
0.024247
0.0413249
0.04781
0.0540073
0.0623535
0.0667075
0.0682763
0.0681115
0.0668257
0.0633346
0.0606793
0.0576667
0.0544197
0.0510346
0.0457731
0.0422616
0.0388046
0.0354507
0.0322309
0.0271432
0.0242352
0.0215222
0.0190124
0.0169237
0.0159361
0.0137627
0.0129338
0.0121659
0.0114541
0.0107965
0.00912527
0.00860276
0.00812198
0.00767574
0.00785774
0.0101137
0.010223
0.0102658
0.0102498
0.0101797
0.0100646
0.0118124
0.0115896
0.0113361
0.0110595
0.010765
0.0121625
0.0117963
0.0114192
0.0110382
0.0106506
0.0117512
0.0113194
0.0108914
0.0104698
0.0100554
0.00965105
0.0104718
0.0100424
0.00962538
0.00922409
0.00904542
0.00964363
0.00956366
0.00945783
0.0093227
0.0091589
0.00950398
0.00926284
0.00899429
0.00869609
0.00836884
0.00801156
0.00806963
0.00764228
0.00718825
0.0067099
0.00620604
0.00605387
0.00549139
0.00496038
0.00449928
0.00401006
0.00389828
0.00357948
0.00353853
0.00343919
0.00327209
0.00303022
0.00275234
0.00236298
0.00188994
0.00198858
0.00235385
0.00270797
0.0033082
0.00388061
0.00441667
0.00490517
0.00515591
0.00571023
0.00689571
0.00811495
0.00935695
0.0106093
0.0116976
0.0129301
0.0141327
0.0152907
0.0181035
0.0215802
0.0259736
0.0309107
0.0364319
0.0425694
0.0485053
0.0558856
0.0639719
0.0727852
0.0849639
0.0950518
0.104608
0.108305
0.105406
0.0975466
0.0862161
0.0709534
0.0562097
0.0411873
0.0340274
0.0285432
0.0302168
0.0311542
0.031308
0.0307353
0.0334708
0.037256
0.0410862
0.0419615
0.0416907
0.0404734
0.0385076
0.0371285
0.034116
0.0308675
0.0275148
0.0241702
0.0227253
0.0219495
0.0209937
0.0198955
0.0186909
0.0174086
0.0150761
0.0137067
0.0123387
0.0109857
0.00966224
0.00750816
0.00704107
0.00651887
0.00596094
0.00538474
0.00458571
0.00400412
0.0041962
0.00449273
0.00475225
0.00497547
0.00528818
0.00545403
0.00559032
0.0056999
0.00578389
0.00617346
0.00626943
0.00632003
0.00632873
0.00629967
0.00696197
0.0068472
0.00670537
0.00654221
0.00635231
0.00614792
0.00653294
0.00628117
0.00601503
0.00573975
0.00546002
0.00568807
0.00538543
0.00508171
0.0047816
0.00448452
0.00461835
0.00431752
0.00402641
0.003747
0.00347747
0.00321957
0.00330456
0.0030552
0.00281961
0.00259662
0.00238943
0.00245297
0.00225601
0.00206815
0.00189157
0.0017273
0.00177574
0.00161856
0.00146927
0.00132553
0.00118881
0.00105739
0.00107917
0.00102168
0.000998005
0.000972465
0.000942916
0.000951678
0.000906214
0.000851542
0.00078702
0.000708476
0.000669867
0.00066933
0.000652865
0.000620887
0.000564799
0.000575364
0.000609174
0.000682622
0.000771835
0.00112548
0.00143243
0.00152612
0.00152706
0.00134821
0.00114481
0.00119413
0.000753805
0.00246768
0.0153293
0.0281777
0.0376067
0.0398673
0.0441285
0.0469715
0.0487651
0.0497673
0.0440189
0.0437802
0.0431952
0.042326
0.041226
0.0399394
0.0322415
0.030794
0.0292529
0.027638
0.0264356
0.0196539
0.0214787
0.0232482
0.0248016
0.0261534
0.028917
0.0296993
0.0303724
0.0309298
0.0313759
0.0316851
0.0362142
0.0362102
0.0360235
0.035632
0.0350139
0.0384288
0.037323
0.0359956
0.0344459
0.0327398
0.0349392
0.032982
0.0310375
0.0291548
0.0273844
0.0290154
0.0292872
0.0313601
0.0334873
0.0356002
0.0376089
0.0385008
0.0401118
0.0413577
0.0421756
0.0425085
0.0419585
0.0413985
0.0403782
0.0389616
0.0372148
0.0352387
0.0330056
0.0308097
0.0286147
0.0264492
0.0243678
0.022185
0.0202776
0.0184694
0.0167818
0.0152115
0.0160048
0.0152857
0.0144523
0.0135218
0.0127547
0.0121883
0.0128851
0.0117342
0.011169
0.010618
0.0100643
0.00996388
0.00936577
0.00876251
0.00815761
0.00754531
0.0072356
0.00659305
0.00594789
0.00627422
0.00707021
0.00781155
0.00757958
0.00825711
0.00889112
0.00948617
0.0100446
0.00979564
0.0103187
0.0108152
0.0112836
0.0117243
0.0114983
0.0119145
0.0123083
0.012677
0.0130195
0.0133354
0.0131235
0.0134061
0.0136556
0.0138696
0.0140425
0.0137837
0.0138882
0.0139383
0.0139272
0.0138492
0.0134247
0.013215
0.0129129
0.0125108
0.0119946
0.0123471
0.0139637
0.0159868
0.0181401
0.0204165
0.0228116
0.0249528
0.0275491
0.0302384
0.0330036
0.0358294
0.038292
0.0411677
0.0440181
0.0468081
0.0494924
0.0520185
0.0540134
0.0560669
0.0577565
0.0599721
0.0912022
0.0986718
0.1099
0.113936
0.11478
0.124953
0.129703
0.134077
0.135854
0.135269
0.132591
0.128115
0.117815
0.110307
0.101765
0.0924017
0.0824149
0.0670144
0.0563333
0.0456572
0.0351994
0.0303892
0.0236962
0.0205987
0.0178208
0.0154048
0.018311
0.0222177
0.029839
0.0328655
0.0353071
0.0371401
0.0383501
0.0431616
0.0431437
0.042556
0.0414658
0.0399235
0.0419517
0.0396696
0.0371751
0.0345253
0.031806
0.0290855
0.0296799
0.0269847
0.0244172
0.0220051
0.0197814
0.0203765
0.0184073
0.0166231
0.0150353
0.0136164
0.0144379
0.0132351
0.0121802
0.0112419
0.0104306
0.00971745
0.0106318
0.0100196
0.00946912
0.00896829
0.00853547
0.0093338
0.00890633
0.0085124
0.00813525
0.00778741
0.00847062
0.00841351
0.00838284
0.0083541
0.00834171
0.00833267
0.00905078
0.00899823
0.00893717
0.00888359
0.00881258
0.00926334
0.00913085
0.00897963
0.00881523
0.00863621
0.00880864
0.00854873
0.00826399
0.00795222
0.00761818
0.00725084
0.00710875
0.00665816
0.00618645
0.00567182
0.00513367
0.00473347
0.00456393
0.00454494
0.00450622
0.00444808
0.00409664
0.00469813
0.00528843
0.00587316
0.00642687
0.00697504
0.00732074
0.0078215
0.00827848
0.00869426
0.00906399
0.00927662
0.00954261
0.0104127
0.0113133
0.012157
0.0129376
0.0136609
0.0142856
0.0148052
0.0151995
0.0154312
0.0156124
0.0155039
0.0151929
0.0146229
0.0137859
0.0129126
0.0114824
0.00967143
0.00888719
0.0089938
0.00894272
0.00876649
0.00839055
0.0102377
0.01563
0.0217363
0.0275849
0.0351454
0.0435687
0.0529106
0.0632179
0.0729924
0.0629702
0.0773811
0.093763
0.0993884
0.0960444
0.0907769
0.0828835
0.0734704
0.0632748
0.0528815
0.0425868
0.0398582
0.0402382
0.0392219
0.0370132
0.0335827
0.029569
0.0251409
0.0205713
0.0161244
0.0107533
0.0102309
0.0109515
0.0112071
0.0111392
0.0108349
0.010843
0.0102005
0.00949722
0.00874321
0.00794624
0.00695066
0.00592698
0.00481799
0.00361739
0.00236232
0.00199621
0.00272427
0.00356282
0.00448552
0.00587124
0.00752008
0.00980116
0.011415
0.01296
0.0144284
0.0157948
0.0177636
0.0188924
0.0199052
0.0207832
0.0215291
0.0228835
0.0233943
0.0237968
0.0241014
0.0243094
0.0244283
0.0251417
0.025109
0.025003
0.0248339
0.0246199
0.0249211
0.0245916
0.024199
0.0237691
0.0232996
0.0232991
0.0227319
0.022124
0.0217605
0.0214084
0.0210405
0.0208877
0.0204717
0.0200377
0.0195855
0.0191203
0.0188223
0.0183162
0.0178066
0.0172947
0.0167592
0.0163566
0.0158144
0.0152614
0.0147093
0.0141472
0.0135848
0.013121
0.0125424
0.0119524
0.011361
0.0111533
0.0118133
0.0119835
0.0121948
0.0124415
0.0127067
0.0133976
0.0136938
0.0140131
0.0143322
0.0146438
0.014957
0.0155305
0.0157663
0.0159604
0.0160869
0.016131
0.0163466
0.0161904
0.0158969
0.0154656
0.014866
0.0143771
0.0134064
0.0122075
0.0107695
0.00907277
0.00791351
0.00674651
0.00529686
0.00591172
0.00879335
0.0121653
0.0154208
0.019817
0.0248002
0.0409065
0.0472252
0.0532655
0.0614261
0.0655937
0.0669717
0.0666153
0.0651441
0.0615017
0.0586864
0.0555239
0.0521361
0.0486204
0.0432571
0.0396476
0.0361137
0.0327005
0.0294389
0.0243292
0.0214132
0.0198514
0.0188694
0.0179388
0.0170594
0.014971
0.0142277
0.0135331
0.0128804
0.0122683
0.0106261
0.0101247
0.00965335
0.00922471
0.00947059
0.0116924
0.0117595
0.0117571
0.0116941
0.0115761
0.0114129
0.0131198
0.0128497
0.0125489
0.0122256
0.0118849
0.0132439
0.0128353
0.0124185
0.0119995
0.011577
0.0126484
0.0121853
0.0117268
0.0112761
0.0108345
0.0104042
0.0112046
0.0107535
0.0103153
0.0098928
0.00948337
0.0100951
0.00967455
0.00955327
0.00944015
0.00929634
0.00965749
0.00943393
0.00918157
0.00889959
0.00858865
0.00824755
0.00832013
0.00791033
0.00747459
0.00701455
0.00653047
0.00639689
0.00585752
0.00529711
0.00471685
0.00418756
0.00406762
0.00348888
0.00287765
0.00274829
0.00255005
0.00227463
0.00196727
0.00154818
0.00118449
0.00160655
0.00224961
0.00261705
0.00323383
0.00382409
0.00437922
0.00488786
0.00560895
0.00676897
0.00796894
0.00919762
0.0104422
0.0116894
0.0127658
0.0139761
0.0151464
0.0162606
0.0179921
0.0213118
0.025521
0.0302756
0.0356169
0.0415851
0.0473863
0.0546343
0.0626186
0.0713667
0.0835238
0.0936386
0.103258
0.107067
0.104316
0.0966272
0.0854789
0.0703753
0.0558033
0.0409314
0.0339565
0.0284674
0.0304008
0.0313765
0.0315733
0.0310478
0.0335286
0.0373922
0.0413015
0.0422721
0.042095
0.0409634
0.0390701
0.03774
0.0347638
0.0315277
0.0281627
0.0247818
0.0232749
0.0223593
0.0212637
0.0200301
0.0186951
0.0172896
0.0148558
0.0133775
0.0119094
0.0104665
0.00906041
0.00729153
0.00688633
0.00641868
0.00590578
0.0053632
0.00470465
0.00516596
0.00555608
0.00588384
0.00615793
0.00638118
0.00668377
0.00683045
0.00694296
0.00702015
0.00706154
0.00721496
0.00719997
0.00716797
0.00714192
0.00707647
0.00770533
0.00755158
0.00737047
0.00716648
0.00693864
0.00669751
0.0070484
0.00675887
0.00645924
0.00615454
0.00584704
0.00605187
0.00572422
0.00539654
0.00507462
0.00475712
0.0048748
0.00455606
0.00424802
0.00395195
0.00366607
0.00339347
0.00346622
0.003203
0.0029534
0.00271681
0.00249745
0.00255024
0.00234127
0.00214331
0.00195719
0.00178383
0.00182521
0.00166114
0.00150597
0.00135742
0.00121826
0.00119618
0.00123185
0.00120981
0.00118291
0.00115468
0.00112286
0.00113048
0.00108376
0.00102884
0.000964984
0.000889197
0.000845194
0.000743642
0.000624567
0.000568107
0.000509694
0.000432104
0.000451595
0.000514314
0.000559688
0.000819281
0.00111049
0.00119677
0.00119589
0.00103113
0.00109921
0.00112052
0.000753805
0.00246768
0.0153274
0.0281667
0.0375791
0.0397886
0.0439493
0.0466644
0.0483135
0.0491586
0.0432624
0.0428498
0.0420896
0.0410444
0.0397639
0.0382794
0.0303937
0.0287254
0.0269628
0.0254928
0.0250698
0.0227956
0.0246226
0.0262096
0.0275722
0.0287301
0.0309591
0.0317456
0.0324358
0.0330366
0.0335493
0.0339417
0.0385543
0.0386503
0.0385619
0.0382674
0.0377415
0.0412301
0.0401985
0.0389346
0.0374301
0.0357368
0.0379292
0.035951
0.0339454
0.0319774
0.0301349
0.0292817
0.0305788
0.0317617
0.0339718
0.0361787
0.0382869
0.0392764
0.0410242
0.0424139
0.0433823
0.0438696
0.043437
0.0429896
0.0420576
0.0407036
0.0389981
0.037048
0.0348285
0.0326416
0.0304529
0.0282948
0.0262249
0.024057
0.0221719
0.0203871
0.0187241
0.017177
0.0174331
0.0166798
0.0159884
0.0153536
0.0147447
0.0141809
0.0143148
0.013732
0.0131572
0.0125879
0.0120107
0.0118864
0.0112571
0.0106137
0.00996056
0.00929296
0.00893115
0.00822477
0.00751214
0.00679925
0.00704421
0.00777017
0.00752339
0.00818239
0.00879756
0.00937279
0.00991072
0.00964347
0.0101453
0.0106204
0.0110679
0.0114884
0.0112455
0.0116429
0.0120182
0.012369
0.0126939
0.0129919
0.0127634
0.0130264
0.0132564
0.01345
0.0136032
0.0133276
0.0134135
0.013447
0.0134214
0.0133298
0.0128948
0.0126751
0.0123655
0.0119557
0.0114329
0.0121459
0.0137451
0.0157479
0.0178835
0.0201455
0.0225296
0.0246618
0.0272513
0.0299341
0.0326916
0.0355063
0.0379549
0.0408098
0.0436355
0.046398
0.0490523
0.0515476
0.0535148
0.055536
0.0572637
0.0597625
0.0906939
0.0980818
0.109271
0.113297
0.114427
0.124611
0.129395
0.133831
0.135693
0.135229
0.132716
0.128432
0.118313
0.111018
0.102686
0.0935239
0.0837249
0.0684739
0.0579361
0.047368
0.036974
0.0313047
0.0245885
0.0214558
0.0186409
0.0161883
0.0179962
0.0220069
0.0297301
0.0328693
0.035437
0.0374107
0.0387746
0.0437274
0.0438756
0.0434572
0.0425352
0.041154
0.0433098
0.0411518
0.0387563
0.0361811
0.0335102
0.0308076
0.0313977
0.0286769
0.026064
0.0235884
0.0212857
0.0218052
0.0197471
0.017875
0.0162026
0.0147041
0.0154614
0.0141914
0.0130761
0.0120841
0.0112249
0.0104694
0.0113511
0.0107066
0.0101287
0.00960559
0.00915523
0.00994049
0.00950007
0.00909474
0.00870752
0.0083907
0.00936025
0.0092503
0.0091676
0.00908829
0.00902671
0.00896978
0.00964747
0.00955048
0.00944676
0.00935286
0.00924393
0.00966405
0.00949905
0.00931818
0.00912778
0.00892497
0.00908037
0.00880391
0.00850388
0.00817858
0.00783321
0.00745643
0.00730734
0.0068491
0.00637103
0.00584992
0.00530618
0.00490199
0.00428026
0.0039886
0.00394596
0.0038858
0.00379322
0.00438775
0.00496918
0.0055425
0.0060826
0.00661469
0.0069442
0.00742473
0.00785949
0.00825132
0.0085955
0.00878471
0.00911601
0.0100112
0.010881
0.0116929
0.0124449
0.0131351
0.0137267
0.0142133
0.0145749
0.0147753
0.0149306
0.0147939
0.0144567
0.0138625
0.0130033
0.012114
0.0106681
0.0088441
0.00892016
0.00905603
0.00902954
0.00888039
0.00898679
0.011062
0.0164384
0.0225247
0.0283516
0.0358826
0.044271
0.0535731
0.063835
0.0735657
0.0634895
0.0778546
0.0942143
0.0998291
0.0964807
0.0912089
0.0833092
0.0738871
0.0636804
0.0532741
0.0426978
0.0400237
0.040399
0.03938
0.0371702
0.0337403
0.0297286
0.0253045
0.0207407
0.0162996
0.0109332
0.0102589
0.0109713
0.0112135
0.0111293
0.0108053
0.0107932
0.0101291
0.00940684
0.00863625
0.00782366
0.00681535
0.00577952
0.0046613
0.00345432
0.0023964
0.00214961
0.00289936
0.00375974
0.00470406
0.0059265
0.00753905
0.00978824
0.0113649
0.0128733
0.0143086
0.0156469
0.0175959
0.0187084
0.0197118
0.020587
0.0213353
0.0226958
0.0232163
0.0236307
0.0239483
0.0241699
0.024303
0.0250297
0.0250136
0.0249267
0.0247776
0.0245834
0.0249008
0.024588
0.0242106
0.0237946
0.0233378
0.0233478
0.0227913
0.0221931
0.0218575
0.0214927
0.0211128
0.0209495
0.0205223
0.020078
0.0196161
0.0191435
0.018839
0.018326
0.0178117
0.0172968
0.0167595
0.0163545
0.0158079
0.0152483
0.0146883
0.0141168
0.0135442
0.0130698
0.012479
0.0118782
0.0113141
0.0113998
0.0120383
0.012183
0.0123698
0.0125954
0.0128412
0.0135157
0.0137917
0.0140864
0.0143794
0.0146645
0.014952
0.0155013
0.015708
0.0158719
0.0159679
0.0159818
0.0161716
0.0159866
0.0156654
0.0152067
0.0145772
0.0140596
0.0130522
0.0118147
0.0103389
0.00860946
0.00661046
0.0047519
0.00312266
0.00417901
0.00707369
0.0104635
0.013738
0.0181576
0.0231656
0.0416964
0.048059
0.0541469
0.0623619
0.066582
0.0680121
0.0677064
0.0662798
0.0626661
0.0598734
0.0567265
0.0533507
0.0498429
0.0444838
0.0408744
0.037334
0.0339063
0.030622
0.0254868
0.0225368
0.0197922
0.0172644
0.0163385
0.0154679
0.0133915
0.012667
0.0119971
0.0113755
0.0107997
0.0091933
0.0087352
0.00830887
0.00845635
0.00876034
0.0110303
0.0111472
0.0111898
0.0111664
0.0110828
0.0109491
0.0126773
0.0124281
0.0121434
0.0118322
0.0114983
0.0128616
0.0124545
0.0120353
0.0116111
0.0111804
0.0122432
0.0117674
0.0112946
0.0108283
0.01037
0.00992269
0.0107082
0.01024
0.00978459
0.00934572
0.00896922
0.00958515
0.00952643
0.00944228
0.00932943
0.00918896
0.00955532
0.00933972
0.0090981
0.00882804
0.00853083
0.00820494
0.00829178
0.00789919
0.00748114
0.00703964
0.006574
0.00645618
0.00593373
0.0053891
0.00482268
0.00423782
0.00395167
0.00332109
0.00282036
0.00268754
0.00251357
0.00229026
0.00199115
0.00172665
0.00146269
0.00184943
0.00244898
0.00277846
0.0033501
0.00389484
0.00440448
0.00486802
0.00552912
0.00666427
0.0078405
0.00904594
0.0102685
0.0114946
0.012554
0.0137468
0.0149013
0.0160017
0.0182097
0.0215231
0.0257238
0.0304677
0.0358007
0.0417621
0.0475588
0.0548044
0.0627895
0.0715429
0.0837112
0.0938422
0.103482
0.107319
0.104598
0.0969401
0.085822
0.0707425
0.0561951
0.0413466
0.0346382
0.0289231
0.0305078
0.0314672
0.0316493
0.0311112
0.0330775
0.0369488
0.0408632
0.041835
0.0416526
0.0405078
0.0385918
0.0372336
0.0342147
0.0309244
0.0274918
0.0243241
0.0227672
0.0217438
0.0205357
0.0191873
0.0177383
0.0162222
0.0136963
0.0121194
0.0105616
0.00903654
0.0078516
0.00732407
0.00691679
0.00644976
0.00594169
0.00624633
0.0068424
0.00729933
0.00767261
0.00797305
0.00821045
0.00839052
0.0086512
0.00874195
0.00878796
0.00879422
0.0087629
0.00885099
0.0087592
0.008641
0.00849462
0.00832459
0.00882435
0.00862673
0.00840327
0.00815919
0.00789398
0.00761491
0.00793785
0.00761721
0.00728914
0.00695711
0.00662607
0.00681323
0.00646752
0.00612649
0.00579411
0.0054694
0.00558335
0.00526218
0.00495216
0.00465493
0.00436908
0.00409679
0.00417066
0.00390886
0.00366129
0.00342554
0.00320569
0.00325729
0.00304729
0.00284708
0.00265825
0.00248079
0.00251751
0.00234683
0.00218377
0.00202583
0.00187527
0.00172997
0.00174019
0.00159658
0.00145252
0.00131328
0.00122157
0.00122727
0.00117762
0.00111884
0.00104913
0.000966281
0.000913724
0.000801444
0.000668705
0.000554159
0.00050348
0.000427574
0.000319928
0.000365302
0.000563413
0.000918776
0.00122422
0.00131422
0.00130835
0.00112398
0.0010926
0.00111666
0.000753805
0.00251265
0.0158589
0.0295264
0.0398754
0.042943
0.0480583
0.0516346
0.0540157
0.0554478
0.0499454
0.0498474
0.0492658
0.0482737
0.0469291
0.0452765
0.0371665
0.0351658
0.0330049
0.0307178
0.0292893
0.0216261
0.0206793
0.0204406
0.0222242
0.0237932
0.024807
0.02565
0.0263244
0.026864
0.0272826
0.0275828
0.0322973
0.0325144
0.0325499
0.0323761
0.0319593
0.035528
0.0345745
0.0333866
0.0319615
0.0303466
0.0325998
0.0306779
0.0287193
0.0268121
0.0271672
0.0290066
0.0294576
0.0317374
0.0340748
0.0364019
0.0386281
0.0397224
0.0415388
0.0429642
0.0439506
0.0444355
0.0439837
0.0435191
0.0425642
0.0411762
0.0394214
0.0374102
0.0351227
0.0328368
0.0305377
0.0282502
0.0260393
0.023737
0.0216992
0.0201232
0.019108
0.0179134
0.018092
0.0166845
0.0151951
0.0136482
0.0120931
0.0105197
0.0115711
0.0103599
0.00913981
0.00791894
0.00671682
0.00763923
0.00640167
0.00519235
0.00400883
0.00308818
0.00350705
0.00235914
0.0024669
0.00340475
0.00429451
0.00513664
0.00499931
0.00579038
0.00654404
0.00726154
0.00794472
0.007805
0.00845268
0.00907244
0.00966409
0.0102287
0.0101114
0.010652
0.0111696
0.0116597
0.0121204
0.0125496
0.0124342
0.0128232
0.0131745
0.0134838
0.0137464
0.01356
0.01374
0.0138588
0.0139098
0.0138886
0.0135086
0.0133452
0.0130836
0.0127147
0.0122255
0.0116036
0.0116275
0.0136247
0.0157626
0.0180351
0.0204397
0.0226016
0.0252376
0.0279865
0.0308335
0.0337635
0.0363348
0.0393554
0.0423746
0.0453609
0.0482723
0.0510609
0.0533176
0.0564026
0.0595461
0.0624737
0.092899
0.100854
0.112178
0.116115
0.120212
0.130301
0.134806
0.138733
0.139927
0.138674
0.135286
0.130071
0.119111
0.110842
0.101538
0.0914188
0.0806889
0.0646551
0.0532754
0.0419427
0.0308838
0.0259877
0.0192409
0.0195973
0.019323
0.0184444
0.0225028
0.0264893
0.0330778
0.0344793
0.03481
0.0347244
0.0363037
0.0414121
0.0417002
0.0413797
0.0405245
0.0391976
0.0414002
0.0393025
0.0369864
0.0345113
0.0319588
0.0293977
0.0301234
0.0275688
0.0251295
0.0228308
0.0207043
0.0213706
0.019468
0.017736
0.0161874
0.0147958
0.0156325
0.0144376
0.0133815
0.0124331
0.0116039
0.0108661
0.0117541
0.0111078
0.0105196
0.00997873
0.00950444
0.010265
0.00979357
0.00935542
0.00893527
0.00854528
0.00912103
0.00870883
0.00830062
0.00791453
0.00752737
0.00745416
0.00818385
0.0081473
0.00810366
0.0080694
0.00801938
0.00849079
0.00838404
0.00826083
0.00812843
0.00798419
0.00819053
0.00797209
0.00773015
0.00746338
0.0071762
0.00685784
0.00675993
0.00636037
0.00594108
0.00547868
0.00499343
0.00463972
0.00407425
0.00373047
0.00373318
0.00371654
0.00346293
0.00405396
0.00463707
0.00521798
0.00577137
0.00632349
0.00667584
0.00718869
0.00766241
0.00809982
0.00849629
0.00873691
0.00928297
0.0102648
0.0112334
0.0121563
0.0130149
0.0138369
0.0145694
0.0152053
0.0157228
0.0160832
0.0163807
0.0164068
0.0162309
0.0157942
0.015086
0.0143214
0.0130076
0.011302
0.00919898
0.00850761
0.00841356
0.00818758
0.00776288
0.00849021
0.0137496
0.0199154
0.0258413
0.0335219
0.042102
0.0516396
0.0621847
0.0722023
0.0624969
0.0771783
0.0936765
0.0993446
0.0960129
0.0907548
0.0828773
0.0734939
0.0633464
0.0530226
0.0427409
0.0397671
0.0399642
0.0387152
0.0362332
0.0325401
0.0282151
0.0234796
0.0186238
0.0139306
0.00839191
0.00653064
0.00686983
0.00680667
0.00650245
0.00605404
0.00618765
0.006053
0.00549594
0.00462819
0.00359488
0.00483594
0.00357741
0.00229377
0.00103148
0.000858139
0.00299725
0.00381641
0.00520841
0.00666181
0.00815659
0.00967226
0.0118498
0.0133561
0.0147989
0.0161653
0.0174256
0.019295
0.0203004
0.0211789
0.0219136
0.0225098
0.0237304
0.0240876
0.0243393
0.0245002
0.0245752
0.0245744
0.0251963
0.0250759
0.0249016
0.0246808
0.0244305
0.0247116
0.0243692
0.0239733
0.0235515
0.0231018
0.0231291
0.0226064
0.0220562
0.0214858
0.0208804
0.0202579
0.0200229
0.0193486
0.018652
0.0179324
0.0171959
0.0167899
0.0160005
0.0152037
0.0143995
0.0135664
0.0130199
0.0121617
0.0112843
0.0104014
0.00950417
0.00860474
0.00795496
0.00703976
0.00633817
0.00594989
0.00592174
0.00646701
0.00651122
0.00660419
0.00674405
0.00691485
0.00753523
0.00776521
0.00803465
0.00832418
0.00862784
0.00895695
0.00956529
0.00986915
0.0101653
0.0104283
0.0106428
0.0110375
0.0111195
0.0111005
0.0109784
0.0107191
0.0105507
0.00996799
0.00917777
0.00816528
0.00713024
0.00667933
0.00623261
0.00521415
0.00379629
0.00477396
0.00673685
0.00982556
0.0138844
0.0184315
0.0403064
0.0464531
0.0522346
0.0601005
0.0639832
0.0651021
0.0645338
0.0629189
0.0592181
0.0564266
0.0533946
0.0502502
0.0470868
0.0421151
0.039032
0.0360924
0.036593
0.0375722
0.03675
0.0374509
0.0379655
0.0382768
0.0383792
0.0382719
0.0366493
0.0362066
0.0355786
0.0347802
0.0338321
0.0317584
0.0306283
0.0294081
0.028114
0.0267651
0.0246526
0.0232938
0.0219295
0.0205737
0.0192413
0.0179407
0.0161958
0.0150204
0.0138986
0.0128335
0.012555
0.0140776
0.0138708
0.0136675
0.0134686
0.0132679
0.014532
0.0142832
0.0140302
0.0137723
0.0135076
0.0132362
0.0141593
0.0138277
0.0134864
0.0131405
0.0127873
0.0134315
0.0130298
0.0126237
0.0122136
0.0118019
0.0122126
0.0117661
0.0113238
0.0108831
0.0104443
0.0100056
0.0102028
0.00973875
0.00927673
0.00881638
0.00835574
0.00839997
0.00791333
0.0074247
0.00693202
0.00643743
0.0063455
0.00582516
0.00530039
0.00477308
0.00424092
0.00370084
0.00381903
0.00418344
0.004549
0.00489932
0.00522561
0.00552549
0.00576518
0.00594085
0.00603583
0.00603081
0.00595603
0.00570302
0.00528193
0.00466383
0.00382182
0.00272464
0.00296754
0.00420509
0.00679869
0.00984223
0.0133701
0.0169312
0.0214613
0.026575
0.032307
0.0386826
0.0448428
0.0524906
0.0608476
0.069926
0.0823578
0.0926841
0.102443
0.106382
0.103753
0.0962012
0.085218
0.0702882
0.0559482
0.0453473
0.0389603
0.0335168
0.0274416
0.0260894
0.0261986
0.0259356
0.0312282
0.0349335
0.0387461
0.0396577
0.0394781
0.0383973
0.0380338
0.0374591
0.036665
0.0354123
0.0337839
0.0318588
0.0290736
0.0267235
0.0242826
0.0218087
0.0193519
0.0169474
0.0137401
0.0114885
0.0093613
0.00737134
0.00565025
0.00520074
0.0048885
0.00451702
0.00410739
0.00367689
0.00432646
0.005124
0.0057891
0.00633258
0.00676614
0.00709835
0.00828189
0.00841302
0.00846973
0.00845903
0.00839752
0.00915352
0.00900236
0.00882924
0.00864306
0.00845066
0.0089981
0.00878528
0.00857887
0.00838289
0.00819379
0.00801843
0.00845081
0.00827885
0.00812143
0.00798124
0.00785863
0.00823674
0.00811663
0.008003
0.00789511
0.00778507
0.00807568
0.00794137
0.00780052
0.00765418
0.0074999
0.0073386
0.00749148
0.00730072
0.00710694
0.00690994
0.00671473
0.00677848
0.00657126
0.00636227
0.00615375
0.00599138
0.00599656
0.00594379
0.00588685
0.00582324
0.00575352
0.00567903
0.00564121
0.00555891
0.00547685
0.00539617
0.0053125
0.0052612
0.00517659
0.00509594
0.00501908
0.00494896
0.00490759
0.00484674
0.00479016
0.00473697
0.00468591
0.0046427
0.00461397
0.00458512
0.00457709
0.00459391
0.00457411
0.00445737
0.00421602
0.00383337
0.00337252
0.00293104
0.000753805
0.00246768
0.0153274
0.028166
0.03744
0.0393376
0.0429874
0.0450611
0.0459718
0.0460097
0.0393755
0.0381095
0.0365169
0.0346886
0.0326991
0.0306075
0.0222895
0.0202464
0.0191238
0.0218895
0.0242698
0.0277998
0.0293572
0.0309551
0.0323579
0.033562
0.038739
0.0396587
0.0403935
0.0409508
0.0413456
0.0415664
0.0459972
0.045865
0.0455351
0.0449889
0.0442077
0.0474684
0.0461649
0.0446232
0.042843
0.0408832
0.0428528
0.0406029
0.0383263
0.0360959
0.0339837
0.0320559
0.0339612
0.032429
0.0318543
0.0345085
0.0370894
0.0385123
0.0407545
0.0426659
0.0441276
0.0450887
0.0450564
0.0450261
0.0444457
0.0433684
0.0418435
0.0399718
0.0377381
0.035455
0.0331055
0.0307316
0.0283937
0.0259632
0.0237614
0.0216549
0.0200237
0.0189969
0.0192899
0.017983
0.0165648
0.0150659
0.013545
0.0119843
0.0133125
0.0121058
0.0108763
0.00963514
0.00840184
0.00929007
0.00800833
0.0067517
0.00552019
0.00432444
0.00493412
0.00374755
0.00260611
0.00254101
0.00348137
0.00437917
0.00428249
0.00511923
0.00592354
0.00669989
0.00744854
0.00736812
0.00808407
0.00877301
0.0094295
0.0100502
0.00997315
0.0105514
0.0110989
0.0116132
0.012094
0.0125405
0.0124381
0.0128388
0.0131989
0.0135148
0.0137819
0.0135977
0.013778
0.0138951
0.0139427
0.0139159
0.0135303
0.0133584
0.0130878
0.0127088
0.0122075
0.011572
0.012347
0.0143086
0.0164113
0.0186522
0.0210308
0.023175
0.0257968
0.0285336
0.0313692
0.0342874
0.0368496
0.0398633
0.0428818
0.0458762
0.0488066
0.0516272
0.053923
0.0571048
0.06031
0.063312
0.0940546
0.102124
0.113454
0.11734
0.121508
0.131468
0.135798
0.139453
0.140298
0.138632
0.134777
0.129052
0.117626
0.108818
0.0989817
0.0883579
0.0771649
0.0607686
0.0490339
0.0374177
0.0269194
0.0227409
0.0200376
0.0201296
0.0195504
0.0219044
0.0269776
0.0307294
0.0370809
0.0381979
0.0382346
0.037338
0.0373514
0.0423515
0.0425081
0.0420597
0.0410817
0.039632
0.041728
0.0395113
0.0370765
0.0344858
0.0318269
0.0291682
0.0298191
0.0271921
0.0246946
0.0223523
0.0201935
0.0208398
0.0189232
0.0171833
0.0156326
0.0142444
0.0150877
0.0139048
0.0128644
0.0119361
0.0111306
0.0104202
0.0113356
0.0107241
0.0101752
0.00967824
0.00925161
0.0100582
0.0096438
0.00926676
0.00891116
0.00858875
0.00922534
0.00888329
0.00854556
0.00822949
0.00791094
0.00760035
0.00801103
0.00766716
0.0073288
0.0070046
0.00687953
0.00729057
0.0071214
0.00694336
0.0067635
0.00657964
0.00675784
0.00651536
0.00625841
0.00598507
0.00569862
0.00539043
0.00530789
0.00493335
0.00454538
0.00412062
0.00367829
0.00336574
0.00285224
0.00236267
0.00238186
0.00238535
0.002224
0.00281893
0.00340788
0.00399631
0.00455976
0.00512372
0.00548872
0.00601852
0.00651232
0.00697244
0.00771788
0.00862655
0.00959271
0.0105415
0.0114839
0.0123873
0.0132347
0.0140506
0.0147842
0.0154283
0.0159612
0.0163446
0.0166681
0.0167305
0.0165973
0.0162093
0.0155554
0.0148417
0.0135902
0.0119492
0.0099121
0.008617
0.00852018
0.00828996
0.00785915
0.00871565
0.0127187
0.0188643
0.0247867
0.0324832
0.0411031
0.0507095
0.0613549
0.0714886
0.0619483
0.0767604
0.0932819
0.098933
0.0955737
0.0902845
0.0823856
0.0729941
0.0628535
0.0525534
0.044237
0.0403373
0.0406258
0.0394549
0.0370295
0.0333617
0.0290317
0.0242515
0.019312
0.0144996
0.0088348
0.00559385
0.00570829
0.00559426
0.0052348
0.00473456
0.00645832
0.00634775
0.00578563
0.0051946
0.00497504
0.00502565
0.00442024
0.00380244
0.00311186
0.00240253
0.00368975
0.00495597
0.00632303
0.00776926
0.00927817
0.010831
0.0130592
0.0146444
0.0161908
0.017685
0.0190941
0.0211075
0.0222859
0.023338
0.0242386
0.0249846
0.0263168
0.0267748
0.0270942
0.0272864
0.0273551
0.0273108
0.0278646
0.0276341
0.0273168
0.026924
0.0264749
0.0265621
0.0259783
0.0253219
0.0246215
0.0238771
0.0236351
0.0227927
0.0219675
0.0215047
0.0209941
0.0204547
0.0201425
0.0195353
0.0188991
0.0182344
0.017546
0.0170416
0.0162896
0.0155215
0.0147389
0.0139204
0.0132588
0.0124088
0.0115394
0.0106627
0.0100191
0.00971156
0.0101065
0.00983233
0.00959177
0.00937782
0.00919177
0.0095905
0.00946119
0.00937549
0.00933174
0.00931451
0.00976578
0.00979735
0.00986371
0.00994942
0.0100532
0.010241
0.0106339
0.0109411
0.0112425
0.0114544
0.0115682
0.0115469
0.0114847
0.0113141
0.0111345
0.0108894
0.0107668
0.0102737
0.00961205
0.00876725
0.00770671
0.00639459
0.00513976
0.00348596
0.00212635
0.00552604
0.009479
0.0132986
0.0184054
0.0241705
0.0389103
0.0455904
0.0520109
0.060768
0.0657147
0.068056
0.0688457
0.0686891
0.0663141
0.0650597
0.0635374
0.0618273
0.059978
0.0560223
0.0539183
0.0517351
0.0494761
0.0471399
0.042636
0.0401674
0.037648
0.0350897
0.0325099
0.0299239
0.026889
0.0254336
0.024022
0.0226706
0.0213969
0.0192204
0.0181732
0.017235
0.016409
0.015698
0.0142678
0.0138124
0.0134628
0.0132108
0.0130498
0.0129673
0.0123115
0.01239
0.0125165
0.0126787
0.012866
0.0131028
0.0129601
0.0130535
0.0132757
0.0134785
0.0134191
0.0134849
0.0136204
0.0137155
0.0137687
0.013779
0.0135527
0.0134937
0.0133913
0.0132441
0.0130549
0.0127308
0.0124818
0.0121988
0.0118847
0.0115411
0.0111421
0.0107605
0.0103636
0.00995025
0.0095249
0.00908898
0.00866022
0.00821459
0.00776138
0.00730421
0.00713582
0.0068993
0.00677914
0.00661453
0.00640786
0.00616411
0.00581039
0.00551362
0.00519193
0.00484999
0.00449096
0.00412115
0.00373296
0.00341019
0.00313127
0.00289831
0.00273308
0.00294445
0.00309537
0.00332799
0.00365268
0.00408285
0.0046536
0.00531451
0.00612734
0.00710955
0.00827827
0.00965612
0.0111146
0.0129408
0.0150462
0.0174601
0.0202125
0.0229751
0.0264565
0.0303856
0.0348117
0.0397847
0.044665
0.0508347
0.0577584
0.0655269
0.0768655
0.0864194
0.0958422
0.0998541
0.0978174
0.0913664
0.0819399
0.0686743
0.0564608
0.0440736
0.0320426
0.0207468
0.00842917
0.00548896
0.00846168
0.0149892
0.0202444
0.0242747
0.0286176
0.0303453
0.0311301
0.0310855
0.0303282
0.0299794
0.0280597
0.025772
0.0242458
0.0235473
0.0219027
0.0209197
0.019899
0.0188812
0.0178998
0.0169795
0.015071
0.0142964
0.0136287
0.0130669
0.0126108
0.0111077
0.0111674
0.0114264
0.0116139
0.0117356
0.0115018
0.0115103
0.0114688
0.0113819
0.0112568
0.0110998
0.0106467
0.0104475
0.0102271
0.010106
0.0103022
0.0096198
0.00981221
0.00998655
0.0101427
0.010281
0.00967222
0.00980443
0.00992346
0.0100274
0.010122
0.0102036
0.00969028
0.00977305
0.00985
0.00992328
0.00998616
0.0095588
0.0096314
0.00969881
0.00975639
0.00980879
0.00946118
0.00951606
0.00956269
0.00960168
0.00963666
0.00966458
0.00938222
0.00941108
0.00943302
0.00945035
0.00946131
0.00923248
0.00924836
0.00926089
0.00927138
0.00927773
0.0090967
0.00910731
0.00911428
0.00911784
0.00911602
0.00911005
0.00896852
0.0089611
0.00894867
0.00892422
0.0088871
0.00874443
0.0086813
0.00859664
0.00848837
0.0083548
0.00820224
0.0081621
0.0081147
0.00806278
0.00800018
0.00792786
0.0078339
0.00772719
0.00759886
0.00745361
0.00729598
0.00714827
0.00702637
0.0069052
0.00680156
0.00673439
0.000753805
0.00246768
0.0153274
0.028166
0.03744
0.0393385
0.0429933
0.0450741
0.0459917
0.0460394
0.0394151
0.0381564
0.0365576
0.0347054
0.0326741
0.0305246
0.0221447
0.0200235
0.0193161
0.0220908
0.0244761
0.0280077
0.0295083
0.0311221
0.0325283
0.0337224
0.0388835
0.0397791
0.0404931
0.0410501
0.0414663
0.0417247
0.0461981
0.0461172
0.0458405
0.0453493
0.0446226
0.0479317
0.0466849
0.045199
0.0434712
0.0415481
0.0435361
0.0413201
0.0390873
0.0368975
0.0348177
0.0329105
0.0348329
0.0333528
0.0321571
0.0337823
0.0364711
0.0379405
0.0401892
0.0420267
0.0433693
0.0441756
0.0439759
0.0437628
0.0430267
0.0418413
0.0402607
0.0383807
0.0361739
0.0339502
0.0316711
0.0293796
0.0271407
0.0248043
0.0227096
0.0207063
0.018823
0.0173853
0.0177459
0.0165181
0.0151872
0.0140062
0.0129335
0.0117899
0.0130864
0.0118235
0.0105506
0.00927804
0.00802119
0.00889522
0.0076037
0.00634347
0.00511332
0.00392401
0.00454015
0.00336111
0.00251091
0.00316019
0.00410183
0.00499263
0.00489667
0.0057344
0.00652911
0.00728893
0.00801468
0.00791322
0.00860418
0.0092649
0.0098943
0.0104927
0.010402
0.0109651
0.0114999
0.0120061
0.0124822
0.0129252
0.0128195
0.0132177
0.0135752
0.0138897
0.0141571
0.0139749
0.0141611
0.0142885
0.0143479
0.0143329
0.0139577
0.0137978
0.0135372
0.0131703
0.0126823
0.0120601
0.0123869
0.014416
0.0165866
0.0188946
0.0213376
0.0235358
0.0262145
0.0290024
0.0318809
0.0348333
0.0374168
0.0404448
0.043467
0.046453
0.0493634
0.052152
0.0544094
0.0570557
0.0601556
0.0630473
0.093601
0.10165
0.112985
0.116888
0.12012
0.130021
0.134315
0.137959
0.138831
0.137223
0.133455
0.127845
0.116533
0.10787
0.098193
0.0877357
0.0767136
0.0604674
0.048895
0.0374227
0.0285092
0.0243838
0.0197594
0.0199297
0.0194248
0.021612
0.0267108
0.0305094
0.0369096
0.0380712
0.0381436
0.0373547
0.0388668
0.043899
0.0440916
0.0436797
0.0427362
0.0413085
0.0434121
0.0411959
0.038761
0.0361671
0.0334963
0.0308219
0.0314531
0.0287974
0.0262672
0.0238904
0.0216986
0.0223185
0.0203722
0.0186047
0.0170262
0.0156085
0.0164248
0.0152081
0.0141317
0.0131642
0.0123167
0.0115608
0.0124336
0.0117692
0.0111627
0.0106037
0.0101116
0.0108574
0.0103693
0.00991464
0.00947858
0.00907359
0.00996151
0.00988549
0.00983478
0.00978495
0.0097515
0.00972219
0.0104221
0.0103498
0.0102691
0.0101968
0.010108
0.0105444
0.0103967
0.0102304
0.0100522
0.00985941
0.010022
0.00975159
0.00945694
0.00913617
0.00879409
0.00841986
0.00827257
0.00781623
0.00734039
0.00682184
0.00628042
0.00587771
0.00525642
0.00459455
0.00395715
0.00392827
0.0035946
0.00385845
0.00445899
0.00505706
0.00562796
0.00619734
0.00656485
0.0070958
0.00758818
0.00804542
0.00846266
0.00872175
0.00904668
0.00991574
0.0109245
0.0118863
0.0127784
0.0136375
0.0144061
0.015077
0.0156281
0.0160214
0.0163466
0.016404
0.0162576
0.0158492
0.0151682
0.0144258
0.0131365
0.0114539
0.00937228
0.00827563
0.00818495
0.00796115
0.00753748
0.00807846
0.0134934
0.0196556
0.0255826
0.0332713
0.041868
0.0514336
0.0620179
0.0720811
0.0624399
0.0771652
0.0936524
0.0992836
0.095908
0.0905944
0.0826614
0.0732249
0.0630265
0.0526547
0.0418529
0.0394354
0.0396381
0.0383983
0.035932
0.0322588
0.0279645
0.0232671
0.0184557
0.0138111
0.00850862
0.0074001
0.00772353
0.0076395
0.00730726
0.00682313
0.00674292
0.0060736
0.00550284
0.00475766
0.00409974
0.0049535
0.00374168
0.00251106
0.0014448
0.00184044
0.00413662
0.00470386
0.00538706
0.0063411
0.00781633
0.00931422
0.0114778
0.0129715
0.014408
0.0157752
0.0170425
0.0189218
0.0199404
0.0208307
0.0215716
0.0221653
0.023375
0.0237097
0.023929
0.0240494
0.0240788
0.0240295
0.024609
0.0244412
0.0242202
0.0239566
0.0236692
0.0239231
0.0235585
0.0231499
0.0227223
0.0222711
0.0222982
0.0217767
0.0212297
0.0206628
0.0200614
0.0194416
0.0192056
0.0185247
0.0178157
0.0170784
0.0163196
0.0158884
0.0150632
0.0142829
0.0137773
0.0132611
0.0128843
0.0123791
0.0118692
0.01137
0.0108725
0.0103842
0.00999387
0.00951255
0.00903796
0.00857997
0.00813803
0.00816175
0.0082944
0.00847129
0.00869283
0.00894265
0.0096295
0.00993049
0.0102666
0.0106148
0.010967
0.0113303
0.0119547
0.0122577
0.0125291
0.0127438
0.0128854
0.0131939
0.0131493
0.0129726
0.0126631
0.0121899
0.0118154
0.0109798
0.00992165
0.00862963
0.00708228
0.00526027
0.00418383
0.00313339
0.00427222
0.00651444
0.00893937
0.0112793
0.0154566
0.0200862
0.0420109
0.0481726
0.0539284
0.06172
0.0654849
0.0664405
0.0656578
0.0637705
0.059779
0.0565931
0.0530987
0.0494291
0.0456875
0.0401758
0.0364534
0.0328665
0.0294582
0.0262577
0.0236284
0.0240669
0.0244476
0.0247491
0.0249578
0.0250583
0.0236881
0.0236061
0.0234086
0.0230964
0.0226719
0.0210736
0.0204936
0.0198233
0.0190708
0.0182482
0.0165786
0.0156989
0.0147787
0.0138309
0.0128693
0.0119016
0.0127586
0.0123893
0.0120096
0.0116269
0.0112427
0.0125768
0.0121513
0.0117293
0.0113145
0.0109034
0.0119891
0.0115446
0.011105
0.0106725
0.0102467
0.00982891
0.0106361
0.010188
0.00974714
0.00931653
0.0092062
0.00985169
0.00981887
0.00975447
0.0096564
0.00952672
0.00990012
0.0096905
0.00945298
0.00918623
0.00889123
0.00856739
0.00865576
0.00826388
0.00784536
0.00740074
0.00692852
0.00680218
0.00626614
0.00570275
0.00511204
0.00449657
0.00417818
0.00350399
0.00293162
0.00258169
0.00222857
0.00186613
0.00180456
0.00149617
0.0015443
0.00199818
0.00242469
0.00281041
0.00314725
0.00342052
0.00361628
0.00371786
0.00374493
0.00362101
0.00334705
0.00290012
0.0023326
0.00272866
0.00307579
0.00348272
0.00498765
0.00746626
0.0103938
0.0134086
0.0173015
0.0217794
0.0268953
0.0326957
0.0384063
0.0456292
0.0536866
0.0626223
0.0750996
0.0856825
0.095844
0.100427
0.0986066
0.091987
0.082016
0.0680092
0.0547357
0.0411842
0.0306938
0.0267133
0.0283551
0.0291677
0.0293532
0.0289294
0.0279349
0.0279799
0.0311769
0.0314484
0.0307055
0.0291488
0.0269741
0.0255166
0.0225304
0.0194295
0.0167957
0.0165639
0.0153026
0.0147176
0.0140427
0.0133105
0.0125487
0.0136492
0.0145836
0.0155882
0.0163693
0.0169364
0.0173043
0.0172298
0.0172642
0.0171526
0.0169142
0.0165665
0.0169452
0.0175203
0.0179782
0.0183174
0.0185389
0.0186486
0.0191875
0.0190718
0.0188606
0.0185618
0.0181848
0.0182228
0.0177013
0.0171269
0.0165142
0.0158689
0.0156237
0.0149286
0.0142239
0.0135165
0.0128114
0.0121145
0.0117685
0.0110846
0.010415
0.00976935
0.00914708
0.00882417
0.00824451
0.00769621
0.00717989
0.00669576
0.00645508
0.00602034
0.00561649
0.00524177
0.00488566
0.00458008
0.00438598
0.00407808
0.00383635
0.00362778
0.0034283
0.00320476
0.00303082
0.00286795
0.00271553
0.00257079
0.00240564
0.0022822
0.00216749
0.00206174
0.00196284
0.0018695
0.00176188
0.00168183
0.00160883
0.00153801
0.00147329
0.00145771
0.00142156
0.0013812
0.00133605
0.00128545
0.0012687
0.00120592
0.00113252
0.00105216
0.00095965
0.000884056
0.000831366
0.000771582
0.000714079
0.000963911
0.00119135
0.00123949
0.00119027
0.00104418
0.000871271
0.000764802
0.000754312
0.00250034
0.0157557
0.0292576
0.0394141
0.0423054
0.0472506
0.0507193
0.0530636
0.0545256
0.0490973
0.0491289
0.0487147
0.0479146
0.0467774
0.0453448
0.0374353
0.0356688
0.0337427
0.0316781
0.0302131
0.0227827
0.0220975
0.021234
0.022101
0.0237732
0.0248884
0.0258571
0.0266597
0.0273148
0.0278366
0.0282258
0.0316663
0.0318894
0.0319318
0.0317676
0.031373
0.0349782
0.0340814
0.0329552
0.0316005
0.0300837
0.032444
0.0306613
0.0288772
0.0271485
0.0271923
0.0289029
0.0292531
0.03142
0.0336353
0.0358397
0.0379592
0.0389638
0.0407134
0.0420921
0.0430242
0.0434659
0.0429998
0.0425273
0.0415924
0.0402588
0.0385967
0.036708
0.0345495
0.0324455
0.0303426
0.0282584
0.0262417
0.0241012
0.0222289
0.0204403
0.0187576
0.0171766
0.0162342
0.0150503
0.0137922
0.0124733
0.0111408
0.00995772
0.0113955
0.0102954
0.00918491
0.00807311
0.00697449
0.0079844
0.00684439
0.00573114
0.00464222
0.00358614
0.00431307
0.00325248
0.00223126
0.00262694
0.00350717
0.00434861
0.00435856
0.00502431
0.00579727
0.0065369
0.00724505
0.00712997
0.00780904
0.0084652
0.00909258
0.00969224
0.00960799
0.0101835
0.0107348
0.0112575
0.0117515
0.0122139
0.0121275
0.0125467
0.0129234
0.0132544
0.013535
0.0133614
0.0135534
0.0136848
0.0137476
0.0137349
0.0133617
0.0132022
0.0129375
0.0125619
0.0120636
0.0114301
0.0128133
0.0148245
0.0169656
0.0192369
0.0216378
0.0237945
0.0264256
0.029165
0.0319894
0.0348901
0.0374308
0.0404185
0.0434059
0.0463644
0.0492496
0.0520213
0.0542707
0.0572764
0.0603418
0.0632083
0.0937652
0.101811
0.113113
0.116973
0.120224
0.130026
0.134222
0.137748
0.138501
0.136782
0.132917
0.127227
0.115861
0.107148
0.0974242
0.0869236
0.0758604
0.0595789
0.0479706
0.036468
0.0280823
0.0239731
0.0201087
0.0202457
0.0197064
0.0224481
0.0275005
0.0312506
0.0376108
0.0387275
0.0387606
0.0378631
0.0392811
0.0442935
0.0444551
0.0440029
0.043019
0.0415597
0.043648
0.0414259
0.0389927
0.0364085
0.0337584
0.0311108
0.0317693
0.0291452
0.0266444
0.0242916
0.0221167
0.022744
0.0207987
0.0190247
0.0174329
0.0159956
0.0167895
0.0155418
0.0144291
0.0134206
0.012528
0.0117238
0.0125518
0.0118353
0.0111752
0.0105618
0.0100143
0.0107123
0.0101703
0.00966389
0.00917798
0.00884925
0.0098624
0.00980027
0.00976197
0.00972337
0.00969876
0.0096751
0.0103789
0.0103091
0.0102291
0.0101553
0.0100635
0.0104953
0.01034
0.010165
0.00997661
0.0097735
0.00992542
0.00964295
0.00933629
0.00900391
0.00865028
0.00826524
0.0081092
0.00764299
0.00715548
0.00662442
0.00606999
0.00565537
0.00502146
0.00434903
0.0038624
0.00381441
0.00416496
0.00475497
0.00533438
0.0059091
0.00645409
0.00699472
0.00733487
0.00783124
0.00828613
0.00870242
0.00907563
0.00929411
0.00956948
0.0100044
0.0109762
0.011898
0.0127528
0.0135671
0.0142894
0.0149127
0.015416
0.0157616
0.0160463
0.016059
0.0158712
0.0154248
0.0147101
0.0139434
0.0126315
0.0109334
0.00884375
0.00767715
0.00763723
0.00747546
0.0071173
0.00851646
0.0138848
0.0199898
0.0258584
0.0334696
0.041976
0.0514379
0.0619059
0.0718552
0.0620708
0.0766693
0.0930822
0.0986622
0.0952539
0.0899113
0.081957
0.072508
0.0623096
0.0519525
0.0405834
0.0394527
0.0395302
0.0381698
0.035596
0.0318491
0.0275048
0.0228078
0.0180611
0.0135549
0.00824261
0.007685
0.00756896
0.00693901
0.00594591
0.00468335
0.00410517
0.00361994
0.00282842
0.00345772
0.00387848
0.005239
0.00742448
0.00974212
0.0122025
0.0148127
0.0178572
0.0207994
0.0238826
0.0270865
0.0303973
0.0337996
0.0376891
0.0412268
0.0447897
0.0483728
0.0519537
0.0559446
0.0594849
0.0630215
0.0665425
0.0700568
0.0739416
0.0774742
0.0810406
0.0846539
0.0883135
0.092022
0.0959842
0.0997785
0.103611
0.107478
0.111385
0.115353
0.119271
0.123177
0.127088
0.130993
0.134842
0.138694
0.142521
0.146324
0.150087
0.153822
0.157389
0.161041
0.164593
0.167978
0.171179
0.174069
0.176904
0.179604
0.182143
0.18448
0.186553
0.188477
0.19013
0.19156
0.192737
0.193663
0.194391
0.194747
0.194773
0.194509
0.193992
0.193402
0.192315
0.19097
0.189377
0.187514
0.18572
0.18334
0.180666
0.177756
0.174669
0.171374
0.168402
0.164798
0.161012
0.157125
0.153203
0.149783
0.145787
0.141796
0.137885
0.134047
0.130791
0.127166
0.123665
0.120358
0.117345
0.114611
0.112443
0.11024
0.108423
0.106989
0.106017
0.105569
0.105449
0.105776
0.110232
0.111551
0.113188
0.118022
0.120063
0.120193
0.119086
0.117147
0.113947
0.110963
0.107728
0.104314
0.100758
0.0959987
0.092201
0.0884194
0.0846801
0.0810097
0.0759576
0.0724152
0.0689856
0.0656897
0.0625399
0.0595453
0.0549204
0.0522122
0.0496666
0.0472794
0.0450422
0.0410411
0.0390728
0.0372308
0.0355049
0.0338796
0.0304558
0.0290214
0.0276627
0.0263697
0.0251363
0.024931
0.0256598
0.025654
0.0255763
0.0254291
0.0252137
0.025431
0.0250594
0.0246252
0.0241316
0.023584
0.0233864
0.0227248
0.0220233
0.0212862
0.0205174
0.0197216
0.019207
0.0183624
0.0175062
0.0166455
0.0157831
0.0151563
0.0142881
0.0138682
0.0134284
0.0129647
0.0130521
0.0125237
0.0119762
0.0114083
0.0108216
0.0102145
0.0100615
0.00940076
0.00872032
0.00801946
0.00729629
0.00695319
0.00617335
0.0053681
0.00453772
0.00368466
0.00315924
0.00224866
0.00131505
0.000723317
0.00105087
0.00159971
0.00227769
0.00317963
0.0039652
0.00464298
0.0052189
0.00550668
0.00588983
0.00615302
0.00628354
0.00626591
0.00601738
0.00567549
0.00512337
0.0043358
0.00328732
0.00194843
0.00154246
0.00178514
0.00388481
0.00667368
0.00992811
0.0132388
0.0174748
0.0222941
0.0277415
0.0338557
0.0398172
0.0472871
0.0555377
0.0645998
0.0771242
0.0876679
0.0977232
0.102109
0.100022
0.0930835
0.0827604
0.0684271
0.0547662
0.0408144
0.0284805
0.0228721
0.0208617
0.0208356
0.0203487
0.0239693
0.0290963
0.0326831
0.0364166
0.0372458
0.0369714
0.0357716
0.0338233
0.0324477
0.0294138
0.0261094
0.0226657
0.0208697
0.0187901
0.0172575
0.0156392
0.0139826
0.0123292
0.0107079
0.00816166
0.00664082
0.00521949
0.0052259
0.00575322
0.00662172
0.00733688
0.00787476
0.00825414
0.00850075
0.00874484
0.00879255
0.00875607
0.00865099
0.0084919
0.00828829
0.00822708
0.0079726
0.00770324
0.00742483
0.00714096
0.00778097
0.00761715
0.00742719
0.00721732
0.00699139
0.00750142
0.0072355
0.00696823
0.00670266
0.00643608
0.00621444
0.00652274
0.00624603
0.00601289
0.00585213
0.00568649
0.00571331
0.00552988
0.00534847
0.00516421
0.00497814
0.00497554
0.00476222
0.00457156
0.00438717
0.00420748
0.00403291
0.00403631
0.00383557
0.0036809
0.00353608
0.00340049
0.00337781
0.00325797
0.00314717
0.00304836
0.00295866
0.00295824
0.00288409
0.00281936
0.00276886
0.00272909
0.00270113
0.00273934
0.00273003
0.00272743
0.00273368
0.00274736
0.0028034
0.00282365
0.00284544
0.00287133
0.00289729
0.00294901
0.00296651
0.00297394
0.00299458
0.00317866
0.00339422
0.00365357
0.00392333
0.00422174
0.00453344
0.00496481
0.00547503
0.00579703
0.00589435
0.00569062
0.00529854
