0.000755355
0.00252423
0.0159823
0.0300493
0.0412236
0.0453744
0.0520837
0.0575766
0.0621435
0.0659857
0.0627381
0.0653467
0.0675648
0.0694193
0.0709288
0.0720901
0.066377
0.0669881
0.0672634
0.0671987
0.067948
0.0646901
0.0687431
0.0725092
0.0759785
0.0791273
0.0737547
0.0763597
0.0787309
0.0808347
0.0826994
0.0842915
0.0782759
0.079566
0.0805604
0.0812304
0.0815777
0.0758468
0.0758208
0.0753365
0.0743754
0.0729091
0.0673084
0.0652789
0.0627434
0.0597192
0.0562346
0.0523202
0.0468183
0.0425385
0.0379597
0.0331271
0.0280827
0.0231937
0.018799
0.0202638
0.0250557
0.0298565
0.0304765
0.0351167
0.0396086
0.0438866
0.0479015
0.0516505
0.0513142
0.0545879
0.0575964
0.0603222
0.0628001
0.0616303
0.0637089
0.0655489
0.067177
0.0685997
0.0669151
0.068039
0.0689886
0.0697848
0.0704107
0.0709071
0.068902
0.0692152
0.0694136
0.0695051
0.0694898
0.067434
0.067312
0.0671024
0.0668147
0.0664496
0.0644469
0.0640139
0.0635136
0.0629481
0.0623265
0.061651
0.0597388
0.0590047
0.0581997
0.0573187
0.0563617
0.0544468
0.0534105
0.0523197
0.0511832
0.0500001
0.0481356
0.0469238
0.0456824
0.0444153
0.0431229
0.0418087
0.0400657
0.0387509
0.0374169
0.0360691
0.0347061
0.0330771
0.0317226
0.0303564
0.028988
0.0276157
0.0261083
0.0247545
0.0233973
0.0220403
0.0206833
0.0193297
0.0179556
0.016622
0.0152912
0.0139568
0.012622
0.011341
0.010021
0.00869946
0.00737931
0.00605553
0.00485863
0.00456761
0.00551458
0.00678732
0.00805131
0.00930879
0.0104855
0.0117146
0.0129313
0.01414
0.0286659
0.030541
0.0396481
0.0445195
0.0483578
0.051156
0.0504013
0.0565572
0.064164
0.0713253
0.0779873
0.0841012
0.08382
0.0883082
0.092025
0.094936
0.0969682
0.0917125
0.0919985
0.0913899
0.0899658
0.0877231
0.0793228
0.0761096
0.0724433
0.0683565
0.0640845
0.059661
0.051711
0.0477177
0.0439281
0.0403175
0.0381116
0.0351311
0.0339911
0.0328311
0.0316983
0.0305662
0.0284953
0.0275207
0.0265711
0.0256211
0.0246716
0.0237328
0.0224137
0.0215577
0.0206851
0.0197957
0.0189027
0.0179511
0.0170899
0.0162153
0.015346
0.014469
0.0137756
0.0129348
0.0120954
0.0112448
0.0104097
0.00957695
0.00944771
0.00877741
0.00811222
0.00745334
0.00683358
0.00745234
0.00681043
0.0061999
0.00561245
0.0051663
0.00591842
0.00554915
0.0051992
0.00485002
0.00451899
0.00419907
0.00465325
0.00431293
0.00397993
0.00367519
0.00337549
0.00364787
0.00333767
0.00304003
0.00276209
0.00250485
0.00263996
0.00237382
0.0021218
0.0018842
0.00184884
0.00192631
0.00165532
0.0017083
0.00178472
0.00196471
0.00213242
0.00207873
0.00224236
0.00240774
0.00256636
0.00272154
0.0027102
0.00287122
0.00303388
0.00318771
0.00335664
0.00350814
0.00354101
0.00370007
0.00386717
0.00403026
0.00419069
0.00423928
0.00439951
0.0045457
0.00469858
0.00483713
0.00488938
0.00502298
0.00519174
0.00547292
0.00576218
0.0060321
0.00630126
0.00655979
0.00682431
0.00706149
0.00728872
0.00771758
0.00883292
0.0100679
0.011396
0.0128566
0.0141304
0.0158263
0.0176618
0.0196454
0.0217683
0.0240607
0.0260867
0.0286768
0.0314364
0.0343689
0.0374633
0.0402275
0.0213515
0.0290338
0.0447326
0.0533198
0.0544183
0.0553945
0.0543511
0.0519128
0.0484638
0.0443239
0.0360689
0.0312735
0.0263906
0.0255808
0.0248367
0.0215863
0.0206928
0.0197753
0.0188272
0.0178642
0.0142871
0.0135653
0.0150428
0.0162222
0.0171236
0.0177332
0.0184406
0.0184686
0.0182853
0.0179099
0.0173732
0.0165565
0.0157148
0.0147847
0.0137585
0.0130402
0.0116774
0.0112098
0.0107755
0.0103817
0.0100292
0.00971719
0.00795524
0.0076295
0.00731742
0.00703559
0.00677213
0.00487468
0.00462246
0.00467711
0.00501587
0.00535756
0.00650492
0.0068217
0.00737362
0.0078909
0.00836594
0.00880011
0.00982858
0.0101955
0.0105245
0.0108166
0.0110804
0.0118092
0.0119777
0.0120921
0.012177
0.0122314
0.0126961
0.0126698
0.0126109
0.0125277
0.0124056
0.0122629
0.0124438
0.0122394
0.0120057
0.0117439
0.0114595
0.0114444
0.0110959
0.0107339
0.010358
0.00994679
0.00976445
0.00931552
0.00883921
0.00834868
0.00783266
0.00730181
0.00696252
0.00680481
0.00673716
0.00666643
0.00659164
0.00715484
0.00706481
0.00697584
0.00688854
0.00678819
0.00722007
0.0070977
0.00697757
0.00684248
0.00682376
0.00689223
0.00727709
0.00733983
0.00741645
0.0074916
0.00756307
0.00788091
0.00794987
0.00856299
0.00917468
0.00973406
0.0101375
0.0105808
0.0109411
0.0112147
0.0113876
0.0114487
0.011379
0.011212
0.0109051
0.0104451
0.010844
0.013048
0.0160005
0.0192616
0.0284837
0.0330989
0.038174
0.0408156
0.0466635
0.0500345
0.0518211
0.0525346
0.0507775
0.0500339
0.0488184
0.0472184
0.0453201
0.0412202
0.0388728
0.0364024
0.0338667
0.0313084
0.0266782
0.0241645
0.0217219
0.0193666
0.0171132
0.0149663
0.0109008
0.00907745
0.00790967
0.00683343
0.00707384
0.00615742
0.00655994
0.0069771
0.00741015
0.0078555
0.00702587
0.00750766
0.00799945
0.00850029
0.00900809
0.00951928
0.010379
0.0105706
0.0107177
0.0108135
0.0109606
0.0119683
0.0118894
0.0117844
0.0121006
0.0126973
0.0123271
0.0129782
0.0136511
0.0143457
0.0150623
0.0158037
0.0157273
0.0165544
0.0174151
0.0183036
0.0192237
0.0194285
0.0204322
0.021463
0.0225172
0.0235831
0.0240014
0.0250694
0.0260954
0.0270598
0.0279349
0.0286928
0.0288358
0.029288
0.0295094
0.0315532
0.0352941
0.0388066
0.0431439
0.0477921
0.0527423
0.0579867
0.0627844
0.0684911
0.0743725
0.080362
0.0863759
0.0923238
0.0974095
0.103048
0.108445
0.118972
0.139004
0.157729
0.179773
0.202398
0.225151
0.247685
0.280629
0.318805
0.356372
0.391162
0.419649
0.436905
0.439241
0.426827
0.402649
0.371874
0.337883
0.307168
0.272096
0.237915
0.205324
0.174829
0.150243
0.124744
0.102342
0.0834334
0.0946802
0.107891
0.11972
0.127592
0.136313
0.172933
0.211431
0.24826
0.287066
0.324021
0.357441
0.385502
0.406629
0.421453
0.429553
0.431851
0.429326
0.4229
0.416336
0.404923
0.391906
0.377656
0.3624
0.349682
0.332884
0.315462
0.297558
0.279265
0.264973
0.259774
0.25408
0.247973
0.241539
0.234874
0.228932
0.22206
0.21521
0.208439
0.201767
0.195948
0.189551
0.183351
0.177343
0.171506
0.166405
0.160844
0.15539
0.149988
0.144595
0.139185
0.134268
0.128741
0.123128
0.121971
0.126574
0.129152
0.132324
0.134628
0.136033
0.136531
0.135525
0.134421
0.13252
0.129861
0.126517
0.122558
0.118083
0.113272
0.108142
0.10278
0.0972804
0.0919375
0.0863939
0.0808938
0.0754889
0.070223
0.0653728
0.06049
0.0558303
0.0514179
0.0472606
0.0433674
0.039878
0.036493
0.0333381
0.0303904
0.0276386
0.0251576
0.0227953
0.0206292
0.0186285
0.0168028
0.015192
0.0137739
0.0125613
0.0115472
0.0107072
0.0100175
0.00937825
0.00892307
0.00857976
0.00833347
0.00817217
0.00800344
0.00798613
0.00802723
0.00811961
0.00825489
0.00832775
0.00853434
0.00876869
0.0090394
0.00933711
0.00967337
0.00996946
0.0104323
0.0110102
0.0117938
0.0130003
0.0142221
0.0150485
0.0150224
0.0143609
0.013638
0.000755355
0.00251807
0.0159154
0.0300567
0.0414468
0.0458593
0.0529338
0.0588442
0.0638521
0.0681257
0.0652336
0.0681922
0.0706862
0.0727209
0.0742983
0.075408
0.0695447
0.0698694
0.0697274
0.0691302
0.0686675
0.0652486
0.069003
0.0723335
0.0752294
0.0776764
0.0715832
0.0732655
0.0746266
0.0756799
0.0765036
0.0771187
0.0703586
0.0709596
0.0714598
0.0718023
0.0719814
0.066194
0.0662216
0.0659166
0.0652964
0.0643395
0.0593271
0.058132
0.0566074
0.0547751
0.0526594
0.0502814
0.0462583
0.0438196
0.0412364
0.0385388
0.0357615
0.0329628
0.0304118
0.0278782
0.025399
0.0229883
0.0215405
0.0194382
0.0174129
0.0154894
0.0136734
0.0119546
0.0116643
0.0101787
0.00875513
0.00742184
0.00615282
0.00642922
0.00531347
0.00445991
0.00371577
0.00305699
0.00531284
0.00472926
0.00418726
0.00366575
0.00349064
0.00370926
0.00473875
0.00468384
0.00486037
0.00504696
0.0052318
0.00578439
0.00593437
0.00608331
0.00623098
0.00637235
0.0067175
0.00682466
0.0069319
0.00704336
0.00714913
0.00725023
0.00743835
0.00752227
0.00760464
0.00768755
0.00776862
0.00787102
0.0079343
0.00800246
0.00807235
0.00814477
0.00820538
0.00827317
0.00833662
0.00840628
0.00848654
0.0085763
0.0086278
0.00872764
0.00882755
0.00892544
0.00902225
0.00906247
0.00916402
0.00927244
0.00938432
0.00961106
0.0101638
0.0104466
0.010758
0.0110948
0.0114555
0.011841
0.0123936
0.0128129
0.0132543
0.0137194
0.014207
0.0147674
0.015284
0.0158215
0.0163762
0.01695
0.0175242
0.018127
0.018743
0.0193796
0.0200364
0.0207203
0.0213392
0.0220529
0.0227796
0.0235309
0.0328208
0.035014
0.0443058
0.0490896
0.052592
0.0548765
0.0535511
0.0601216
0.0674491
0.0742617
0.0805199
0.0861928
0.0855184
0.0895715
0.0929139
0.0955122
0.0973221
0.0919354
0.0921301
0.0915353
0.0901738
0.0881218
0.0799048
0.0769852
0.0736467
0.0700247
0.0662057
0.062317
0.0548036
0.0513514
0.0480592
0.0449485
0.042035
0.0371264
0.0348927
0.0328733
0.0310393
0.0293967
0.0267576
0.0256101
0.0245885
0.023701
0.0229109
0.0222027
0.0212385
0.0207457
0.0202914
0.0198665
0.0194539
0.0191599
0.0188311
0.0185077
0.0181635
0.0178226
0.0178271
0.0174976
0.0171481
0.0167977
0.0164216
0.0160376
0.0161562
0.0157569
0.0153496
0.0149428
0.014506
0.0146293
0.014188
0.0137353
0.0132855
0.0128214
0.0128997
0.0124315
0.011971
0.0114977
0.0110295
0.0105592
0.0105743
0.0101054
0.00963762
0.00919253
0.00874852
0.00873952
0.00830181
0.0078729
0.00746041
0.00706051
0.00701917
0.00661036
0.00620652
0.00581015
0.00543633
0.00507911
0.00503119
0.00469459
0.00438131
0.00406523
0.00376151
0.00369517
0.00339256
0.00328078
0.00318552
0.00306958
0.00287303
0.00265786
0.0024612
0.00226592
0.00203046
0.00178402
0.00143367
0.00114335
0.000819648
0.00102614
0.00173237
0.00232363
0.00311757
0.00397025
0.00485889
0.0058051
0.00658057
0.00761161
0.00870067
0.00983867
0.0110288
0.0122908
0.0133258
0.0147014
0.0161249
0.0176265
0.019189
0.0205107
0.0222164
0.024026
0.0259159
0.0279257
0.0296712
0.0318971
0.034255
0.0367532
0.0393873
0.0421865
0.0446546
0.047749
0.0510124
0.0544471
0.0580475
0.0612585
0.0428992
0.0508699
0.066321
0.0742841
0.0746306
0.0745873
0.0723742
0.068653
0.0638595
0.0583739
0.0489746
0.0429856
0.0370712
0.0313815
0.0296837
0.0256426
0.0239259
0.0222958
0.0207776
0.0193834
0.0155204
0.014397
0.0134448
0.0126549
0.0120305
0.0120368
0.0132761
0.0139106
0.0143206
0.0145299
0.0145496
0.0141809
0.0137953
0.01326
0.0125927
0.0118078
0.0104079
0.00942371
0.00840053
0.0073535
0.00628433
0.00587237
0.00423114
0.00403149
0.00384583
0.00427964
0.00471239
0.00312833
0.00347557
0.00424518
0.0050531
0.00581744
0.00725635
0.00793299
0.00857322
0.00918545
0.00976274
0.0103038
0.0114227
0.0118854
0.0123027
0.0126797
0.0130288
0.0138316
0.0140771
0.0142578
0.0143952
0.0144858
0.0149692
0.0149501
0.0148846
0.0147811
0.0146265
0.0144409
0.0145769
0.0143136
0.0140159
0.0136885
0.0133383
0.0132682
0.0128611
0.0124442
0.0120151
0.0115498
0.0113198
0.0108178
0.0102906
0.00974955
0.00918416
0.00873678
0.00940366
0.00928236
0.0091625
0.00902937
0.00888721
0.00939273
0.00923806
0.00908366
0.00892967
0.00875858
0.00912618
0.0089267
0.0087271
0.00851235
0.00828449
0.00839058
0.00880485
0.00890126
0.00901397
0.00912219
0.00921867
0.00954495
0.00959591
0.00960618
0.00958612
0.00965374
0.0100983
0.0105851
0.0109771
0.0112701
0.0114525
0.0115131
0.0114327
0.0112463
0.0109132
0.0104191
0.0120325
0.0144744
0.0177239
0.0213117
0.0308942
0.0359503
0.0413806
0.0441878
0.0499106
0.0530701
0.0546201
0.0550904
0.0531143
0.0521193
0.0506623
0.048843
0.0467505
0.0425098
0.0400409
0.0374983
0.0349322
0.03238
0.0277849
0.0253426
0.0229924
0.0207461
0.0186208
0.0166199
0.0126944
0.0109741
0.0093794
0.00789797
0.00653515
0.00379924
0.00335011
0.00296432
0.00293542
0.00318969
0.00283063
0.00342319
0.00393797
0.00438292
0.00475389
0.005056
0.00664828
0.00677207
0.00684329
0.0068616
0.00683003
0.00787021
0.00772159
0.00754569
0.00735279
0.00712771
0.00777255
0.00747742
0.00717767
0.00688055
0.00658052
0.00629261
0.00667688
0.00639591
0.00613986
0.00649659
0.00706818
0.00700259
0.00774399
0.00857273
0.00949665
0.0105217
0.0109946
0.0122481
0.0136118
0.0150843
0.0166619
0.0183429
0.0194938
0.0213513
0.023276
0.0252374
0.027214
0.0286285
0.0305798
0.0324705
0.0342617
0.0359002
0.0369283
0.0410619
0.0457422
0.0507271
0.0559905
0.061501
0.0665794
0.0727992
0.0793862
0.0862583
0.0933443
0.0996549
0.106897
0.114048
0.120937
0.132125
0.149799
0.170393
0.191299
0.212152
0.232478
0.258167
0.288802
0.32342
0.356137
0.384464
0.404983
0.413916
0.412856
0.402357
0.386199
0.367157
0.349526
0.329187
0.309396
0.290667
0.275958
0.260062
0.2478
0.227806
0.20274
0.174414
0.144422
0.114363
0.0844353
0.0559848
0.0295138
0.0458161
0.0678582
0.0909548
0.114731
0.139359
0.164898
0.191363
0.216794
0.244854
0.273759
0.303445
0.333824
0.362216
0.393554
0.425203
0.456952
0.488472
0.516659
0.546063
0.572652
0.594313
0.608309
0.612374
0.608545
0.594865
0.574843
0.550697
0.524171
0.500868
0.472972
0.44539
0.418534
0.392665
0.371639
0.3478
0.325005
0.303285
0.282659
0.263149
0.247548
0.230208
0.214091
0.199199
0.192995
0.187447
0.181483
0.175608
0.169831
0.16414
0.158977
0.153423
0.147927
0.142455
0.136944
0.131351
0.126203
0.120513
0.114785
0.109052
0.103332
0.101182
0.100361
0.0995963
0.0988506
0.0980866
0.0975245
0.0966224
0.0956105
0.0945011
0.0932724
0.0919045
0.0907185
0.0891163
0.087384
0.0855362
0.0835847
0.0818702
0.0797148
0.0774781
0.0751677
0.0728339
0.0719699
0.0706928
0.0693555
0.067954
0.0664898
0.0649845
0.063766
0.062178
0.0605541
0.0588873
0.0571796
0.0557579
0.0539824
0.0521675
0.0503091
0.0484072
0.0467779
0.0447823
0.042732
0.0406227
0.0384535
0.0362163
0.034249
0.0318993
0.029472
0.0269133
0.0255201
0.025735
0.0250489
0.0232822
0.0208254
0.0184014
0.000755355
0.00252423
0.0159823
0.0300493
0.0412193
0.0453565
0.0520372
0.0574893
0.0620072
0.0657834
0.0624705
0.0650018
0.0671458
0.0689386
0.070399
0.0715236
0.0657934
0.0664046
0.0666989
0.0666788
0.0674386
0.0640973
0.0680686
0.0717684
0.0751961
0.078327
0.072957
0.0755825
0.0779942
0.0801602
0.0821042
0.083793
0.0778735
0.0792835
0.0804012
0.0811848
0.0816083
0.0758724
0.075776
0.0751524
0.0739859
0.0722664
0.066429
0.064111
0.0613027
0.0580296
0.0543566
0.0503235
0.0447959
0.0405883
0.0362083
0.0317121
0.0271567
0.0228343
0.0185818
0.0145609
0.015298
0.0158256
0.0146671
0.0174073
0.0199386
0.0222628
0.0243767
0.0262967
0.0244182
0.0260173
0.0274486
0.0287008
0.0298006
0.0275038
0.0283795
0.0290982
0.0296894
0.0301671
0.0277131
0.0279944
0.0281289
0.028177
0.0281634
0.0281081
0.0265277
0.0266997
0.0267929
0.0268104
0.0267531
0.0255153
0.0253683
0.0251606
0.0249043
0.0245922
0.0232846
0.0229218
0.0225234
0.0220937
0.0216357
0.02115
0.0198657
0.0193654
0.0188462
0.0183105
0.0177602
0.016558
0.0160083
0.0154489
0.0148797
0.014304
0.0132052
0.0126441
0.0120839
0.0115184
0.0109443
0.0103597
0.00938062
0.00881232
0.00824563
0.00767916
0.00710811
0.00622499
0.005652
0.00507747
0.00450096
0.00392319
0.00329213
0.00346498
0.00364447
0.00383161
0.0040281
0.00423717
0.00475751
0.00533825
0.00593643
0.00656135
0.00720578
0.00790085
0.00856574
0.00925086
0.00995378
0.0106779
0.0113846
0.0121386
0.0129063
0.0136937
0.014504
0.0153297
0.0160732
0.0169283
0.0177929
0.0186689
0.0343929
0.0368428
0.0463746
0.0514193
0.0552031
0.0577758
0.0567143
0.0616219
0.0690765
0.0759857
0.0823081
0.0880021
0.0873206
0.0913277
0.0945884
0.097052
0.098685
0.0931032
0.0930654
0.0922094
0.0906019
0.0882628
0.0798308
0.0766439
0.0730692
0.0691938
0.0651361
0.060983
0.0532352
0.0494837
0.0458715
0.042437
0.0392178
0.0340652
0.0327378
0.0318758
0.0310345
0.0301961
0.0283716
0.0276603
0.0269441
0.0262035
0.0254422
0.0246685
0.0234764
0.0227468
0.0219855
0.0211954
0.0203923
0.0195117
0.0187221
0.0179069
0.0170836
0.0162393
0.0155652
0.014739
0.0139093
0.0130988
0.012786
0.0124636
0.0126375
0.0122981
0.0119506
0.0116
0.0112196
0.0113878
0.0109969
0.0105905
0.0101857
0.00976089
0.00987478
0.00944366
0.00901941
0.00858148
0.00815314
0.00772315
0.00777435
0.0073431
0.00691212
0.00649945
0.00608618
0.00610067
0.00568836
0.00528167
0.00489053
0.00451136
0.00449371
0.0041156
0.00374723
0.00338453
0.00303858
0.0026959
0.00265178
0.00231011
0.00198685
0.00165967
0.00145471
0.00126908
0.00113072
0.00104235
0.000937692
0.000813176
0.000873026
0.00102708
0.00116112
0.00126622
0.00136281
0.00160283
0.00176173
0.00206723
0.00238097
0.00269325
0.00300262
0.00318393
0.00349545
0.00379443
0.00409955
0.00439048
0.00457389
0.00485715
0.00512198
0.00537496
0.00577742
0.00619409
0.00659398
0.00700538
0.00742506
0.00782029
0.00820732
0.00853417
0.00888283
0.00970214
0.0112091
0.0128674
0.014335
0.0162741
0.0183794
0.020662
0.0231136
0.0257601
0.0281208
0.0311195
0.0343138
0.0377076
0.0412914
0.0445025
0.0261664
0.0342155
0.0496664
0.0576679
0.0580787
0.0581576
0.0561711
0.0528023
0.0484922
0.0436314
0.0348752
0.0296765
0.0264289
0.0258933
0.0254201
0.0224809
0.0220311
0.0216309
0.0212717
0.0209821
0.0180371
0.0178939
0.0178367
0.0178628
0.0179687
0.0181162
0.0171146
0.0169627
0.0165791
0.0164945
0.0167286
0.0146733
0.0149091
0.0150863
0.0151952
0.015235
0.0133827
0.0133769
0.0136926
0.0143545
0.0149244
0.0153971
0.0136687
0.0139897
0.0142125
0.0143607
0.0144399
0.0125295
0.012495
0.0124192
0.0122983
0.0121456
0.0102281
0.0100679
0.00989417
0.0097117
0.00951081
0.00929911
0.00998117
0.0101264
0.0102379
0.0103213
0.0103905
0.0109621
0.0109641
0.0109248
0.0108697
0.010796
0.0111591
0.0110259
0.0108701
0.0106999
0.0105017
0.0102924
0.0104229
0.0101695
0.00989693
0.00960471
0.00929844
0.0092704
0.00891513
0.008554
0.00818633
0.00778954
0.0076238
0.00719938
0.00675226
0.00629608
0.00581886
0.00544455
0.00610871
0.00599308
0.00588976
0.00578738
0.0056809
0.00621856
0.00610091
0.00599
0.00588529
0.00576307
0.00617003
0.00601368
0.00585421
0.00567599
0.00547511
0.0053028
0.0056645
0.00574356
0.00655091
0.00736389
0.00817521
0.00884429
0.00965855
0.0104528
0.0112428
0.0120123
0.0126276
0.0133479
0.0140235
0.0146566
0.0152366
0.0157534
0.0161212
0.0165037
0.016794
0.0169772
0.0170495
0.0169898
0.0192696
0.022476
0.0316099
0.0362175
0.0415229
0.0421589
0.0446721
0.0483361
0.0504824
0.0515983
0.0502079
0.0498797
0.0490574
0.0478348
0.0462954
0.0424925
0.0404589
0.0382719
0.0359694
0.0335802
0.0290434
0.026579
0.0241224
0.0216956
0.019319
0.0170086
0.0127657
0.0106401
0.008601
0.00665652
0.00587846
0.00451601
0.00433762
0.00419279
0.00428484
0.00486696
0.00738933
0.00832364
0.00924638
0.0100651
0.0107837
0.0114074
0.0132621
0.013673
0.014003
0.0142507
0.0144316
0.0156499
0.0156937
0.0156906
0.0156386
0.015548
0.0163132
0.0161342
0.0159465
0.0157369
0.0155118
0.0152865
0.0156983
0.0154399
0.0151803
0.0149256
0.0146518
0.0148484
0.0145137
0.014142
0.0136975
0.0131607
0.0129399
0.0121806
0.0112785
0.0101972
0.00891715
0.00774959
0.0087734
0.0105562
0.0124784
0.0145273
0.0166971
0.0183651
0.0206976
0.023071
0.0254596
0.0296124
0.0353463
0.0424698
0.050201
0.0585441
0.0674957
0.0770582
0.0860229
0.0972363
0.109258
0.121604
0.133943
0.144534
0.156233
0.16734
0.177663
0.186991
0.194137
0.200848
0.20566
0.227457
0.252674
0.276348
0.294874
0.311762
0.339566
0.361845
0.375503
0.379594
0.376253
0.366837
0.353603
0.338289
0.324144
0.307824
0.291944
0.276947
0.265791
0.253275
0.243825
0.226839
0.204501
0.178534
0.150481
0.121719
0.0927851
0.0647791
0.0522698
0.074897
0.0975395
0.121069
0.144911
0.169144
0.193825
0.218987
0.242966
0.269073
0.295746
0.322946
0.350629
0.376526
0.404896
0.433491
0.462118
0.490481
0.515917
0.542284
0.566175
0.585932
0.599446
0.604803
0.603237
0.592629
0.57548
0.553639
0.52876
0.506419
0.479213
0.452046
0.425472
0.399855
0.379114
0.355829
0.333917
0.316399
0.314745
0.312882
0.31062
0.307874
0.304544
0.300642
0.296231
0.291727
0.286523
0.280937
0.274993
0.268692
0.262643
0.255711
0.248523
0.241149
0.233647
0.226051
0.219153
0.211493
0.203857
0.196279
0.188773
0.182119
0.174819
0.16764
0.160594
0.153694
0.14764
0.141034
0.134586
0.128296
0.122167
0.116201
0.111001
0.105341
0.099834
0.0944825
0.0892716
0.0847431
0.0797954
0.0749766
0.0702796
0.0656972
0.061713
0.057341
0.0530831
0.0489257
0.0448813
0.0409429
0.0375252
0.0337774
0.0301607
0.0266578
0.0232922
0.0204202
0.018761
0.0173273
0.0157803
0.0140841
0.0124878
0.0104592
0.00820938
0.00571588
0.00384031
0.00229515
0.00289653
0.00643685
0.0102154
0.0141293
0.0179479
0.0204179
0.0210352
0.0196341
0.0169859
0.0142343
0.000755355
0.00251807
0.0159154
0.0300567
0.0414468
0.0458594
0.0529352
0.0588455
0.0638571
0.0681433
0.0652644
0.0682411
0.0707489
0.0727954
0.0743826
0.0754965
0.0696298
0.0699387
0.0697722
0.0691421
0.0687146
0.0653076
0.0690806
0.0724339
0.0753537
0.0778258
0.0717525
0.0734546
0.074828
0.0758898
0.0767035
0.0772571
0.070391
0.0708145
0.0711252
0.0712847
0.0713158
0.0654257
0.065382
0.0650634
0.0644893
0.0636076
0.058694
0.0576357
0.0562558
0.0545674
0.0525853
0.0503394
0.0464234
0.0441011
0.0416205
0.0390119
0.0363375
0.0336428
0.0312093
0.028814
0.0264746
0.024199
0.0228716
0.0208857
0.0189879
0.0171879
0.015481
0.0138557
0.0136368
0.0122233
0.0108632
0.00958812
0.00836469
0.00868241
0.00760146
0.00678945
0.00613891
0.00553177
0.00782111
0.00725618
0.0067327
0.006248
0.00582187
0.00540222
0.00738466
0.0069534
0.00655976
0.00620225
0.00588456
0.00758485
0.00724596
0.0069451
0.00667067
0.00641997
0.00784226
0.00756748
0.00732359
0.00709061
0.00714156
0.00725336
0.00763968
0.0075649
0.00767662
0.00779241
0.0079121
0.00805002
0.00816236
0.00828059
0.00840205
0.00852342
0.00861894
0.00873509
0.00886251
0.00900057
0.00914308
0.00928804
0.00938261
0.00953308
0.00968587
0.00984393
0.0100081
0.0101081
0.0102714
0.0104327
0.0105968
0.0107651
0.0108596
0.0110179
0.0111794
0.0113468
0.0115174
0.0116906
0.0117882
0.0119613
0.0121365
0.0122934
0.0124425
0.0125264
0.0126704
0.0128138
0.0129507
0.0133988
0.0138698
0.0143532
0.0148532
0.0153678
0.0158985
0.0164381
0.0169266
0.0174814
0.018056
0.0186522
0.0409759
0.0435385
0.053227
0.0583588
0.06218
0.064753
0.0636714
0.0646598
0.0702954
0.07728
0.0836845
0.0894823
0.0889018
0.0930582
0.0964981
0.0991864
0.101075
0.095758
0.0960235
0.0955033
0.0942025
0.0922098
0.0840249
0.0811399
0.0778319
0.0742137
0.070398
0.0664908
0.0589208
0.055359
0.0519079
0.0507651
0.0498986
0.0473702
0.0467348
0.0461364
0.0455776
0.0450461
0.0435067
0.0431332
0.0427666
0.0423817
0.0419782
0.0415551
0.0406565
0.040236
0.0397509
0.0391983
0.0385904
0.0378434
0.0371658
0.0364191
0.0356246
0.0347701
0.0340586
0.0331589
0.0322257
0.0312482
0.0302555
0.0292363
0.0285663
0.0275503
0.0265169
0.0254701
0.0244399
0.0238451
0.0228267
0.0218201
0.0208194
0.0198445
0.0193585
0.0184182
0.0176881
0.0172231
0.0167569
0.0162786
0.01628
0.0157824
0.0152725
0.0147695
0.0142562
0.0141752
0.0136468
0.0131163
0.0125952
0.0120791
0.0119371
0.0114116
0.0108919
0.0103722
0.00986429
0.00935296
0.00915894
0.00864196
0.00814194
0.00763506
0.00714131
0.00690667
0.00641474
0.00591998
0.00543481
0.00518376
0.00480595
0.00454914
0.00435494
0.00429601
0.00422867
0.00412472
0.00406305
0.00392305
0.00376202
0.0035698
0.00334599
0.00319235
0.00291114
0.0025846
0.00223013
0.00182374
0.0020488
0.00244259
0.00281353
0.00316982
0.00353578
0.00404679
0.00452871
0.00503256
0.00554509
0.00603364
0.0065159
0.00725991
0.00862433
0.0101215
0.011727
0.0134797
0.015023
0.0170432
0.019224
0.0215737
0.0240893
0.0268009
0.0292199
0.0322906
0.0355685
0.0390525
0.0427374
0.0460455
0.0278243
0.0359263
0.0514457
0.0594339
0.0597479
0.0596515
0.0574365
0.0538124
0.049224
0.0440254
0.0349392
0.0292888
0.0262096
0.0248876
0.0235612
0.019835
0.0185309
0.0173226
0.0162779
0.015365
0.0119626
0.0121243
0.0133115
0.0141879
0.0148195
0.0151899
0.015751
0.0156429
0.0153882
0.0149718
0.0144119
0.0135352
0.0126115
0.0115986
0.0105542
0.0104807
0.0089379
0.0092686
0.0095001
0.00963799
0.00968387
0.00963984
0.00812406
0.00865421
0.0090939
0.00943708
0.00968853
0.00792637
0.00806424
0.00816226
0.00821188
0.00822483
0.00684787
0.00711945
0.00735069
0.00755116
0.00771374
0.00784277
0.00860555
0.0086758
0.00872123
0.00875119
0.00877639
0.00932012
0.00930302
0.00925812
0.00921068
0.00915956
0.00955174
0.00946251
0.00935892
0.00924388
0.0091007
0.00894644
0.0091221
0.00892045
0.00895439
0.00903802
0.00909152
0.00922566
0.00918435
0.00910974
0.00900739
0.0088553
0.00876531
0.00854782
0.00828701
0.00800294
0.0076871
0.00734913
0.00707435
0.00670451
0.00631874
0.00592715
0.00596315
0.00657729
0.00665398
0.00673177
0.00681488
0.00688142
0.00736922
0.00740317
0.00744681
0.00748762
0.00754282
0.00762256
0.00801918
0.00809602
0.00846471
0.00924186
0.00999288
0.0105925
0.0113089
0.011983
0.0126267
0.0132177
0.0136485
0.0141225
0.0145096
0.014809
0.015017
0.0151261
0.0151015
0.0149828
0.0147192
0.0145574
0.0170128
0.0192866
0.0223402
0.0257258
0.035105
0.0399657
0.0452222
0.0457728
0.0480904
0.0512171
0.0527149
0.0531186
0.051082
0.0500173
0.0484876
0.0465889
0.0444112
0.0400919
0.0375165
0.0348426
0.032108
0.0293514
0.0245509
0.0218485
0.0192042
0.0166382
0.0157385
0.0151322
0.0132691
0.0127721
0.0123194
0.0119078
0.0115359
0.0101055
0.00987974
0.0103049
0.010729
0.0111463
0.0111111
0.0119311
0.0126528
0.0132815
0.0138207
0.0142752
0.0159881
0.0162305
0.0163988
0.0164971
0.0165355
0.0176159
0.0174881
0.0173189
0.0171131
0.0168727
0.0174883
0.0171336
0.0167503
0.0163508
0.0159371
0.0155348
0.0157781
0.0153209
0.0148881
0.0144735
0.0140746
0.0141738
0.0137064
0.0141992
0.0148684
0.0156439
0.0158961
0.0168862
0.0179706
0.0191473
0.0204116
0.021763
0.0226151
0.0241138
0.0256593
0.0272317
0.0288133
0.0298783
0.0314241
0.0329002
0.0342682
0.0354921
0.0373358
0.0416736
0.0463694
0.0514227
0.0568172
0.0625224
0.0678124
0.0743133
0.0812088
0.0883932
0.0957681
0.1023
0.109742
0.11703
0.123999
0.140205
0.158164
0.179037
0.200156
0.221122
0.241402
0.268336
0.299034
0.333308
0.364943
0.39106
0.408001
0.413007
0.40768
0.393795
0.375247
0.354342
0.335421
0.313849
0.292998
0.273322
0.257756
0.241096
0.228225
0.207612
0.182006
0.153202
0.122822
0.0924671
0.0622357
0.0334904
0.0331052
0.0560243
0.0783422
0.101678
0.125602
0.150259
0.17573
0.202057
0.227331
0.255168
0.283779
0.313104
0.343061
0.371036
0.401842
0.432845
0.463812
0.49439
0.521589
0.549599
0.574428
0.593891
0.605353
0.606922
0.601256
0.586015
0.564938
0.540109
0.513096
0.489366
0.46082
0.432271
0.404039
0.376321
0.353296
0.326857
0.30125
0.276554
0.252849
0.230217
0.211877
0.1914
0.172165
0.159625
0.151503
0.144244
0.136433
0.128826
0.121439
0.114277
0.10795
0.101207
0.0946824
0.0893577
0.0867596
0.0835342
0.080413
0.0763114
0.0718978
0.0672669
0.0625137
0.0584211
0.0536253
0.0488878
0.0442525
0.0397762
0.0361179
0.0320412
0.0282146
0.0246389
0.0213314
0.0182842
0.0171896
0.0166932
0.0161487
0.0155728
0.0149662
0.0144923
0.0138175
0.0131058
0.0123695
0.0116132
0.0109962
0.0101855
0.00936224
0.00852513
0.00769165
0.00685884
0.00618057
0.00535038
0.0045314
0.0037185
0.00302121
0.00279066
0.00258039
0.00274377
0.00299078
0.00317475
0.00329116
0.00331795
0.00321598
0.00296615
0.00254282
0.00224721
0.00213759
0.00260672
0.00354709
0.00471793
0.00618556
0.00739659
0.00803982
0.0076969
0.00670461
0.00572886
0.000755355
0.00252423
0.0159823
0.0300493
0.0412236
0.0453744
0.0520837
0.0575766
0.0621435
0.0659857
0.0627381
0.0653467
0.0675648
0.0694193
0.0709288
0.0720901
0.066377
0.0669881
0.0672634
0.0671987
0.067948
0.0646901
0.0687431
0.0725092
0.0759785
0.0791273
0.0737547
0.0763597
0.0787309
0.0808347
0.0826994
0.0842915
0.0782759
0.079566
0.0805604
0.0812304
0.0815777
0.0758468
0.0758208
0.0753365
0.0743754
0.0729091
0.0673084
0.0652789
0.0627434
0.0597192
0.0562344
0.0523198
0.0468177
0.0425368
0.0379514
0.0330986
0.0280223
0.0231007
0.018911
0.0204753
0.0253196
0.0301261
0.0307341
0.0353795
0.0398376
0.0440757
0.0480479
0.0517309
0.0513031
0.0544571
0.057328
0.0599055
0.0622211
0.0608983
0.0627852
0.0644133
0.0658143
0.0670025
0.0650993
0.0659639
0.0666423
0.0671469
0.0674679
0.0676546
0.065363
0.0652921
0.0650219
0.0645477
0.0638653
0.0611415
0.0601621
0.0589904
0.0576383
0.0561323
0.0530999
0.0514849
0.0498089
0.0480746
0.0462945
0.0444705
0.041572
0.0397498
0.0379591
0.0368723
0.0357642
0.0340727
0.0329637
0.0318462
0.0307212
0.029592
0.0280116
0.026904
0.0258018
0.0247044
0.0236128
0.0225303
0.0211253
0.0200829
0.0190497
0.0180256
0.0170081
0.0157504
0.0147704
0.0138048
0.0128472
0.0118955
0.0107706
0.00984333
0.00892155
0.00837186
0.00862022
0.00882934
0.008999
0.00989334
0.010917
0.0119288
0.0129277
0.0139074
0.0148739
0.0158362
0.0167893
0.0177387
0.0186218
0.0195523
0.0204758
0.0213993
0.022325
0.0232545
0.0240788
0.0250151
0.0259605
0.0269087
0.0200392
0.0223725
0.0318368
0.0368992
0.0407909
0.0437451
0.0495188
0.057355
0.0647546
0.0716543
0.0780026
0.0837575
0.0831432
0.0872427
0.0905944
0.0931485
0.0948598
0.0893457
0.0893443
0.0885013
0.0868511
0.0844536
0.0759104
0.0726152
0.0689258
0.064986
0.060881
0.0567527
0.0490471
0.0453972
0.041931
0.0386817
0.0356532
0.0325095
0.0318853
0.0312243
0.0305599
0.0298665
0.0281713
0.0276086
0.0270576
0.026489
0.0259114
0.025324
0.0242981
0.0237552
0.0231781
0.0225661
0.0219372
0.0212041
0.0205793
0.019924
0.019257
0.0185651
0.0180217
0.0173422
0.0166558
0.0159495
0.01525
0.014544
0.0141616
0.0134892
0.0128118
0.0121337
0.0114824
0.0112276
0.0106043
0.0100304
0.00976055
0.00947338
0.00970713
0.00941357
0.00912423
0.00882126
0.00852435
0.00822412
0.00838524
0.00807664
0.00776227
0.00746364
0.00715888
0.00726641
0.00695504
0.00664488
0.00634352
0.00604969
0.00610086
0.00579773
0.00549806
0.00519978
0.00491221
0.00462265
0.00461898
0.00431941
0.00408731
0.00405807
0.00401332
0.00374201
0.00367112
0.00357054
0.00363826
0.00370282
0.0037258
0.00376842
0.00379382
0.0037909
0.00378005
0.00373035
0.00371681
0.00362988
0.00352193
0.0033804
0.0032068
0.00309439
0.00285815
0.00257214
0.00225699
0.00245979
0.00266585
0.00297671
0.0032705
0.00355376
0.00394702
0.0044072
0.00484593
0.00530138
0.00576585
0.0062077
0.00664543
0.00701804
0.0081945
0.00967499
0.0112598
0.0129877
0.0145034
0.0164861
0.0186228
0.0209162
0.0233609
0.0259783
0.0282891
0.0312103
0.0343117
0.0375959
0.041048
0.0441262
0.0256114
0.033562
0.0491579
0.0574224
0.0581616
0.0587258
0.0573062
0.0545454
0.0508588
0.0465821
0.0382962
0.0335739
0.0288992
0.0249772
0.023922
0.0204447
0.0193721
0.0183705
0.0174739
0.0166778
0.013333
0.0127703
0.0123346
0.0120142
0.011804
0.0116807
0.0119982
0.0122369
0.0123167
0.0122448
0.0120573
0.011553
0.0110698
0.0104923
0.0098238
0.00908418
0.00776229
0.00689893
0.00686446
0.00683059
0.00672922
0.00707792
0.0054875
0.00597834
0.00638497
0.00671745
0.00697502
0.00522269
0.00537609
0.00548523
0.00553846
0.00554918
0.00629784
0.00674396
0.00716083
0.0075531
0.00791492
0.00824407
0.00918148
0.00944663
0.00967645
0.00987562
0.0100596
0.0107324
0.0108563
0.010944
0.0110163
0.0110686
0.0115407
0.0115312
0.0114991
0.0114524
0.0113768
0.0112896
0.0115261
0.011393
0.0112389
0.0110649
0.0108758
0.0109482
0.0107053
0.0104535
0.010189
0.00988561
0.00979575
0.0094819
0.00940469
0.00931214
0.00921057
0.00908731
0.00971031
0.00952606
0.00933736
0.00913662
0.00891628
0.00934351
0.00909038
0.00883117
0.00856405
0.00827409
0.00853195
0.00819781
0.00785346
0.00748173
0.00708423
0.0066739
0.00667798
0.00618231
0.0056626
0.00586941
0.00634953
0.00707572
0.00795549
0.00882043
0.00969313
0.0105588
0.01127
0.01211
0.0129134
0.0136829
0.0144054
0.0150648
0.0155523
0.0160573
0.0164516
0.0167251
0.0168724
0.0188609
0.0219285
0.0252604
0.0345282
0.0392697
0.0444889
0.0450609
0.0461937
0.0498413
0.0520223
0.0532236
0.0519406
0.0517738
0.0511527
0.0501534
0.0488385
0.0452325
0.043433
0.0414918
0.0394503
0.0373409
0.0330637
0.0309074
0.0287732
0.0266806
0.024645
0.0226785
0.018744
0.016979
0.0153054
0.013721
0.0122176
0.00892873
0.00762945
0.00640782
0.00526437
0.0041916
0.00226353
0.00198587
0.0019613
0.00208595
0.00218123
0.00225659
0.0036714
0.00400007
0.0042511
0.00444093
0.00457155
0.00574587
0.00573741
0.00570511
0.00561588
0.00548436
0.00621147
0.00603253
0.00588891
0.00610786
0.00660875
0.00715942
0.00786598
0.00844403
0.0090142
0.00956539
0.0100814
0.0106101
0.0109934
0.0112943
0.0114733
0.0115004
0.0114595
0.0111295
0.0105738
0.00976779
0.00927772
0.0107365
0.011478
0.0130483
0.0146353
0.0162225
0.0177865
0.0186654
0.0201421
0.0215103
0.023171
0.027851
0.0333639
0.0402184
0.0476634
0.0556987
0.0643157
0.0735097
0.0821214
0.0928586
0.104346
0.11615
0.127974
0.13816
0.149456
0.16023
0.170292
0.179422
0.186448
0.193079
0.197882
0.21988
0.2446
0.267803
0.285978
0.313615
0.342464
0.365146
0.378968
0.382828
0.378843
0.368112
0.353545
0.336662
0.321197
0.303333
0.285932
0.269427
0.25679
0.242813
0.232094
0.213666
0.189908
0.162571
0.133228
0.103442
0.0734739
0.0489921
0.0528535
0.0746185
0.096459
0.118911
0.141549
0.164507
0.187905
0.211828
0.234777
0.259764
0.285367
0.311573
0.338346
0.36351
0.391128
0.419073
0.447199
0.47529
0.500783
0.527756
0.553195
0.575942
0.594321
0.606261
0.61106
0.607229
0.595553
0.577674
0.555382
0.534343
0.507714
0.480306
0.452787
0.425616
0.403062
0.377244
0.352368
0.328429
0.305394
0.283247
0.265425
0.259107
0.25243
0.245417
0.238083
0.231159
0.223311
0.215231
0.206941
0.19845
0.19065
0.181931
0.173162
0.16439
0.155651
0.146988
0.139302
0.130902
0.122684
0.114677
0.106896
0.100134
0.0928538
0.0858709
0.0791865
0.0728268
0.0673797
0.0616262
0.0561832
0.0510693
0.0462675
0.0417911
0.0380053
0.0340934
0.0304657
0.0271188
0.0240223
0.0214197
0.0187492
0.0162905
0.0140125
0.011911
0.0101234
0.0089809
0.0083314
0.0081615
0.0085358
0.00893053
0.00937577
0.00972921
0.0100361
0.0103318
0.0105653
0.0108452
0.0109765
0.0110518
0.0110379
0.0109356
0.0108109
0.010492
0.0100348
0.0094524
0.00884017
0.00881985
0.00869721
0.0083795
0.00817448
0.010471
0.01301
0.0150456
0.0157732
0.0148847
0.0128913
0.0106614
0.000755355
0.00251807
0.0159154
0.0300567
0.0414468
0.0458593
0.0529338
0.0588442
0.0638521
0.0681257
0.0652336
0.0681922
0.0706862
0.0727209
0.0742983
0.075408
0.0695447
0.0698694
0.0697274
0.0691302
0.0686675
0.0652486
0.069003
0.0723335
0.0752294
0.0776764
0.0715832
0.0732655
0.0746266
0.0756799
0.0765036
0.0771187
0.0703586
0.0709557
0.0714452
0.0717799
0.071953
0.0661632
0.0661799
0.0658519
0.0651924
0.0641889
0.0591281
0.057877
0.0562977
0.0544181
0.0522646
0.0498644
0.0458331
0.0433972
0.0408264
0.0381532
0.0354073
0.0326227
0.0300841
0.0275638
0.0250844
0.0226901
0.0212777
0.0192471
0.0173273
0.0155051
0.0137879
0.0121664
0.011953
0.0105478
0.00919827
0.00793894
0.00675013
0.00914376
0.00830307
0.00754888
0.00687602
0.00626145
0.0085342
0.00794096
0.00738181
0.00685933
0.00641416
0.00600518
0.00800879
0.00760166
0.00722554
0.00688188
0.00658169
0.00830539
0.0079919
0.00771314
0.00747317
0.00728694
0.00874087
0.00851384
0.00832446
0.00818267
0.00807102
0.00816745
0.00919087
0.00908534
0.00901109
0.00896567
0.00892322
0.00987193
0.00969222
0.00946391
0.00921038
0.00899546
0.00952427
0.00923498
0.0093476
0.00950247
0.00966632
0.00983983
0.00996663
0.0101652
0.0103729
0.0105876
0.0108136
0.0109762
0.0112226
0.0114807
0.0117593
0.0120535
0.0122652
0.0125646
0.0128837
0.0132363
0.0135931
0.0139545
0.0142289
0.0146001
0.0149705
0.0153346
0.0156942
0.015962
0.0163227
0.0166901
0.0170632
0.0174446
0.0177274
0.0180865
0.0184165
0.0187136
0.0189802
0.0193988
0.0202082
0.0211425
0.0220823
0.0230155
0.0449021
0.0474802
0.0568132
0.0614678
0.0646891
0.0665569
0.0648032
0.067237
0.0739039
0.0798093
0.0849313
0.0892617
0.0872601
0.0896357
0.0911456
0.0917941
0.0915751
0.0843739
0.0824916
0.0798645
0.0765681
0.0727185
0.0630974
0.0587874
0.0543387
0.0498727
0.0454759
0.0412358
0.0340894
0.0328184
0.0315833
0.0303979
0.0292609
0.0265074
0.0256199
0.0247557
0.0239178
0.0230894
0.0212817
0.0205887
0.0199029
0.0191944
0.0184724
0.0177438
0.0165941
0.0159164
0.0152141
0.0144953
0.013786
0.0131222
0.01253
0.0119088
0.0112854
0.0106424
0.0120042
0.0112886
0.0106021
0.00990498
0.00922154
0.00854759
0.00943668
0.00873514
0.00804372
0.00753178
0.00720599
0.00826952
0.00788461
0.00750121
0.00713169
0.00675303
0.00746866
0.00705682
0.00666258
0.00626576
0.00588976
0.00552423
0.00593831
0.00554841
0.00516554
0.0048123
0.00446683
0.00469761
0.00433712
0.00415133
0.00397097
0.00379502
0.00394527
0.003747
0.00354626
0.00334138
0.00314374
0.00293781
0.00300134
0.00276902
0.00254324
0.00230397
0.0020722
0.00206586
0.00183401
0.00159763
0.00136536
0.00112475
0.00105834
0.000973261
0.000892158
0.00079832
0.000715607
0.000617907
0.000793146
0.000714944
0.000820709
0.00108169
0.00133167
0.00145664
0.0017167
0.00198789
0.00227581
0.00255524
0.0027314
0.00300591
0.00325727
0.00349117
0.00370767
0.00388266
0.00400217
0.00427611
0.00455635
0.00480919
0.00505269
0.00525347
0.00545049
0.00559637
0.00582603
0.00688028
0.00777837
0.00901605
0.0103637
0.0118173
0.0133648
0.0150353
0.0164774
0.0183488
0.0203259
0.0224032
0.0245743
0.026471
0.00660273
0.0134656
0.0293569
0.0387384
0.0408485
0.0432031
0.0436904
0.0428718
0.0410803
0.0385858
0.0317349
0.0284829
0.0250518
0.0215678
0.0181397
0.0117062
0.0110431
0.0104082
0.00981719
0.00929634
0.00614829
0.00579775
0.00658247
0.00772636
0.00872474
0.00957375
0.0105865
0.0110555
0.0113858
0.0115877
0.0116722
0.0114161
0.0112214
0.0109536
0.0106227
0.0102441
0.00924406
0.00875002
0.00823684
0.00772124
0.00719987
0.00667953
0.0053814
0.00486731
0.00436756
0.00386531
0.00364477
0.0020827
0.00188928
0.00228314
0.00264516
0.00298013
0.0014917
0.00181199
0.00211279
0.00239379
0.00264489
0.00287033
0.00366571
0.00395072
0.00421024
0.00444789
0.00467787
0.00539457
0.00556646
0.00570154
0.00582388
0.00593018
0.00645194
0.00650028
0.00652659
0.00654024
0.00652903
0.00650475
0.00679545
0.00677174
0.00684002
0.00690886
0.00697124
0.0081017
0.00815103
0.00818893
0.00821583
0.0082528
0.00919518
0.0091826
0.00916535
0.00913442
0.00909864
0.00904939
0.00974657
0.00965869
0.00956893
0.00946064
0.0093341
0.00984096
0.00967407
0.00949401
0.00930089
0.00908088
0.00939622
0.00912762
0.00960617
0.0100642
0.010496
0.0109165
0.0112687
0.0116228
0.011949
0.012232
0.0124617
0.012636
0.0127617
0.0128144
0.0128094
0.0127264
0.0126026
0.0123615
0.0120218
0.0128519
0.0137233
0.0145805
0.0152871
0.016103
0.016878
0.0175997
0.0182653
0.0187726
0.0192997
0.0220642
0.0307374
0.0354917
0.0415756
0.0432577
0.0423793
0.0459411
0.0484846
0.0501741
0.0493887
0.0498236
0.0498171
0.0494192
0.0486613
0.0454793
0.0440778
0.042429
0.0405699
0.0385315
0.0342241
0.0319196
0.0295207
0.0270474
0.0245216
0.0219619
0.0174277
0.0160917
0.0156047
0.0151406
0.0149499
0.0145181
0.0154146
0.0162613
0.0170557
0.0177846
0.0171351
0.0177382
0.0182482
0.0186666
0.0189868
0.0191957
0.0192987
0.0204407
0.0215004
0.0224701
0.0233567
0.0251624
0.0258548
0.0264874
0.0270767
0.0276248
0.028939
0.0294011
0.0298542
0.0303173
0.0307992
0.0313072
0.0323908
0.0329251
0.033511
0.0341402
0.0347799
0.035916
0.0384447
0.0407458
0.0427748
0.0444803
0.0457439
0.0466979
0.0471925
0.0471932
0.0466675
0.0455978
0.0442438
0.0421161
0.0394159
0.0361406
0.0322918
0.0284839
0.02357
0.0180745
0.0122535
0.0117645
0.0190506
0.0281916
0.0380444
0.0485964
0.0598321
0.0716932
0.0826781
0.0961828
0.109939
0.123519
0.136736
0.147767
0.159748
0.177227
0.19494
0.21186
0.225826
0.240557
0.253673
0.264786
0.273445
0.27913
0.281221
0.280962
0.302385
0.318481
0.328022
0.33073
0.327872
0.31995
0.312978
0.312251
0.309868
0.305882
0.301311
0.29668
0.294994
0.291178
0.288735
0.2791
0.263413
0.243419
0.220667
0.196038
0.171292
0.146998
0.133281
0.119265
0.106201
0.0924166
0.0791522
0.0666003
0.0549416
0.0442994
0.0356246
0.0312197
0.0306188
0.0298044
0.0289248
0.0295219
0.0287745
0.0282077
0.027831
0.0276533
0.0288502
0.0290003
0.0293118
0.0297546
0.0302995
0.0309198
0.0325139
0.0331591
0.0337957
0.0344046
0.0349639
0.0362489
0.0366295
0.0369107
0.0370851
0.0371492
0.0378151
0.0376513
0.0373854
0.0370226
0.0365634
0.0360191
0.0360053
0.0352781
0.0344731
0.0335966
0.0326529
0.0322014
0.0311202
0.0299819
0.0287973
0.0275703
0.0268072
0.02551
0.0241918
0.0228597
0.0215126
0.0201584
0.0192262
0.0178599
0.0164938
0.0151309
0.0137683
0.0127832
0.011438
0.0101167
0.00882068
0.00755335
0.00662726
0.00541383
0.00451854
0.00441833
0.00428325
0.00446513
0.00518523
0.00629197
0.00731446
0.00824741
0.00908242
0.00949872
0.0101553
0.0106993
0.0111333
0.011462
0.0114786
0.0116214
0.0116666
0.0116229
0.0114911
0.0112747
0.0111407
0.011425
0.0116285
0.0117494
0.011775
0.0116796
0.0115069
0.0112052
0.0107555
0.0101406
0.00942324
0.00844143
0.00723805
0.006051
0.00614049
0.00638548
0.00868531
0.0118414
0.0154029
0.0193538
0.0232441
0.0254307
0.0251109
0.021719
0.0164312
0.0112015
0.000755355
0.00252423
0.0159823
0.0300493
0.0412236
0.0453744
0.0520837
0.0575766
0.0621435
0.0659857
0.0627381
0.0653467
0.0675648
0.0694193
0.0709288
0.0720901
0.066377
0.0669881
0.0672634
0.0671987
0.067948
0.0646901
0.0687431
0.0725092
0.0759785
0.0791273
0.0737547
0.0763597
0.0787309
0.0808347
0.0826994
0.0842915
0.0782759
0.079566
0.0805604
0.0812304
0.0815777
0.0758468
0.0758208
0.0753365
0.0743754
0.0729091
0.0673084
0.0652789
0.0627434
0.0597192
0.0562344
0.0523198
0.0468177
0.0425368
0.0379514
0.0330986
0.0280223
0.0231007
0.018911
0.0204753
0.0253196
0.0301261
0.0307341
0.0353795
0.0398376
0.0440757
0.0480479
0.0517309
0.0513031
0.0544569
0.0573281
0.0599056
0.0622192
0.0608976
0.0627895
0.06443
0.0658473
0.0670508
0.0651664
0.0660523
0.0667509
0.0672908
0.0676647
0.0678971
0.0656519
0.0656737
0.0655552
0.0652982
0.0649009
0.0624825
0.0619081
0.0612012
0.0603607
0.0593853
0.0568097
0.0556931
0.0544862
0.0532015
0.0518599
0.0504677
0.0479368
0.0465198
0.0450676
0.0435899
0.0420975
0.039765
0.0382996
0.036829
0.0353615
0.0338935
0.0318135
0.0303887
0.028967
0.0275492
0.0261396
0.0247376
0.0229398
0.0215917
0.0202598
0.0189428
0.0176377
0.0160787
0.0148313
0.0135966
0.012381
0.0112675
0.0100106
0.00893326
0.00786124
0.00679511
0.00572911
0.00466499
0.00351802
0.00246179
0.00139427
0.00099574
0.00113778
0.00215392
0.0031652
0.00417086
0.00520338
0.00633799
0.00745818
0.00860842
0.00978896
0.0109788
0.0121615
0.0133467
0.0144878
0.0157197
0.0169911
0.0182972
0.0301923
0.0325214
0.0419526
0.0470468
0.0510057
0.0538408
0.0541557
0.0621268
0.0696719
0.0767221
0.0832235
0.089126
0.0886362
0.0928667
0.0963206
0.0989542
0.100725
0.0952426
0.095268
0.0944096
0.0927532
0.0903065
0.0817146
0.0782752
0.0743612
0.070088
0.0655912
0.0609815
0.0528281
0.0486211
0.0445783
0.0430725
0.0418687
0.038995
0.0379901
0.0369548
0.0359692
0.034973
0.0330368
0.0321969
0.0313812
0.030551
0.0297281
0.0288981
0.0276782
0.0269358
0.0261821
0.02542
0.0246644
0.0238393
0.0231242
0.0223922
0.0216597
0.0209122
0.020326
0.0196042
0.0188797
0.018138
0.0174033
0.0166622
0.0164668
0.0161699
0.0158477
0.0155042
0.0151682
0.0160086
0.0155879
0.0151707
0.0147483
0.0143388
0.0148878
0.0144388
0.013992
0.0135681
0.0131474
0.0127433
0.0130818
0.0126679
0.0122766
0.0118895
0.0115262
0.0117466
0.0113898
0.0110524
0.0107255
0.0104129
0.0105598
0.0102623
0.00998226
0.00982149
0.00969353
0.00956942
0.00966706
0.00952549
0.00939816
0.00927095
0.00916412
0.00917749
0.00907134
0.00896961
0.00887674
0.00880055
0.00876109
0.00869371
0.0086353
0.00859963
0.00856296
0.00855803
0.00851498
0.008529
0.00855261
0.0085966
0.0086546
0.00865119
0.008737
0.00885346
0.00898025
0.00914073
0.0092073
0.00940024
0.00962027
0.00986457
0.0101365
0.0104519
0.0106341
0.0110058
0.0113949
0.0118289
0.0122957
0.0126297
0.013163
0.0137492
0.0143557
0.0150091
0.015502
0.0162188
0.0169804
0.0177895
0.0186253
0.0195124
0.020211
0.0211635
0.0221513
0.0231718
0.0242076
0.0250387
0.00378965
0.00991947
0.0262686
0.0370398
0.0409392
0.0457668
0.0489834
0.0509876
0.0519778
0.0521014
0.0473372
0.0461619
0.0444626
0.0423284
0.0398579
0.033912
0.0312398
0.028471
0.0256701
0.0228956
0.0188878
0.0183278
0.0176974
0.0170184
0.0163224
0.0156004
0.0124123
0.0117743
0.011161
0.0105755
0.0100343
0.00736739
0.00698732
0.00664124
0.00633454
0.00606714
0.00459015
0.00491053
0.0052795
0.00559373
0.00585598
0.00616395
0.00826437
0.00834584
0.00871762
0.00906743
0.00940492
0.0113755
0.0117101
0.0120093
0.0122926
0.0125575
0.0144935
0.0147126
0.0149098
0.0150877
0.0152508
0.0153923
0.0171575
0.017239
0.0173096
0.0173653
0.0173956
0.0189799
0.0189583
0.0189419
0.0189059
0.0188575
0.0202126
0.0201173
0.0200145
0.0199001
0.0197872
0.0196584
0.0207612
0.020578
0.0203842
0.0201885
0.0199783
0.0208562
0.0206037
0.0203276
0.0200292
0.0203039
0.0208491
0.0212368
0.0216002
0.0219495
0.0222719
0.0225745
0.0229584
0.0232023
0.0234139
0.0236009
0.0237639
0.0239812
0.0240719
0.0241238
0.0241361
0.0241167
0.0241364
0.0240239
0.0238579
0.0236465
0.0233903
0.0230689
0.0228061
0.022383
0.0218897
0.0213398
0.0207358
0.020198
0.0196065
0.0206246
0.02167
0.0227559
0.023725
0.0248935
0.0261172
0.0273873
0.0287073
0.0300832
0.0313157
0.0328003
0.0343529
0.0359834
0.0376845
0.0392145
0.0410582
0.04298
0.0374483
0.0411823
0.0471649
0.049673
0.049902
0.0493276
0.0484385
0.0474463
0.0457087
0.0447844
0.0439052
0.0430639
0.0422493
0.0406376
0.0398245
0.039005
0.0381716
0.0373232
0.0354872
0.0345483
0.0335619
0.0325199
0.0314159
0.0302478
0.0279608
0.0266558
0.0276742
0.0291942
0.0307062
0.0340598
0.0354825
0.0368679
0.0382143
0.0395271
0.0423993
0.0435955
0.0447598
0.0459012
0.0470155
0.048096
0.0503969
0.0513749
0.0523431
0.0532937
0.054228
0.0561289
0.0569734
0.0578023
0.0586067
0.0593709
0.0608559
0.0614852
0.0620548
0.0625254
0.0628749
0.0631032
0.063875
0.0648296
0.0654783
0.065802
0.0657748
0.0655747
0.0648336
0.0637115
0.0622009
0.0603019
0.0584017
0.0557817
0.0534076
0.0519968
0.0503269
0.0484062
0.0469105
0.044499
0.0418596
0.0390185
0.0359768
0.0334522
0.0300192
0.0404933
0.0516445
0.0633601
0.0739588
0.0867301
0.100061
0.11395
0.128396
0.143378
0.157181
0.174456
0.192597
0.210676
0.228075
0.242427
0.257604
0.271201
0.283075
0.293077
0.300156
0.306296
0.310222
0.311849
0.315344
0.321621
0.32398
0.322828
0.317508
0.308307
0.295834
0.282874
0.268954
0.269493
0.272958
0.277579
0.280218
0.282034
0.283108
0.283847
0.287188
0.288017
0.289292
0.283525
0.271284
0.254351
0.234253
0.211644
0.1894
0.178035
0.165547
0.152324
0.139636
0.125959
0.112452
0.0993347
0.0867808
0.0749399
0.0649991
0.0549125
0.0457881
0.0376701
0.0346584
0.0362151
0.0364626
0.03677
0.0371606
0.0376637
0.0393897
0.0400697
0.0408327
0.0416607
0.0425294
0.0434116
0.0451904
0.0460024
0.0467589
0.0474366
0.0480125
0.0492761
0.0495985
0.049789
0.049836
0.0497347
0.0502232
0.0498203
0.0492759
0.0485884
0.047743
0.0467578
0.0463448
0.0451332
0.0438038
0.042361
0.0408114
0.0398018
0.0380531
0.0362239
0.034331
0.0323828
0.0309795
0.0289468
0.0268951
0.0248391
0.0227861
0.0207462
0.019233
0.017231
0.0152662
0.0133501
0.0114847
0.0100987
0.0083307
0.00663114
0.00570767
0.00528096
0.00478765
0.00430022
0.00377795
0.0032208
0.003703
0.0046888
0.00517005
0.00598402
0.00679068
0.0076284
0.00839183
0.00891161
0.00954564
0.010113
0.010616
0.0110534
0.011317
0.0116431
0.0119079
0.0121107
0.012243
0.0123094
0.0122617
0.0121983
0.0120563
0.0118331
0.0115199
0.0111342
0.0106435
0.0100288
0.00926566
0.00837249
0.00744399
0.0062604
0.00542569
0.00570165
0.00658815
0.00987916
0.0130942
0.0171807
0.0217046
0.0266367
0.0316726
0.0350125
0.0357268
0.0328515
0.0274408
0.0217292
0.000755355
0.00251807
0.0159154
0.0300567
0.0414468
0.0458593
0.0529338
0.0588442
0.0638521
0.0681257
0.0652336
0.0681922
0.0706862
0.0727209
0.0742983
0.075408
0.0695447
0.0698694
0.0697274
0.0691302
0.0686675
0.0652486
0.069003
0.0723335
0.0752294
0.0776764
0.0715832
0.0732655
0.0746266
0.0756799
0.0765036
0.0771187
0.0703586
0.0709557
0.0714452
0.0717799
0.071953
0.0661632
0.0661799
0.0658519
0.0651924
0.0641889
0.0591294
0.0578805
0.0563047
0.0544318
0.0522885
0.0499003
0.0458787
0.0434512
0.0408831
0.0382044
0.0354449
0.0326554
0.0301238
0.0276285
0.0252048
0.0228641
0.0214535
0.0193795
0.017391
0.0155147
0.0137447
0.0120681
0.0118035
0.0103484
0.00896135
0.00766647
0.00643335
0.0079345
0.00704937
0.00624301
0.00549003
0.00478531
0.00697873
0.00632036
0.00571518
0.00515097
0.00464372
0.00446214
0.00612056
0.00566342
0.00560243
0.00578542
0.00596096
0.00650139
0.00663684
0.00677107
0.00690287
0.00702521
0.00735575
0.00744645
0.00753514
0.00762355
0.00771256
0.00780141
0.00798059
0.00805241
0.00812835
0.00820911
0.00829184
0.00839566
0.00846578
0.00854112
0.00862429
0.0087184
0.00880498
0.00892074
0.00905032
0.00918682
0.00932187
0.00944918
0.00952342
0.00965783
0.00981821
0.00998737
0.0101595
0.0107202
0.0110821
0.0114769
0.0118961
0.0123441
0.0130634
0.0135368
0.014041
0.0145701
0.0151229
0.0156901
0.0163935
0.0169817
0.0175909
0.0182238
0.0188764
0.01958
0.0202571
0.0209534
0.0216634
0.0223912
0.0231041
0.0238571
0.0246167
0.0253849
0.0261607
0.0269406
0.027628
0.0284016
0.0291634
0.0299118
0.0366106
0.0391118
0.0485376
0.0533182
0.0567247
0.0588499
0.060967
0.068457
0.0753384
0.0815609
0.0870946
0.0919207
0.0904194
0.0934376
0.0956631
0.0970778
0.0976591
0.0911674
0.0900989
0.0882581
0.0856848
0.0824605
0.0733003
0.0693932
0.0652045
0.0608549
0.0564425
0.0520651
0.0442148
0.0404458
0.0369015
0.0335885
0.0305904
0.0279821
0.0272778
0.0265918
0.0259358
0.0252963
0.0236659
0.0231854
0.0227115
0.0222142
0.0216939
0.0211515
0.0201547
0.0196365
0.0190752
0.0184732
0.0178485
0.0171168
0.0164913
0.0158355
0.015169
0.0144802
0.0139434
0.0132753
0.0126065
0.011924
0.0112557
0.0105875
0.0102456
0.00962643
0.0091482
0.00898004
0.00878794
0.00912622
0.00893565
0.00873689
0.00854315
0.00833304
0.00863913
0.00843012
0.00823294
0.00802263
0.00782343
0.00762177
0.00787362
0.00766962
0.00746312
0.00727096
0.00707361
0.00726925
0.00705457
0.00683206
0.0066136
0.00639286
0.00650357
0.0062583
0.00600963
0.0057515
0.00549858
0.00523407
0.00524964
0.00496348
0.00468561
0.00439085
0.00409976
0.0040334
0.00372436
0.0034015
0.00307807
0.00286741
0.00298276
0.00307911
0.00321133
0.00331636
0.00341201
0.00346901
0.00354663
0.00356375
0.00355709
0.00351565
0.00343884
0.00340926
0.00326375
0.00306513
0.00282994
0.00294614
0.00323074
0.00371717
0.0042408
0.00477998
0.00533503
0.00588053
0.00639665
0.00694465
0.00750446
0.00804353
0.00857729
0.00903485
0.0095344
0.00999565
0.0109184
0.0128245
0.0145259
0.0167554
0.0191777
0.0218027
0.0246285
0.0276872
0.0304427
0.0339364
0.0376805
0.041682
0.0459372
0.049797
0.032279
0.0408754
0.0563137
0.0638221
0.0635212
0.0625823
0.0594457
0.0548671
0.049339
0.0432481
0.0334473
0.027827
0.0264551
0.0250835
0.0237368
0.0200181
0.0186741
0.0174113
0.0162435
0.0151845
0.0157566
0.0177065
0.0192536
0.0204137
0.0212189
0.0216666
0.0221911
0.021952
0.0214578
0.0207537
0.0198767
0.0187336
0.0174759
0.0160822
0.0145815
0.0133498
0.0118207
0.0111783
0.0105787
0.0100125
0.0094833
0.00898555
0.00707003
0.00709764
0.00762942
0.00807898
0.00843754
0.00676928
0.00724208
0.00816632
0.00901972
0.00980163
0.0112426
0.0119045
0.0125014
0.0130349
0.0134989
0.0138972
0.0148703
0.0151486
0.0153648
0.0155248
0.0156453
0.0162413
0.0162498
0.0161945
0.0160999
0.0159649
0.0162562
0.0160228
0.0157542
0.0154549
0.0151148
0.014758
0.0147617
0.0143671
0.0139547
0.0135888
0.0135335
0.0135803
0.0134488
0.0132925
0.0131111
0.0128892
0.0127453
0.0124818
0.0121894
0.0118817
0.0115453
0.0111871
0.0117422
0.011825
0.011912
0.0119884
0.0120445
0.0126137
0.0126377
0.0126647
0.0126958
0.0127161
0.0131714
0.0131852
0.0132102
0.0132329
0.0132575
0.0132883
0.0136202
0.0135958
0.0135651
0.0135042
0.0134079
0.0135473
0.0133623
0.0131137
0.0128168
0.0124551
0.0122706
0.0117609
0.0111412
0.0104067
0.00955028
0.00866904
0.00835384
0.00790725
0.00732223
0.00656994
0.00564886
0.00780275
0.0109593
0.014516
0.02591
0.0311217
0.0375211
0.0465279
0.051872
0.0546662
0.0558446
0.0559482
0.0536579
0.0523227
0.0505492
0.0484413
0.0460787
0.0416137
0.038893
0.0361041
0.0332944
0.0305013
0.02569
0.0230043
0.020411
0.0179235
0.0155553
0.0133206
0.00919713
0.0072597
0.00545819
0.0049896
0.004746
0.00341572
0.00326448
0.00354859
0.00428231
0.00514654
0.00756837
0.00818747
0.0087075
0.0091338
0.00946822
0.00972365
0.0112617
0.0113111
0.0112983
0.0112395
0.0111336
0.0121097
0.0118763
0.0116113
0.0113158
0.0109975
0.0115614
0.0111721
0.0107743
0.0103756
0.00996859
0.00956407
0.00983293
0.00941423
0.00901
0.00863919
0.00831258
0.00851343
0.00822374
0.00797229
0.00774249
0.00753411
0.00770404
0.00859667
0.00964667
0.0108248
0.0121343
0.0135785
0.0145569
0.0162586
0.0180736
0.0199879
0.0219945
0.0234979
0.0256215
0.0277598
0.0298854
0.0319635
0.0334729
0.0353741
0.0371112
0.038631
0.0398847
0.0426886
0.0470179
0.0524572
0.0583565
0.0646769
0.0713999
0.0775942
0.0849957
0.0926945
0.100603
0.108595
0.115543
0.123264
0.140198
0.158393
0.176847
0.195236
0.211034
0.23326
0.265554
0.297997
0.329302
0.354314
0.377639
0.392838
0.398655
0.396354
0.38991
0.379615
0.367873
0.355798
0.346719
0.335627
0.326962
0.310375
0.287939
0.261429
0.23246
0.202682
0.172498
0.143346
0.115947
0.0908421
0.0677941
0.0479483
0.0308354
0.0186811
0.00635503
0.00804566
0.0209965
0.0366398
0.0538892
0.0728211
0.0934357
0.114127
0.137696
0.162757
0.189216
0.21694
0.243327
0.273057
0.30373
0.335244
0.367505
0.400396
0.430617
0.464316
0.498224
0.532096
0.565552
0.594827
0.625279
0.651703
0.671037
0.679826
0.678332
0.665963
0.646116
0.62168
0.594834
0.567196
0.543806
0.51746
0.492673
0.469714
0.448683
0.432262
0.414679
0.39875
0.384346
0.371312
0.36126
0.350462
0.340726
0.331886
0.323734
0.315951
0.309565
0.302162
0.294823
0.287538
0.280236
0.274026
0.266626
0.25907
0.25146
0.243844
0.237304
0.229646
0.222006
0.214376
0.20673
0.199113
0.192594
0.185084
0.177653
0.170316
0.163042
0.156828
0.14971
0.142708
0.135829
0.129089
0.123346
0.11683
0.110455
0.104239
0.0983453
0.0954966
0.093052
0.0900323
0.0869424
0.0838162
0.080643
0.077931
0.0746757
0.0714094
0.0681247
0.0648571
0.0620864
0.0588613
0.0556598
0.0524923
0.0493552
0.0462581
0.0436026
0.0405157
0.0374106
0.0342708
0.0310748
0.0284369
0.0259372
0.0241644
0.0228705
0.021579
0.000755355
0.00252423
0.0159823
0.0300493
0.0412236
0.0453744
0.0520837
0.0575766
0.0621435
0.0659857
0.0627381
0.0653467
0.0675648
0.0694193
0.0709288
0.0720901
0.066377
0.0669881
0.0672634
0.0671987
0.067948
0.0646901
0.0687431
0.0725092
0.0759785
0.0791273
0.0737547
0.0763597
0.0787309
0.0808347
0.0826994
0.0842915
0.0782759
0.079566
0.0805604
0.0812304
0.0815777
0.0758468
0.0758208
0.0753365
0.0743754
0.0729091
0.0673084
0.0652789
0.0627434
0.0597192
0.0562344
0.0523198
0.0468177
0.0425368
0.0379514
0.0330986
0.0280223
0.0231007
0.018911
0.0204753
0.0253196
0.0301261
0.0307341
0.0353795
0.0398376
0.0440757
0.0480479
0.0517309
0.0513031
0.0544569
0.0573273
0.0599005
0.0622053
0.0608718
0.0627481
0.0643675
0.0657586
0.0669445
0.0650468
0.0659146
0.0665934
0.0671159
0.067474
0.067683
0.0653905
0.0653291
0.0651224
0.0647947
0.0643445
0.0618913
0.0612853
0.0605354
0.0596411
0.058619
0.0560227
0.0549064
0.0537169
0.0524566
0.0511353
0.0497708
0.0472693
0.0458868
0.0444732
0.0430366
0.0415854
0.039287
0.0378609
0.0364278
0.0349881
0.0335445
0.0314866
0.0300832
0.0286859
0.0273048
0.0259279
0.0245558
0.0227845
0.0214641
0.0201568
0.018862
0.0175773
0.0160346
0.0148
0.0135741
0.012367
0.0111693
0.00982472
0.00867005
0.00752166
0.00638627
0.00526506
0.0041564
0.00300126
0.00192204
0.000983298
0.000870526
0.00188032
0.00296843
0.00401674
0.00507088
0.00613415
0.00721036
0.00827156
0.0093089
0.010326
0.0113341
0.0123333
0.0133297
0.0142847
0.0152794
0.016287
0.0173063
0.0269951
0.0290288
0.0382188
0.0430443
0.0467222
0.0492806
0.0509967
0.0588086
0.066225
0.0731787
0.0796024
0.0854562
0.0849448
0.0891839
0.0926864
0.0954138
0.0972975
0.0919432
0.0921346
0.0914828
0.0900407
0.087834
0.0794502
0.0762881
0.072663
0.0687066
0.0645121
0.0601918
0.052303
0.0483694
0.0445887
0.0409675
0.0375661
0.0322504
0.0300601
0.0292561
0.028487
0.0277539
0.0260576
0.0255191
0.0249997
0.0244738
0.0239434
0.023418
0.0224489
0.0219516
0.0213844
0.0207423
0.0200393
0.0192062
0.0184268
0.0175771
0.0166769
0.0157164
0.0149111
0.0139042
0.0128636
0.01178
0.0106829
0.00956155
0.00992668
0.0104338
0.0109455
0.011459
0.0119478
0.0137136
0.0141183
0.0145037
0.0148823
0.0152242
0.0165452
0.0167903
0.0170181
0.0172018
0.0173614
0.0174824
0.0182836
0.0182921
0.0182561
0.0181923
0.0180835
0.0184809
0.0182717
0.0180284
0.0177628
0.0174755
0.0175545
0.0171911
0.0168109
0.0164151
0.0160134
0.0155963
0.0154284
0.0149689
0.0145151
0.0140463
0.0135871
0.0132847
0.0128149
0.0123464
0.0118885
0.011444
0.0110853
0.0106546
0.0102403
0.00985295
0.00947383
0.0091309
0.00880098
0.00849425
0.00820961
0.00795867
0.00779099
0.0080052
0.00824338
0.00850522
0.00876363
0.00899868
0.00917293
0.00941757
0.00965775
0.00990211
0.0101539
0.0103883
0.0106274
0.0108541
0.0110868
0.0112951
0.0114948
0.0116577
0.012517
0.0136354
0.0148666
0.0162492
0.0174739
0.019135
0.0209618
0.022962
0.0251313
0.0274994
0.0296184
0.0323456
0.0352774
0.0384193
0.0417657
0.0447893
0.0262618
0.0341646
0.0496918
0.0578259
0.0583859
0.0586611
0.0568739
0.0537051
0.0495679
0.0448023
0.0360579
0.0307901
0.0273899
0.0263005
0.0252077
0.0216806
0.0205234
0.0193914
0.0182949
0.0172266
0.0135665
0.0147173
0.0163129
0.0175799
0.0185414
0.019189
0.01992
0.0199488
0.0197377
0.0193152
0.0187321
0.017875
0.0169664
0.0159697
0.014886
0.0137124
0.0120431
0.011546
0.0110941
0.0106704
0.0102829
0.0099163
0.00811143
0.0077387
0.00738686
0.00706153
0.00675635
0.00481841
0.0048101
0.00516051
0.00565853
0.0064268
0.00785067
0.00849644
0.00908836
0.00963223
0.0101232
0.0105631
0.0115846
0.0119291
0.012222
0.0124688
0.0126831
0.0133673
0.0134818
0.0135371
0.0135597
0.0135465
0.0139493
0.0138474
0.0137093
0.0135433
0.0133367
0.0131062
0.0132086
0.0129149
0.0125958
0.012252
0.0118895
0.0118123
0.0114043
0.0109901
0.0105696
0.0101204
0.00991108
0.0094387
0.00894628
0.00844619
0.0079271
0.00739944
0.00706709
0.0067459
0.00665639
0.00656699
0.00647574
0.0070285
0.00693161
0.00684687
0.00677641
0.00670645
0.00717442
0.00710145
0.00703902
0.0069688
0.00688783
0.00681112
0.00712289
0.00699425
0.00703399
0.00708846
0.0071399
0.00743633
0.00746883
0.00764587
0.00824106
0.00878408
0.00917354
0.00959776
0.00992698
0.0101604
0.0102847
0.010279
0.0101306
0.00985057
0.00939968
0.00876745
0.00941708
0.0115802
0.0144919
0.0177219
0.0269316
0.0315848
0.0370793
0.046711
0.0528112
0.0563701
0.0583168
0.059179
0.057549
0.0569514
0.0558855
0.0544451
0.0527085
0.048749
0.0465621
0.0442524
0.0418676
0.0394354
0.03489
0.0324412
0.0300328
0.0276868
0.025422
0.0232432
0.0191371
0.017188
0.0153509
0.013621
0.0120053
0.00863892
0.00727487
0.00601687
0.00512986
0.0045344
0.00198793
0.00251341
0.00306199
0.00361054
0.00415573
0.00469081
0.00400748
0.00452991
0.00503787
0.00552791
0.00599869
0.0059392
0.00594131
0.00624294
0.00665155
0.00705271
0.00651772
0.00688939
0.00728408
0.00767666
0.00807841
0.00849836
0.00813257
0.00862145
0.00914744
0.00971486
0.0103357
0.0103057
0.011079
0.0119298
0.0128662
0.0138895
0.0143449
0.0155553
0.0168433
0.0181974
0.0196145
0.0210796
0.0220006
0.0235336
0.0250518
0.0265298
0.0279459
0.0288007
0.030714
0.0347469
0.0391542
0.0439383
0.0484209
0.053898
0.0597163
0.065845
0.0722447
0.0788624
0.0848529
0.0919909
0.0993523
0.106801
0.114189
0.120472
0.127279
0.133521
0.152374
0.174324
0.194024
0.216429
0.238426
0.259358
0.295142
0.330457
0.359632
0.388429
0.409005
0.417877
0.414207
0.402814
0.383994
0.36171
0.337957
0.313848
0.293121
0.27026
0.248723
0.228819
0.213434
0.197333
0.185281
0.165948
0.141928
0.114947
0.0864811
0.0603352
0.0739772
0.103301
0.133028
0.163109
0.191814
0.222343
0.253125
0.284101
0.315197
0.346316
0.375003
0.405697
0.435839
0.464971
0.492355
0.515273
0.535615
0.549277
0.55449
0.550895
0.542577
0.526037
0.505242
0.481705
0.456587
0.4307
0.408872
0.382877
0.357277
0.332245
0.307894
0.288067
0.265188
0.243219
0.222221
0.202249
0.186357
0.168424
0.151651
0.136521
0.128967
0.121665
0.115201
0.108418
0.101926
0.0957361
0.0898279
0.0846001
0.0791855
0.0740259
0.0691033
0.0643962
0.0615999
0.0583794
0.0548819
0.0511823
0.0473472
0.0434413
0.0401251
0.0362206
0.0323851
0.0286631
0.02667
0.0263363
0.0256912
0.025365
0.0249861
0.0245673
0.0243195
0.0238068
0.0232427
0.0226433
0.0219866
0.0212962
0.0207606
0.0199838
0.0191634
0.0183235
0.0174528
0.0167673
0.0158457
0.0149155
0.0139691
0.0130299
0.0124138
0.0119388
0.0114823
0.0110534
0.0106404
0.0102524
0.0100548
0.00969023
0.00933136
0.00898723
0.00864454
0.00843516
0.0080767
0.00772436
0.00735176
0.00695629
0.00664476
0.00616443
0.0059689
0.00584449
0.00567234
0.00544353
0.00520651
0.00482678
0.00519311
0.00686486
0.00881033
0.0102818
0.0106351
0.00965743
0.00777431
0.00574955
0.000755355
0.00252423
0.0159823
0.0300493
0.0412236
0.0453744
0.0520837
0.0575766
0.0621435
0.0659857
0.0627381
0.0653467
0.0675648
0.0694193
0.0709288
0.0720901
0.066377
0.0669881
0.0672634
0.0671987
0.067948
0.0646901
0.0687431
0.0725092
0.0759785
0.0791273
0.0737547
0.0763597
0.0787309
0.0808347
0.0826994
0.0842915
0.0782759
0.079566
0.0805604
0.0812304
0.0815777
0.0758468
0.0758208
0.0753365
0.0743754
0.0729091
0.0673084
0.0652789
0.0627434
0.0597192
0.0562344
0.0523198
0.0468177
0.0425368
0.0379514
0.0330986
0.0280223
0.0231007
0.018911
0.0204753
0.0253196
0.0301261
0.0307341
0.0353795
0.0398376
0.0440757
0.0480479
0.0517309
0.0513031
0.0544569
0.0573273
0.0599005
0.0622053
0.0608717
0.0627471
0.064368
0.0657569
0.0669299
0.0650187
0.0658704
0.06654
0.0670404
0.0673507
0.0675108
0.0651998
0.0651519
0.0649652
0.064629
0.0641301
0.0616016
0.0608854
0.0600244
0.0590312
0.0579045
0.055211
0.0539815
0.0526783
0.0513063
0.0498833
0.0484248
0.0458459
0.0443797
0.0428877
0.041376
0.0398543
0.0374994
0.036008
0.0345168
0.0330315
0.0315461
0.0294553
0.0280232
0.026598
0.0251815
0.023781
0.0223977
0.0206182
0.0192903
0.0179748
0.016676
0.0153909
0.0138496
0.0126234
0.0114157
0.0102278
0.00905018
0.00772308
0.00659117
0.0054701
0.00436184
0.00326394
0.00217839
0.00169578
0.00166179
0.00166878
0.00220506
0.00324497
0.0043328
0.00538962
0.00645776
0.00754467
0.00866023
0.00977647
0.0109193
0.0120786
0.0132562
0.0144502
0.0156656
0.0168342
0.0180981
0.019395
0.0207259
0.0317427
0.0340094
0.0432878
0.0480858
0.0516423
0.0540172
0.0557146
0.0632581
0.0702969
0.0767691
0.0826327
0.0878564
0.0867477
0.0902629
0.0930288
0.0950161
0.0961975
0.0902601
0.0898391
0.0886575
0.086751
0.0842
0.0755959
0.0722969
0.0686469
0.0647739
0.0607631
0.0567321
0.0491208
0.0455784
0.0422016
0.0390311
0.03607
0.0311386
0.0297017
0.0290583
0.0284557
0.0278811
0.0263018
0.0258874
0.0254846
0.0250703
0.0246463
0.0242177
0.0233313
0.0229591
0.0225683
0.0221617
0.0217547
0.0212292
0.0208537
0.0204585
0.0200593
0.0196397
0.0193365
0.0189302
0.0185137
0.0180718
0.0176291
0.0171687
0.0169916
0.01654
0.0160697
0.0155823
0.015106
0.0149889
0.0145066
0.0140237
0.0135326
0.0130513
0.0129848
0.0125087
0.0120303
0.0115698
0.0111121
0.0106664
0.0106655
0.0102384
0.00982892
0.00941929
0.00903265
0.00907793
0.00871759
0.00837605
0.00804443
0.00772319
0.00781971
0.0075303
0.00725788
0.00700156
0.0067552
0.00652688
0.00666521
0.00646047
0.00625665
0.00607526
0.0059874
0.0060547
0.00609361
0.00618615
0.00625676
0.0063041
0.00630926
0.00633021
0.00633056
0.00630074
0.00625989
0.00617886
0.00613598
0.00601509
0.0058715
0.0056943
0.00548442
0.00534016
0.00506668
0.00474321
0.00438808
0.00397828
0.00367162
0.00317442
0.0026137
0.00235122
0.00262488
0.00306507
0.00348672
0.00392474
0.00437301
0.00479985
0.00522208
0.00558285
0.00655747
0.0080623
0.00967456
0.0114308
0.012976
0.0149944
0.0171695
0.0195063
0.0220018
0.0246832
0.0270665
0.0300825
0.033289
0.0366886
0.0402742
0.0434864
0.0251521
0.0331961
0.0487493
0.0568058
0.0572157
0.0572476
0.0551779
0.0516999
0.047249
0.0421792
0.0332021
0.0277183
0.0248768
0.0236309
0.0223494
0.0186424
0.0172566
0.0159053
0.0146214
0.013421
0.011889
0.0134838
0.0147762
0.0157869
0.0165438
0.0170417
0.017685
0.0176528
0.0174225
0.0170077
0.0164444
0.0155938
0.0147051
0.0137246
0.0126645
0.0115395
0.00988794
0.00865389
0.00741114
0.00698759
0.00660507
0.00625501
0.00446948
0.00412769
0.00381149
0.00371917
0.00402865
0.00542028
0.00570884
0.00603032
0.00654433
0.00730926
0.00874707
0.00942208
0.0100564
0.010651
0.011202
0.0117095
0.012793
0.0132092
0.0135822
0.0139216
0.014241
0.0150242
0.015257
0.0154315
0.0155706
0.0156726
0.0161715
0.0161756
0.016141
0.0160751
0.0159657
0.0158305
0.0160138
0.0158064
0.0155658
0.0152928
0.0149949
0.0149654
0.0145968
0.014211
0.0138098
0.0133706
0.0131611
0.012678
0.0121655
0.0116361
0.011079
0.0105053
0.0101266
0.00950248
0.00908547
0.00899356
0.00889123
0.0094224
0.00928592
0.00914438
0.00899851
0.00882786
0.00918701
0.00897334
0.00875289
0.00850933
0.00823059
0.00793217
0.00803081
0.00764101
0.00721986
0.00674802
0.006537
0.00671636
0.00735344
0.00830961
0.00926608
0.0102069
0.0109759
0.0118751
0.0127316
0.0135482
0.0143181
0.0150236
0.015548
0.0160903
0.0165159
0.0168044
0.0169536
0.016941
0.0197808
0.0230386
0.0322469
0.0369325
0.0421014
0.0426883
0.046946
0.0507285
0.0529857
0.0541997
0.0528843
0.0526385
0.0519036
0.0507615
0.0492808
0.0455106
0.0434944
0.0413025
0.0389749
0.0365469
0.0319679
0.0294417
0.0269108
0.0243979
0.0219243
0.0195041
0.0151584
0.0129091
0.0107452
0.00866821
0.00831485
0.00695807
0.00678422
0.0066445
0.00670663
0.00734288
0.00664403
0.00723384
0.00824741
0.00916145
0.00996974
0.0106771
0.0125987
0.0130675
0.013449
0.0137507
0.013981
0.0152291
0.0152875
0.0152893
0.0152406
0.0151464
0.0158909
0.0156861
0.0154601
0.015221
0.0149728
0.0147226
0.015125
0.0148477
0.0145755
0.0142977
0.0140058
0.0142056
0.0138941
0.0135637
0.0131921
0.0127747
0.0127048
0.012171
0.0115616
0.0108377
0.0110385
0.0125239
0.0135645
0.0153706
0.0173215
0.0194042
0.0216023
0.0232962
0.0256673
0.0280826
0.0305092
0.0329115
0.034817
0.0408254
0.0473683
0.0544279
0.0619974
0.0700831
0.0776655
0.0871055
0.0972115
0.107657
0.118228
0.127456
0.137846
0.147946
0.157594
0.1666
0.173782
0.180933
0.188156
0.211976
0.235559
0.258256
0.276762
0.29503
0.32401
0.351891
0.373057
0.384043
0.387161
0.381986
0.37122
0.357239
0.343698
0.327673
0.311822
0.296674
0.285229
0.272308
0.2624
0.244788
0.221766
0.19512
0.166454
0.137287
0.108098
0.0801151
0.0539206
0.029867
0.0458778
0.0652651
0.0850351
0.105407
0.126561
0.148605
0.170224
0.194056
0.2189
0.244712
0.271419
0.296792
0.324949
0.353783
0.383202
0.413093
0.440725
0.471073
0.501354
0.531175
0.559921
0.586565
0.607905
0.625613
0.635043
0.634707
0.625132
0.611532
0.590056
0.565196
0.538508
0.511166
0.488086
0.461598
0.436247
0.412275
0.389788
0.368799
0.352159
0.333873
0.317007
0.301445
0.287133
0.276014
0.270475
0.267168
0.263281
0.258837
0.254294
0.248932
0.243086
0.236802
0.230139
0.223147
0.216579
0.209006
0.201101
0.192857
0.184319
0.176487
0.167578
0.158564
0.149496
0.142934
0.139268
0.1349
0.130525
0.126151
0.121741
0.117263
0.113401
0.108824
0.104234
0.0996757
0.0951272
0.0912554
0.0867151
0.082209
0.0777275
0.0733125
0.0695516
0.0652364
0.0609716
0.0567937
0.0526792
0.0486763
0.0452788
0.0426659
0.040743
0.0388533
0.0369532
0.0354153
0.0335269
0.0316569
0.0297683
0.0278954
0.0263016
0.0243869
0.0224367
0.0204785
0.0184744
0.0164501
0.0146759
0.0129616
0.0119655
0.0125495
0.0146525
0.0162269
0.0164059
0.0149854
0.0124969
0.00978085
