0.000757456
0.00245257
0.0154597
0.0287728
0.0389877
0.0421871
0.047778
0.0522074
0.05581
0.0588046
0.0548931
0.0568017
0.0583817
0.0596039
0.0604652
0.0609099
0.0545062
0.0542332
0.0534957
0.052322
0.0506616
0.0442159
0.0459824
0.0473456
0.0484151
0.0491267
0.0417073
0.0419835
0.0421351
0.0420008
0.0417195
0.0410682
0.0330767
0.031911
0.030237
0.0278602
0.0248004
0.0157249
0.0118292
0.0140305
0.0188142
0.0236353
0.0256529
0.0298264
0.033627
0.036942
0.0433154
0.0504011
0.0581896
0.064478
0.0704011
0.0759312
0.0810538
0.0856066
0.0899669
0.094391
0.0991364
0.104433
0.108723
0.114224
0.119008
0.122389
0.12467
0.126009
0.126005
0.130956
0.140839
0.149938
0.158122
0.166182
0.173033
0.179374
0.185082
0.190374
0.195512
0.199835
0.203729
0.207367
0.210639
0.213723
0.216781
0.219382
0.221764
0.224018
0.226066
0.228168
0.229942
0.231622
0.23317
0.234647
0.236067
0.237337
0.238502
0.239585
0.240555
0.241438
0.242231
0.24292
0.243542
0.244082
0.244552
0.244866
0.245144
0.245404
0.245731
0.246052
0.246497
0.247117
0.248007
0.249047
0.250467
0.252261
0.254294
0.257127
0.260585
0.264626
0.269244
0.273622
0.278954
0.284355
0.289551
0.294214
0.305757
0.326685
0.347537
0.368299
0.389043
0.409855
0.439924
0.468238
0.490284
0.507922
0.521944
0.532425
0.542455
0.550815
0.557765
0.563803
0.5686
0.573374
0.577655
0.581759
0.585874
0.590136
0.59419
0.599242
0.604888
0.611138
0.617881
0.624101
0.632281
0.641047
0.647376
0.650036
0.647
0.640957
0.630513
0.615667
0.596575
0.573243
0.544274
0.512949
0.478056
0.44011
0.426059
0.417
0.40827
0.398577
0.388407
0.37813
0.365209
0.355108
0.345243
0.335467
0.325532
0.315293
0.301323
0.289928
0.277751
0.264686
0.250656
0.233429
0.217889
0.201702
0.18495
0.167906
0.149224
0.13238
0.116118
0.102664
0.0899166
0.0779741
0.0687561
0.0584226
0.0490166
0.0405216
0.0335097
0.0333721
0.0331935
0.032964
0.0326625
0.0322565
0.0315003
0.0308717
0.0301553
0.0309979
0.031828
0.0321376
0.0334952
0.0329383
0.0320278
0.0308089
0.0293565
0.0290652
0.027232
0.0252915
0.0232592
0.0211861
0.0202595
0.0181178
0.0159843
0.0138904
0.0120447
0.0112332
0.0101003
0.00926486
0.00841455
0.00755708
0.00671368
0.00564112
0.00677219
0.00820861
0.00965958
0.0111231
0.0120605
0.0135657
0.0150587
0.0165262
0.0179472
0.0193157
0.0202532
0.0215056
0.0226654
0.0237576
0.0247467
0.0254313
0.0262394
0.0269425
0.0275258
0.0279808
0.0282373
0.0284339
0.02849
0.0284041
0.028206
0.0278603
0.0274797
0.0268842
0.0261919
0.0254135
0.0245656
0.023849
0.0229143
0.0219548
0.0210016
0.0200361
0.0192853
0.0183521
0.0174502
0.0165809
0.0167703
0.0185373
0.0205632
0.0229904
0.0257132
0.0285472
0.0306376
0.0333825
0.0358515
0.0366871
0.0362202
0.0347451
0.0328679
0.0303564
0.0325632
0.0430859
0.0544967
0.0667324
0.077914
0.0914326
0.10552
0.120076
0.134986
0.148178
0.141233
0.157495
0.17417
0.178812
0.173641
0.165373
0.153597
0.153592
0.153053
0.151889
0.14821
0.14555
0.141987
0.137418
0.131795
0.123455
0.115879
0.107485
0.0984446
0.0889442
0.0776559
0.0678277
0.0581128
0.0486832
0.0404974
0.0425223
0.0445379
0.0454389
0.0460003
0.0463043
0.0463841
0.0459666
0.0456218
0.0452441
0.0448553
0.0443903
0.0428845
0.0421677
0.0414142
0.0406094
0.0397907
0.039005
0.0368166
0.0360043
0.0352066
0.0344489
0.0337229
0.0314379
0.0307504
0.0302131
0.0298192
0.029486
0.027485
0.0272497
0.027102
0.026983
0.0268351
0.0266642
0.024817
0.0246002
0.024357
0.0240985
0.0238448
0.0219966
0.0216384
0.0212432
0.0208166
0.0203627
0.0185682
0.0181628
0.017743
0.0173389
0.0169433
0.0165566
0.0150046
0.0146713
0.0144504
0.014337
0.0141921
0.0141655
0.0139462
0.0136938
0.013458
0.0131995
0.013016
0.0126739
0.0122856
0.011896
0.0120702
0.0121839
0.0114713
0.0115412
0.0116572
0.0117852
0.0119077
0.0114058
0.0115932
0.0117822
0.0119576
0.012164
0.0118591
0.012168
0.0125078
0.0128802
0.0132776
0.0136767
0.0136407
0.0141093
0.0146171
0.0151475
0.0156904
0.015848
0.0163807
0.0169175
0.0174847
0.0180831
0.0183872
0.0190512
0.0197571
0.0204759
0.0211966
0.021916
0.022366
0.0230761
0.0237682
0.0244349
0.0250733
0.0254881
0.0273405
0.0316685
0.0427932
0.0497306
0.056396
0.0574546
0.0622994
0.064993
0.0660109
0.0658833
0.0633951
0.0618614
0.059944
0.0576946
0.0551908
0.0506265
0.0478498
0.0450196
0.0422239
0.0393692
0.0343734
0.0313739
0.0284523
0.0257377
0.0232333
0.020901
0.0167653
0.0150129
0.0136717
0.0126833
0.0118384
0.00940769
0.00929618
0.00940116
0.00960294
0.00974618
0.00798447
0.00782827
0.00756839
0.00742467
0.00725609
0.00698884
0.00567436
0.00642342
0.0071196
0.00780554
0.0085643
0.0087372
0.00942706
0.0100698
0.0106356
0.011443
0.0136433
0.0143328
0.0148667
0.0153375
0.0158478
0.0163774
0.0179842
0.0183855
0.0186393
0.018786
0.0188056
0.0195381
0.019012
0.0183229
0.0175472
0.016697
0.0167075
0.0157779
0.0148515
0.0139032
0.0129764
0.0120348
0.0118268
0.010993
0.0102877
0.00975858
0.00933585
0.00950879
0.009106
0.00865781
0.0082167
0.00782781
0.00782751
0.00749122
0.00733098
0.00737962
0.00746382
0.00752047
0.00778925
0.00779231
0.00777967
0.00783411
0.00858317
0.00945836
0.0103899
0.0113704
0.012344
0.0132231
0.0140822
0.0149968
0.0160321
0.0172498
0.0186192
0.0201548
0.0217429
0.0236968
0.0259196
0.028444
0.0312898
0.0340985
0.0375991
0.0415284
0.0459831
0.0509869
0.0558773
0.0619917
0.0687135
0.0761055
0.086809
0.0954074
0.103634
0.105786
0.101376
0.0921183
0.0795884
0.0634802
0.0480438
0.0334609
0.0287351
0.023334
0.0175014
0.019008
0.0270613
0.0331292
0.037437
0.0401951
0.0432379
0.0434304
0.0428317
0.0416707
0.0398885
0.0386499
0.0358163
0.032715
0.0294562
0.0261554
0.0235484
0.0210413
0.0199465
0.0187501
0.017501
0.0162384
0.0139834
0.0127623
0.0116206
0.0105573
0.00953728
0.00751114
0.00753522
0.00785753
0.00810996
0.00828341
0.00808305
0.00812042
0.00808915
0.00799409
0.00785929
0.00772184
0.00729185
0.00713515
0.00695223
0.00675276
0.00652561
0.00604114
0.00578243
0.00550672
0.00521067
0.00489905
0.00488558
0.0049755
0.00507426
0.00519013
0.00531882
0.00546357
0.00585344
0.00601396
0.00618565
0.00638068
0.00659248
0.00699607
0.00723806
0.00750741
0.00779676
0.00809519
0.00851774
0.00882223
0.00915135
0.00951242
0.00990282
0.01032
0.0108219
0.0112712
0.0117313
0.0122054
0.0126906
0.0132072
0.0136973
0.0141843
0.0146679
0.0151454
0.0156309
0.0160948
0.0165451
0.0169903
0.0174383
0.0178786
0.018309
0.0187371
0.0191641
0.0196854
0.020206
0.0206321
0.0211559
0.0216976
0.0222667
0.022827
0.0232826
0.0237875
0.0242538
0.0247144
0.0251288
0.0254677
0.025716
0.0259649
0.026165
0.0263163
0.0264475
0.0265456
0.0266189
0.0266339
0.0265936
0.0264865
0.000757456
0.00244911
0.0155593
0.0289718
0.0392931
0.0426302
0.0484089
0.0530634
0.0568885
0.0600301
0.0562054
0.0581397
0.0596788
0.0608096
0.0615498
0.0619018
0.0554548
0.0552249
0.054668
0.0538126
0.0526716
0.0461423
0.0479967
0.0497718
0.0513132
0.0526008
0.0456683
0.046557
0.0473044
0.0478512
0.0482985
0.0486311
0.0415955
0.0417974
0.0418099
0.0416832
0.0410758
0.0345518
0.0335555
0.0321537
0.0302852
0.028032
0.0238161
0.0229828
0.0220661
0.0210489
0.0200205
0.0189701
0.016773
0.015954
0.017598
0.0188006
0.0194969
0.0163448
0.0161281
0.0155491
0.0146036
0.0134091
0.0104368
0.0101752
0.00991486
0.00972424
0.0104675
0.0116929
0.0148897
0.0164956
0.0184776
0.0225836
0.0280714
0.0318609
0.0381632
0.0447638
0.0517548
0.0589266
0.0640733
0.0715495
0.0791337
0.0866991
0.094237
0.101669
0.106826
0.113971
0.120906
0.12756
0.13391
0.138044
0.143751
0.14905
0.15394
0.158417
0.160982
0.164672
0.167877
0.170605
0.175311
0.181225
0.18634
0.19186
0.197148
0.202187
0.20693
0.210898
0.215091
0.218993
0.22256
0.225829
0.228359
0.230964
0.233202
0.235158
0.236767
0.238114
0.238971
0.239742
0.240209
0.240431
0.240381
0.240109
0.239615
0.238894
0.237958
0.236786
0.235499
0.233823
0.237307
0.253029
0.269636
0.28718
0.30275
0.318235
0.330704
0.34009
0.346606
0.350364
0.352323
0.351953
0.349813
0.346311
0.342286
0.336618
0.330096
0.323001
0.315529
0.307873
0.301209
0.293792
0.286768
0.280319
0.283336
0.289302
0.298316
0.309032
0.318158
0.324674
0.326013
0.326297
0.323835
0.318907
0.311783
0.302607
0.287576
0.274183
0.26016
0.245088
0.228772
0.208246
0.201386
0.193516
0.184677
0.174966
0.161777
0.150442
0.138517
0.126155
0.113529
0.100813
0.0852015
0.0727976
0.0608012
0.0493397
0.0450548
0.0451547
0.0423485
0.0389957
0.035218
0.03119
0.0286238
0.0243716
0.0244742
0.0277174
0.030152
0.0318653
0.0357324
0.0360674
0.0358147
0.0350587
0.0338843
0.0349451
0.0330478
0.0309023
0.0285739
0.0260847
0.025744
0.0230103
0.0202573
0.0210217
0.0247921
0.0288883
0.0307268
0.0347739
0.0387259
0.0425673
0.0463077
0.0481206
0.0516431
0.0550041
0.0581849
0.0611989
0.0626383
0.0653362
0.0678186
0.0701
0.072147
0.0739684
0.0746312
0.0760205
0.0771427
0.0779713
0.0798177
0.0818633
0.0845094
0.0870207
0.0893535
0.0914918
0.09289
0.094677
0.0962779
0.0976863
0.0988754
0.0998701
0.100297
0.100863
0.101164
0.101241
0.101079
0.100563
0.0999695
0.0991217
0.0980128
0.0966633
0.0951094
0.0932325
0.0910288
0.0884408
0.0854528
0.0870307
0.0923757
0.0985462
0.104967
0.111688
0.118746
0.125329
0.133229
0.141686
0.150746
0.160494
0.169698
0.180948
0.193039
0.20601
0.219833
0.234397
0.247641
0.262951
0.278047
0.292228
0.305099
0.314714
0.322123
0.325319
0.324253
0.319055
0.3114
0.299539
0.284848
0.267929
0.24943
0.229972
0.212674
0.195071
0.196302
0.198766
0.202407
0.20642
0.189735
0.197006
0.205368
0.202199
0.190544
0.175127
0.156433
0.135653
0.113637
0.0996673
0.0919589
0.0934513
0.0962684
0.0969429
0.0956627
0.0923779
0.0877422
0.0818391
0.0749468
0.067345
0.0721273
0.0734282
0.072659
0.0700277
0.0657461
0.0601102
0.0549333
0.0472632
0.0390817
0.030911
0.0270431
0.0251815
0.0197589
0.0137795
0.00760094
0.0111447
0.0157827
0.0190073
0.021165
0.0223368
0.0234729
0.0270581
0.0281607
0.0303741
0.0318501
0.0326455
0.0328319
0.0314613
0.0307581
0.0296355
0.0281984
0.0265172
0.0240819
0.0221865
0.0202628
0.0183427
0.0164573
0.0155283
0.0148606
0.014805
0.0147008
0.0145605
0.0143825
0.0136642
0.0134338
0.0131945
0.0129349
0.0126683
0.0119852
0.0126047
0.0133939
0.0141638
0.014914
0.0156634
0.0150874
0.0158514
0.0166036
0.0173377
0.0180657
0.0176495
0.0184281
0.0192063
0.0199846
0.0207349
0.0204661
0.0212222
0.0219412
0.0226509
0.0233676
0.0240327
0.023748
0.0241348
0.0243708
0.0244992
0.0245467
0.0239009
0.023853
0.0237545
0.0236202
0.0234754
0.0228248
0.0226911
0.0225722
0.0224948
0.0224569
0.022431
0.022036
0.0220534
0.0220568
0.0220572
0.0220658
0.0217569
0.0217743
0.0217834
0.021774
0.0217689
0.0215265
0.0214963
0.0214375
0.0213725
0.0212742
0.0211324
0.0208165
0.0206569
0.0205288
0.0204331
0.0203544
0.0215179
0.0251494
0.0279891
0.0371156
0.0441385
0.0508858
0.0520486
0.0564884
0.060058
0.0618308
0.0623516
0.0603181
0.0591653
0.0574525
0.0553373
0.0529291
0.0483594
0.0455114
0.0426027
0.0397157
0.0366819
0.0315759
0.0289926
0.026713
0.0248199
0.0232733
0.0220185
0.0191682
0.0183408
0.0174322
0.0166234
0.015888
0.0133452
0.0129293
0.0125273
0.0120722
0.01149
0.00913816
0.00844073
0.00777211
0.00712194
0.00651223
0.0060278
0.00443761
0.00517285
0.00588373
0.00653252
0.0070901
0.00709075
0.00762464
0.00813301
0.00860365
0.00900351
0.00898755
0.00930297
0.00955017
0.00972008
0.00988138
0.010012
0.00990237
0.00999279
0.0100485
0.0101112
0.0105204
0.0119563
0.0125865
0.0132574
0.0138954
0.0145766
0.0159233
0.016492
0.0170384
0.0175367
0.0179384
0.0182487
0.0191315
0.0194038
0.0196536
0.019745
0.0197161
0.0199739
0.0196008
0.0191108
0.0185881
0.0180943
0.0179754
0.0174082
0.0168737
0.0164293
0.0160508
0.0156735
0.0156513
0.0153925
0.0152016
0.0151034
0.0150864
0.0153447
0.0154515
0.0155581
0.0155638
0.0155307
0.0154627
0.0155071
0.0164695
0.0175047
0.0187523
0.0202374
0.0217776
0.0236562
0.0257793
0.0281888
0.0309481
0.0337097
0.0372364
0.0411698
0.04554
0.0504733
0.0553497
0.0615031
0.0683702
0.0759847
0.0869722
0.0958495
0.104338
0.106808
0.102706
0.0937324
0.0814523
0.0655496
0.0503201
0.0391748
0.0347291
0.0295016
0.023667
0.019741
0.0245674
0.0309623
0.0356703
0.0388227
0.042221
0.0427615
0.0423329
0.04111
0.0392663
0.0381049
0.0354245
0.0325529
0.0296007
0.0266804
0.024508
0.0217522
0.019495
0.01869
0.017811
0.0168535
0.0148014
0.0137755
0.0127742
0.0118159
0.0109057
0.00898182
0.00822279
0.00753576
0.00692707
0.00637513
0.00481969
0.00466442
0.0045104
0.00434417
0.00416476
0.0039641
0.00347576
0.00323349
0.00296998
0.00269642
0.00239655
0.00214052
0.00226983
0.00241145
0.0025647
0.00278506
0.00327188
0.00370911
0.00426775
0.0048351
0.00543728
0.00603962
0.00641441
0.00697234
0.007548
0.0081425
0.00876081
0.00919965
0.00982696
0.0104479
0.0110494
0.0116564
0.0121498
0.0128618
0.0135751
0.0142836
0.0149738
0.0156444
0.0161342
0.0167474
0.0173214
0.0178758
0.0184245
0.0188381
0.0193707
0.0199049
0.0204377
0.020944
0.0213152
0.0217131
0.0220574
0.0223493
0.0225633
0.0227965
0.0229829
0.0232334
0.0234755
0.0237101
0.0239622
0.024184
0.0244863
0.0248163
0.0251651
0.0255386
0.025865
0.0262527
0.0266259
0.0269779
0.0273197
0.0276272
0.0278417
0.0280361
0.0281847
0.0282416
0.0282335
0.0281807
0.0280666
0.027891
0.0276602
0.0273904
0.000757456
0.00245257
0.0154597
0.0287728
0.0389877
0.0421871
0.047778
0.0522069
0.0558126
0.058807
0.0549041
0.056844
0.0584227
0.0596215
0.0604109
0.0608644
0.0544769
0.0542284
0.053561
0.052404
0.0508945
0.0461661
0.0485205
0.0506441
0.0524511
0.0539718
0.0470035
0.0475831
0.0474478
0.0465454
0.044593
0.0415696
0.0306556
0.0336104
0.0365817
0.0390108
0.0428506
0.0483656
0.0546228
0.0600592
0.0644117
0.067639
0.06735
0.0773244
0.0870124
0.0961701
0.1046
0.1123
0.1201
0.126041
0.131464
0.136933
0.143014
0.149429
0.15667
0.163634
0.169514
0.173643
0.174683
0.192964
0.209737
0.223995
0.235978
0.24615
0.255479
0.262483
0.268045
0.272352
0.275418
0.27863
0.279643
0.279733
0.278894
0.277265
0.276139
0.273031
0.269255
0.264925
0.26002
0.254697
0.250297
0.24425
0.237936
0.231469
0.224868
0.219478
0.212888
0.206458
0.200262
0.194391
0.18984
0.184822
0.180372
0.17947
0.182549
0.18602
0.189062
0.193302
0.197965
0.20302
0.208471
0.213313
0.219532
0.226157
0.233164
0.240518
0.247042
0.255059
0.263392
0.27204
0.280987
0.290225
0.29837
0.308128
0.318146
0.328392
0.338777
0.347858
0.358351
0.368817
0.379245
0.389742
0.403636
0.428837
0.455524
0.483763
0.513589
0.545035
0.571593
0.594831
0.611135
0.62233
0.629539
0.633651
0.636015
0.636436
0.635319
0.633021
0.630358
0.626602
0.622535
0.618427
0.614368
0.610521
0.607514
0.604495
0.602209
0.60067
0.600019
0.600338
0.602412
0.60558
0.6064
0.603702
0.596079
0.585008
0.56975
0.550427
0.527213
0.500408
0.469118
0.436142
0.400817
0.363827
0.338088
0.339051
0.342431
0.345116
0.346912
0.347521
0.34286
0.340292
0.335828
0.32923
0.320372
0.309301
0.29335
0.278544
0.262155
0.244491
0.225886
0.204833
0.185448
0.166051
0.146914
0.128297
0.108914
0.0919013
0.0758776
0.0609603
0.0471987
0.0383906
0.0398153
0.0406848
0.0413432
0.0418171
0.0421178
0.0421813
0.0420973
0.0418505
0.0414865
0.0410246
0.0402451
0.0412383
0.0421476
0.0425598
0.0425499
0.0421506
0.0429886
0.0419429
0.0406402
0.0391237
0.0374588
0.0370335
0.035077
0.0330475
0.0309616
0.0307448
0.0314056
0.0317891
0.032188
0.0326136
0.0339045
0.0352366
0.035639
0.0369182
0.0381371
0.0392588
0.0402887
0.040583
0.0414605
0.0422471
0.0429347
0.0435157
0.0435916
0.0440045
0.0443067
0.0444975
0.0445575
0.0444962
0.0441301
0.0438399
0.0433927
0.0428018
0.0420441
0.0411506
0.0401204
0.0389599
0.0376594
0.036238
0.0348788
0.0335127
0.0321411
0.0306728
0.029125
0.0274704
0.0262178
0.0244362
0.0226345
0.0208316
0.0190585
0.0177883
0.0161573
0.0147029
0.0136848
0.0124849
0.0115024
0.0109612
0.0108018
0.0110893
0.0158778
0.0220636
0.0283408
0.0364682
0.0456334
0.0555346
0.0642212
0.0686208
0.0705532
0.0696173
0.0664669
0.0617039
0.0566622
0.0515155
0.0615428
0.0727296
0.0849654
0.0981134
0.110129
0.124501
0.139234
0.154085
0.16884
0.181482
0.173506
0.188341
0.203317
0.205968
0.198893
0.192174
0.190968
0.189097
0.186589
0.183395
0.177852
0.173032
0.167295
0.160588
0.152909
0.14283
0.133359
0.123187
0.112474
0.101433
0.0888933
0.0777617
0.0668758
0.0564351
0.0479333
0.0486984
0.0510637
0.0523492
0.0532719
0.0539126
0.0543
0.0541369
0.054032
0.0538309
0.0535577
0.0532054
0.0518332
0.0512957
0.0507148
0.05011
0.0494582
0.0487613
0.0466534
0.0458916
0.0451224
0.0443626
0.0435801
0.0412504
0.0405218
0.0398157
0.0390903
0.0383418
0.0359563
0.0351718
0.0343845
0.0335853
0.0327351
0.031836
0.0293775
0.0284911
0.0275653
0.0266302
0.0257079
0.0233289
0.0224367
0.0216064
0.0208443
0.0201241
0.0181185
0.0174819
0.0168433
0.016213
0.0155792
0.0149288
0.0131138
0.0124782
0.0119505
0.0114952
0.0111001
0.0107496
0.0105113
0.0102795
0.0100349
0.00975774
0.00958325
0.00930825
0.00899704
0.00868503
0.00881698
0.00903294
0.00852374
0.00884636
0.00912617
0.00937308
0.00962128
0.00922872
0.00953855
0.0098661
0.0102062
0.0105363
0.010294
0.0106258
0.0109577
0.0113031
0.0116666
0.0120112
0.0119289
0.0123028
0.0126696
0.0130481
0.0134537
0.013522
0.0140153
0.0145875
0.0152077
0.0158545
0.016172
0.0168218
0.0174796
0.0181648
0.0188721
0.0195754
0.0200057
0.0206882
0.0213801
0.0220617
0.0233645
0.0260912
0.0293317
0.0322694
0.0411641
0.048375
0.0552495
0.0565361
0.06118
0.0642982
0.0657443
0.0659768
0.063643
0.0621947
0.0601819
0.0577188
0.055013
0.0503868
0.0474725
0.0445159
0.0416725
0.0390434
0.0344403
0.0320565
0.029912
0.0279897
0.0261485
0.0244048
0.0207799
0.0193264
0.0180847
0.0170438
0.016156
0.0133999
0.0126467
0.0119919
0.011418
0.0108096
0.00850724
0.00800332
0.00767153
0.00755909
0.00757752
0.00752626
0.00599369
0.00577051
0.00568395
0.00598572
0.00627511
0.00617161
0.00674301
0.00747877
0.00821541
0.00888046
0.0108086
0.0112327
0.0115931
0.0118607
0.011897
0.0117277
0.0127684
0.0125414
0.0123566
0.0122269
0.0121666
0.0130957
0.0131065
0.0131321
0.0130813
0.0129197
0.0134233
0.0130269
0.0125799
0.0121383
0.0116684
0.0112641
0.0115472
0.0112498
0.0109743
0.0106611
0.0104031
0.0107401
0.0106457
0.0106316
0.0107739
0.011045
0.0117198
0.0121621
0.0126062
0.0129959
0.0133557
0.0137015
0.0142263
0.0145072
0.0149465
0.0155558
0.0163592
0.0172982
0.0181016
0.0187784
0.0194223
0.0199399
0.020428
0.0208409
0.0210825
0.0211067
0.0211749
0.0228863
0.0246429
0.0268067
0.0292051
0.0318568
0.0348331
0.0377872
0.0414573
0.045553
0.0501591
0.0552896
0.0602662
0.0664479
0.0731932
0.0805646
0.0912557
0.0998148
0.108016
0.11019
0.105839
0.0966261
0.0840652
0.067877
0.052287
0.0370448
0.0316976
0.0256872
0.0195203
0.0168477
0.0255356
0.0323288
0.0373401
0.0407564
0.0443822
0.0451741
0.0449913
0.0440129
0.0423858
0.0413469
0.0387393
0.0359361
0.0330521
0.03014
0.0279236
0.0250983
0.0224015
0.0198487
0.0174707
0.015206
0.0133506
0.0113827
0.00985286
0.00887543
0.00793999
0.00597733
0.00516519
0.00439182
0.00358292
0.00274757
0.000923008
0.000659287
0.00127524
0.00184587
0.00229219
0.00262663
0.00337282
0.00368947
0.00397548
0.00421661
0.0044198
0.00538281
0.00544542
0.00543678
0.00536299
0.0052436
0.00582018
0.00563139
0.00543046
0.00521311
0.00495243
0.00463697
0.00489226
0.00451258
0.00460213
0.00481871
0.00505602
0.00548428
0.00576064
0.00606161
0.00637883
0.00673939
0.00722899
0.00792751
0.0086382
0.00934942
0.0100359
0.010718
0.0112478
0.0119151
0.0125469
0.0131852
0.0138362
0.0143484
0.0149929
0.0156289
0.0162165
0.0167457
0.0171222
0.0175509
0.0179008
0.0181912
0.0184436
0.0186825
0.0188583
0.0191121
0.0193814
0.0196354
0.0198686
0.0200477
0.0203061
0.0206212
0.0211265
0.0216164
0.0220695
0.0225437
0.0230027
0.0234388
0.0238541
0.0242409
0.024571
0.0248931
0.0251605
0.0253863
0.0255733
0.0257128
0.0257988
0.0258142
0.0257557
0.0256326
0.000757456
0.00244816
0.0153639
0.0285666
0.0388008
0.042144
0.0480295
0.0528513
0.0568736
0.0602732
0.056711
0.0589961
0.0609332
0.0625088
0.063718
0.0645203
0.0584469
0.0586053
0.0583978
0.057827
0.0568972
0.0517559
0.0544484
0.0568044
0.0588368
0.0605054
0.0538139
0.0548557
0.0556196
0.0560201
0.0561182
0.0558295
0.0480971
0.0473275
0.0461653
0.0445267
0.0424188
0.0343943
0.0316298
0.0283355
0.0245616
0.0203218
0.0132282
0.0108397
0.00818054
0.00568273
0.00786094
0.0133536
0.0201185
0.0255655
0.0310184
0.0364445
0.0418172
0.0467761
0.0516637
0.056388
0.0610002
0.0655576
0.0689527
0.0733316
0.0776687
0.0819886
0.0863187
0.0906426
0.0932796
0.097519
0.101776
0.106012
0.110249
0.112602
0.116759
0.12085
0.124881
0.128834
0.130884
0.134634
0.138268
0.141792
0.145178
0.148446
0.149935
0.152934
0.155766
0.158418
0.160853
0.161647
0.163652
0.165416
0.166934
0.168182
0.168045
0.168771
0.169176
0.169251
0.168985
0.168364
0.166679
0.165369
0.163642
0.161465
0.15882
0.155404
0.151894
0.147898
0.147214
0.147592
0.147723
0.147655
0.147342
0.146788
0.145987
0.144949
0.143794
0.142278
0.140503
0.138469
0.136166
0.133893
0.131091
0.128039
0.124733
0.121219
0.11794
0.117846
0.129408
0.141918
0.155429
0.176279
0.197652
0.216639
0.229667
0.238232
0.243314
0.24561
0.245798
0.244043
0.240715
0.236136
0.231481
0.2255
0.219167
0.212787
0.206641
0.200987
0.198676
0.199693
0.20037
0.200823
0.22708
0.227112
0.227812
0.220099
0.20798
0.20674
0.204671
0.201168
0.195079
0.186654
0.176137
0.16391
0.146931
0.142025
0.148126
0.153393
0.15761
0.157546
0.159086
0.159163
0.157742
0.154794
0.14697
0.141152
0.134125
0.129057
0.129419
0.1282
0.128671
0.124837
0.119991
0.114246
0.107788
0.103506
0.0960657
0.088385
0.0805837
0.0727475
0.0696188
0.0667236
0.0636633
0.060512
0.0573149
0.0541258
0.0517652
0.048581
0.0455167
0.0443967
0.0461944
0.049846
0.0508715
0.0515776
0.0519958
0.0521259
0.0539673
0.0535804
0.0530058
0.0522401
0.0513287
0.0502785
0.0507406
0.0494609
0.0480988
0.0466639
0.045201
0.0450386
0.043468
0.0418885
0.0403085
0.0387585
0.0383182
0.0367463
0.0351927
0.0336929
0.0322254
0.0308071
0.0302756
0.0288507
0.0274116
0.0259545
0.0245041
0.0237487
0.0222569
0.0207826
0.0193191
0.0178677
0.0170069
0.0155565
0.0141185
0.0126929
0.0112656
0.00984935
0.00890039
0.00749668
0.00609697
0.00631849
0.00698733
0.00796476
0.00881913
0.00978314
0.0108569
0.0120353
0.0134386
0.0147608
0.0161255
0.0175376
0.0190171
0.0205366
0.0221698
0.0237598
0.0253737
0.0269662
0.0285293
0.0300737
0.0315056
0.0328171
0.0340049
0.0350153
0.0359411
0.0365381
0.0368428
0.0368217
0.0364322
0.0355985
0.0346328
0.0327156
0.0341466
0.0412408
0.0480944
0.0531735
0.0581846
0.0621325
0.06503
0.0726779
0.0811326
0.0911002
0.101155
0.111236
0.121309
0.131416
0.140201
0.150428
0.16076
0.171185
0.18166
0.19073
0.17887
0.190051
0.201603
0.200864
0.190799
0.176577
0.158569
0.137951
0.115649
0.0923511
0.0674006
0.0613049
0.0682814
0.0734522
0.076895
0.0778851
0.0782527
0.0774183
0.0881952
0.0996959
0.110364
0.117869
0.12349
0.127352
0.129592
0.13042
0.130783
0.129229
0.126868
0.123914
0.120561
0.117108
0.113283
0.109446
0.105615
0.10177
0.0973144
0.0931845
0.0888625
0.0842687
0.0793566
0.0741487
0.0678449
0.0621076
0.0562351
0.0503941
0.0446814
0.0382085
0.0330223
0.0282562
0.0239381
0.0221695
0.0224478
0.0218392
0.0213316
0.0209096
0.0205622
0.020282
0.0206913
0.0205089
0.0203756
0.0202919
0.0202598
0.0206685
0.0206726
0.0206897
0.0207291
0.020786
0.0218769
0.0218384
0.0216904
0.0214343
0.0213545
0.0214332
0.0217013
0.0217877
0.0218706
0.0219508
0.0220319
0.0222131
0.022253
0.0222781
0.0222737
0.0222017
0.0221701
0.0220114
0.0218125
0.0225919
0.0234263
0.0241461
0.0239186
0.0244262
0.0248041
0.0250713
0.0252199
0.0246361
0.0245897
0.0244325
0.0241543
0.0237778
0.0228279
0.0222719
0.0216464
0.0209544
0.0201834
0.0193263
0.0181218
0.017536
0.0170391
0.0164653
0.0157951
0.0150857
0.0142316
0.0132288
0.0120674
0.0107303
0.0106263
0.0101928
0.00956801
0.00875255
0.00888241
0.00947201
0.0100395
0.0107689
0.0115545
0.0149469
0.0189555
0.0226507
0.0271753
0.0320168
0.0404045
0.0464614
0.0521878
0.0597227
0.0631122
0.0636826
0.0625854
0.0604951
0.0564498
0.0533894
0.0502467
0.0470873
0.0439518
0.039138
0.0363437
0.0337486
0.0313007
0.0291121
0.0248637
0.0228775
0.0210173
0.0193433
0.0178849
0.0165989
0.0132461
0.0121345
0.0120206
0.0119065
0.0117971
0.0104574
0.0102113
0.00993513
0.00956122
0.00918248
0.00791228
0.00816976
0.00862754
0.00904485
0.00940606
0.00967981
0.00845469
0.0085776
0.00863512
0.00860545
0.00848259
0.00723208
0.00703555
0.00679543
0.0065585
0.00632836
0.00527897
0.0050209
0.00464789
0.00418001
0.00358538
0.00304605
0.00205012
0.00194605
0.00215795
0.00251812
0.00295624
0.00400574
0.00449333
0.00505862
0.00568014
0.00631435
0.00730708
0.00771903
0.00801086
0.00808811
0.007953
0.00759713
0.00752025
0.00687313
0.00616977
0.0054909
0.00551365
0.00536848
0.00527799
0.00508634
0.00490627
0.00525225
0.00564834
0.00604029
0.00624073
0.0063723
0.00655387
0.00675916
0.00692364
0.00704943
0.00707088
0.0070162
0.00698946
0.00735946
0.00779694
0.00804371
0.0081166
0.00801492
0.00764614
0.00713084
0.00638109
0.00538098
0.00446446
0.00401972
0.00345466
0.00329848
0.00403167
0.00696132
0.0102064
0.0134352
0.0175142
0.0220346
0.0271265
0.0328233
0.038385
0.0453879
0.0532034
0.0617789
0.0737009
0.0835238
0.0929431
0.0965816
0.0936489
0.0859541
0.075137
0.0605873
0.046781
0.036996
0.0338495
0.0297302
0.0274732
0.0282982
0.0282455
0.0287531
0.0328966
0.0356596
0.0388783
0.039258
0.03868
0.0373686
0.0354403
0.0341989
0.031453
0.028516
0.0254698
0.0253288
0.024317
0.0238288
0.0230678
0.0220826
0.0209003
0.0195937
0.0171923
0.0157032
0.0141427
0.0125394
0.0109033
0.00830716
0.00675535
0.00527379
0.00381619
0.0024001
0.00162813
0.00221655
0.00291613
0.00407943
0.00523582
0.00636381
0.00765815
0.00862911
0.00958019
0.0104241
0.0111779
0.0120534
0.012679
0.0132416
0.0137105
0.0140719
0.0145356
0.0146795
0.0146926
0.0145827
0.0144253
0.0142432
0.0142695
0.0141191
0.0139724
0.0138079
0.013644
0.0137095
0.0136102
0.0135086
0.0133586
0.013116
0.0129731
0.0125787
0.0121316
0.0116466
0.011134
0.0106061
0.0102372
0.00998144
0.00981741
0.00964487
0.00946558
0.00921616
0.00904326
0.00887832
0.00871992
0.00855662
0.00833184
0.00813931
0.00793238
0.00772537
0.00752167
0.00732987
0.0071117
0.0069112
0.00670063
0.00648621
0.00626478
0.00602412
0.00577763
0.0055245
0.00526984
0.00501487
0.00476097
0.00471054
0.00462475
0.00451048
0.00436799
0.0042022
0.00399739
0.00380285
0.00359845
0.00338858
0.00317283
0.00294399
0.00270005
0.00294966
0.00326763
0.00360939
0.000757456
0.00244816
0.0153639
0.0285666
0.0388008
0.0421445
0.0480229
0.0528233
0.0568623
0.0603389
0.0568702
0.0592888
0.0613402
0.0630164
0.0642784
0.0650926
0.0589856
0.0590872
0.0587887
0.0581501
0.0571093
0.0523326
0.0550125
0.0573965
0.0595077
0.0613251
0.0548076
0.0560398
0.0570606
0.0577235
0.0580479
0.0579354
0.0502792
0.0493841
0.047805
0.0455361
0.0425817
0.0337083
0.0298216
0.0253115
0.0202459
0.0148519
0.0106154
0.0138846
0.0168622
0.0195317
0.0218486
0.025459
0.0328388
0.0389134
0.044935
0.0509163
0.0568384
0.0622738
0.0677197
0.0730281
0.0781971
0.083264
0.0870138
0.0916337
0.0960018
0.100152
0.104112
0.107927
0.110002
0.11348
0.116842
0.120088
0.123223
0.124542
0.127402
0.130127
0.132726
0.135216
0.13596
0.138224
0.140376
0.142426
0.144323
0.1461
0.146287
0.147831
0.149227
0.150466
0.151556
0.151268
0.152097
0.152746
0.153226
0.153532
0.15265
0.152635
0.152415
0.151993
0.151363
0.150513
0.148717
0.147342
0.145657
0.143684
0.141401
0.138433
0.135595
0.132444
0.128949
0.125072
0.123894
0.124247
0.124497
0.124624
0.124615
0.124473
0.124192
0.123756
0.12315
0.122368
0.121402
0.12036
0.119033
0.117496
0.115749
0.113789
0.111856
0.109523
0.107047
0.106971
0.117651
0.129117
0.142147
0.15796
0.16862
0.175316
0.178935
0.180274
0.179735
0.177625
0.174207
0.169754
0.170711
0.175382
0.179459
0.182939
0.185852
0.188239
0.189997
0.191589
0.192869
0.193946
0.220826
0.221343
0.222549
0.215283
0.203557
0.18823
0.17004
0.163652
0.159978
0.154039
0.14608
0.136323
0.124866
0.133188
0.140751
0.147375
0.152787
0.153568
0.155905
0.156653
0.155778
0.153301
0.145839
0.140357
0.133605
0.126568
0.126545
0.12509
0.125485
0.121669
0.116947
0.111444
0.105303
0.10129
0.0941192
0.0866844
0.0791331
0.0715713
0.066122
0.0591547
0.0559355
0.0526133
0.049271
0.0459497
0.0434909
0.0402153
0.0386663
0.0409509
0.0428734
0.0466636
0.047864
0.0487757
0.0494312
0.0498425
0.0519446
0.051868
0.0515952
0.0511452
0.0505737
0.0498793
0.0506475
0.0497047
0.0486654
0.0475491
0.0463901
0.046486
0.0451951
0.0438823
0.0425373
0.0411895
0.0409116
0.0395283
0.0381672
0.036854
0.0355574
0.0343005
0.0339143
0.0326908
0.0314967
0.030308
0.0291483
0.0286793
0.0275335
0.0263985
0.0252561
0.0241146
0.0235255
0.0223693
0.021208
0.0200372
0.0188409
0.0176351
0.0168489
0.0156027
0.0143425
0.0130966
0.0118462
0.0109618
0.00968721
0.00902359
0.009822
0.0107569
0.0119793
0.0131708
0.0144791
0.0158833
0.0174025
0.0190083
0.0207513
0.022507
0.0243264
0.0261841
0.0280441
0.0298773
0.0316506
0.0333018
0.0347921
0.0360592
0.0371486
0.0378791
0.0382578
0.0382895
0.0379326
0.0371284
0.0362243
0.0345336
0.0322988
0.029373
0.0326886
0.0361156
0.0391997
0.0413129
0.0425351
0.0429466
0.0427719
0.0439184
0.0548447
0.0662259
0.0779106
0.0898544
0.100325
0.112535
0.124861
0.137343
0.150012
0.161208
0.152034
0.166183
0.180862
0.18347
0.176443
0.16581
0.151363
0.134248
0.11528
0.0951478
0.0727699
0.0649227
0.0693145
0.0739276
0.0767837
0.0772255
0.0768903
0.0752319
0.072433
0.0815536
0.0923591
0.100298
0.106671
0.111559
0.115048
0.11728
0.118941
0.118875
0.117876
0.116046
0.11347
0.110331
0.106388
0.10189
0.0968567
0.0912923
0.0849558
0.0783141
0.0711959
0.0636175
0.0556273
0.0512475
0.0511878
0.0490543
0.0465152
0.0436352
0.0404551
0.038584
0.0349575
0.0312431
0.0310429
0.0347657
0.0418744
0.0475309
0.0526025
0.0570573
0.0609052
0.0641042
0.0681594
0.0704801
0.0724095
0.073935
0.0750667
0.0773459
0.0778513
0.078034
0.0778639
0.0773182
0.0779564
0.0767675
0.0752842
0.073491
0.0713983
0.0690172
0.0679529
0.0650771
0.0619735
0.0586671
0.0551848
0.0530931
0.0493665
0.0455498
0.0416622
0.0377687
0.0353032
0.031448
0.0276676
0.0239823
0.0204404
0.0170415
0.0149609
0.0129699
0.0117645
0.010663
0.00964343
0.00936964
0.00888469
0.00916854
0.00926303
0.0091542
0.00880989
0.00831489
0.00761135
0.00667927
0.00549691
0.00606533
0.00685926
0.00777728
0.0086094
0.00933878
0.00997697
0.0104439
0.0119338
0.0151094
0.0184465
0.0219168
0.0250681
0.0286864
0.0323306
0.0359519
0.0395161
0.0429833
0.0459292
0.0490931
0.0520702
0.0548534
0.0573973
0.0634106
0.072078
0.078746
0.101016
0.106423
0.11099
0.11712
0.119045
0.118036
0.115221
0.111262
0.10548
0.10032
0.0948646
0.08918
0.0832914
0.075568
0.0697464
0.0647612
0.0596774
0.0545697
0.0482551
0.0432483
0.0383889
0.0337844
0.0294448
0.0254728
0.0200654
0.0167181
0.0139601
0.0141175
0.014244
0.0130565
0.0130862
0.0130871
0.0130048
0.0127826
0.0112783
0.0108945
0.0104802
0.0100238
0.00955596
0.00912795
0.00763126
0.00720112
0.00671377
0.00622012
0.00604692
0.00707707
0.00716171
0.00728564
0.00745947
0.00747579
0.008771
0.00858925
0.0083118
0.00802224
0.00779222
0.00765958
0.00877719
0.00872698
0.00870427
0.00856894
0.00830799
0.00896175
0.00854609
0.00813854
0.00775712
0.00745591
0.00803673
0.00784545
0.00775148
0.00770767
0.00764161
0.00758386
0.00810032
0.00843824
0.00878327
0.00905722
0.00934867
0.00963053
0.00989341
0.0100386
0.0100538
0.00995523
0.00980151
0.0096147
0.0100936
0.0105745
0.0111304
0.0117481
0.0120925
0.0126345
0.0131368
0.0135842
0.0140058
0.0141971
0.0144603
0.0145755
0.0145451
0.0143881
0.0140119
0.0134883
0.0127188
0.0116532
0.0103014
0.00864571
0.00687104
0.00462244
0.00201651
0.00122977
0.00441684
0.00792616
0.0123312
0.0172349
0.0226625
0.0286614
0.0344432
0.0415893
0.0494343
0.0580157
0.0699561
0.0798675
0.0893069
0.0929994
0.0902597
0.0828033
0.0722718
0.0580669
0.0449937
0.0382993
0.0354418
0.0315342
0.0266726
0.0214769
0.0204011
0.0239643
0.0279412
0.0306565
0.0338715
0.034374
0.0340851
0.0331965
0.0318445
0.0311888
0.0291767
0.0283992
0.0293036
0.0297035
0.0287536
0.0282703
0.0274418
0.0263222
0.0249618
0.0234176
0.0207821
0.018999
0.0171629
0.0153283
0.0135295
0.0107501
0.0088993
0.0070419
0.00520116
0.00338602
0.00263476
0.00271916
0.00291967
0.00394315
0.00496066
0.00599056
0.00778389
0.00856966
0.00922149
0.00973251
0.010127
0.0112319
0.0114314
0.0115685
0.0116332
0.0119421
0.0123719
0.0125149
0.012592
0.0126084
0.0125626
0.0124611
0.0125258
0.0123222
0.0120759
0.0117927
0.0114784
0.0113483
0.010977
0.0105627
0.0100907
0.00959231
0.00928763
0.00877933
0.00828201
0.00779897
0.00734501
0.00692111
0.00667483
0.00628257
0.00590955
0.00556263
0.00524789
0.00509953
0.00489055
0.00472863
0.00460133
0.00448668
0.00446099
0.00436676
0.00430201
0.00427739
0.00429016
0.00434837
0.00448799
0.00461861
0.00476874
0.00493374
0.00512019
0.00534467
0.00558184
0.00584938
0.00615038
0.00647889
0.00679372
0.0071051
0.00742033
0.0077503
0.00810456
0.00847402
0.00883408
0.00922833
0.00963217
0.01005
0.0104876
0.0108685
0.0112021
0.011494
0.0117597
0.0119909
0.000757456
0.00245062
0.0154825
0.0287751
0.0388884
0.0419004
0.0471366
0.051026
0.053897
0.0559753
0.0511745
0.052053
0.0526379
0.0530056
0.0532038
0.0532478
0.0467149
0.0465696
0.0462553
0.0457441
0.0449955
0.0388021
0.0405989
0.0426149
0.044521
0.0463147
0.0398577
0.0413407
0.0425807
0.0435283
0.0441475
0.0443263
0.0369833
0.0365004
0.0355194
0.036296
0.0368095
0.0345257
0.0343315
0.033845
0.0330952
0.0339179
0.0365559
0.0415366
0.0462835
0.0507012
0.0547353
0.0583405
0.0581696
0.0607491
0.06278
0.0642465
0.0651326
0.0620582
0.0627271
0.0657608
0.0685013
0.0709987
0.0724277
0.0744746
0.0764354
0.07837
0.0802962
0.0822592
0.082862
0.0848126
0.0867865
0.0887417
0.0906724
0.0909881
0.0927532
0.094384
0.0958604
0.0971597
0.0967892
0.0976487
0.0982383
0.0985362
0.0984951
0.0981143
0.101279
0.104736
0.108069
0.11126
0.114279
0.117159
0.119788
0.122207
0.124415
0.126398
0.128177
0.129715
0.131022
0.132102
0.132953
0.133576
0.134043
0.134244
0.13425
0.134068
0.13371
0.133293
0.135994
0.145189
0.154738
0.164648
0.174413
0.184978
0.195926
0.207273
0.219032
0.231221
0.242829
0.255832
0.269311
0.283285
0.297785
0.311347
0.326858
0.342959
0.359664
0.376988
0.394452
0.419012
0.44401
0.469386
0.495064
0.520912
0.542649
0.563346
0.580007
0.593395
0.604254
0.612224
0.619304
0.624472
0.627826
0.629412
0.629566
0.628138
0.625364
0.62159
0.617336
0.612752
0.608867
0.604676
0.601045
0.598267
0.596242
0.595163
0.595744
0.597672
0.597675
0.594776
0.587653
0.577914
0.564824
0.548507
0.529198
0.50721
0.480903
0.454406
0.426286
0.396879
0.366389
0.332799
0.311804
0.296209
0.279508
0.261881
0.241851
0.222922
0.203711
0.184338
0.164854
0.145556
0.124471
0.106493
0.0963413
0.0862179
0.0762564
0.0642551
0.0549121
0.0460539
0.0377716
0.0326884
0.0344485
0.0337267
0.0320909
0.0296767
0.0266448
0.0254923
0.0287344
0.0282526
0.0270818
0.0253239
0.0230966
0.0232176
0.0202562
0.0170861
0.0143226
0.015569
0.0165146
0.0178287
0.0193549
0.0204673
0.0211684
0.0215069
0.0219994
0.0217614
0.0212783
0.0205924
0.0197147
0.0193393
0.0182228
0.0170188
0.0157648
0.0149941
0.0141142
0.0140483
0.0138575
0.0135436
0.0131432
0.0126597
0.0114977
0.010924
0.0105316
0.0103279
0.010062
0.00924367
0.00887252
0.00842422
0.00789114
0.00728694
0.00636835
0.00571325
0.00501374
0.00425079
0.00343851
0.0026202
0.00294052
0.00370684
0.0045556
0.00573451
0.00718386
0.00816651
0.00966037
0.0111277
0.0125631
0.0139436
0.0148002
0.0160228
0.0171287
0.0180943
0.0188757
0.0200043
0.0209224
0.0219885
0.0229311
0.0237187
0.0243275
0.0246372
0.0249106
0.0249325
0.0246818
0.0240949
0.0232348
0.023916
0.0269336
0.0301447
0.0335377
0.037067
0.0403174
0.0441346
0.0481164
0.0522592
0.0550431
0.0552713
0.0558824
0.0625856
0.0695833
0.0767904
0.0831337
0.0906956
0.0984868
0.106557
0.11491
0.123551
0.131222
0.14039
0.149831
0.159506
0.169348
0.177998
0.16578
0.176689
0.187984
0.187145
0.177076
0.163045
0.145292
0.125049
0.103165
0.0803902
0.0669325
0.0648796
0.0721319
0.0775166
0.0811265
0.0822307
0.0827049
0.0819429
0.0933037
0.103681
0.11331
0.119554
0.123854
0.126322
0.127098
0.126376
0.125316
0.122058
0.117894
0.113022
0.107616
0.102244
0.09609
0.0898045
0.0834578
0.0770974
0.0705064
0.0640733
0.0576784
0.0513025
0.0449472
0.0386239
0.0316121
0.0253204
0.0225961
0.0242206
0.0260814
0.0282622
0.0294442
0.0303616
0.0310434
0.0315391
0.0326467
0.0328414
0.0329078
0.0329876
0.0346063
0.0356627
0.0378192
0.0379196
0.0375968
0.0368946
0.0358463
0.0362576
0.0346839
0.0329169
0.0309439
0.0290438
0.0291496
0.0287137
0.0282321
0.0276926
0.0270912
0.0264289
0.0261228
0.0253264
0.0244423
0.0234467
0.0223637
0.0216124
0.0203808
0.0190753
0.0177109
0.0162707
0.0151716
0.0136697
0.0121381
0.0106144
0.00954837
0.00931302
0.00839818
0.00803687
0.00800446
0.00837856
0.00865035
0.00819093
0.00828409
0.00823906
0.00807437
0.00778271
0.00689879
0.0063839
0.00574217
0.00501164
0.00422527
0.00334422
0.00210151
0.00187676
0.00206862
0.00325106
0.0049611
0.00668332
0.00880013
0.0111448
0.0136891
0.0164456
0.0190406
0.0220656
0.0251971
0.0283845
0.0315881
0.0347912
0.037589
0.0407069
0.0437289
0.0466239
0.0499692
0.05768
0.06616
0.072595
0.094755
0.100164
0.104859
0.111201
0.113379
0.112686
0.110219
0.106629
0.101119
0.0962694
0.0911819
0.0858878
0.0805321
0.0735789
0.0682389
0.0630115
0.0579168
0.05297
0.0463926
0.0417528
0.0372796
0.0329603
0.0288669
0.0252785
0.0201573
0.0170092
0.0141537
0.0116229
0.0103148
0.0089251
0.0086911
0.00837731
0.00799094
0.00753185
0.00585366
0.00607927
0.00645956
0.00668222
0.00673406
0.00659431
0.00764692
0.0073569
0.00706531
0.00670134
0.00628137
0.00748327
0.00687765
0.00634958
0.00588551
0.00537386
0.00626174
0.00554636
0.0048825
0.00425094
0.00361562
0.00299604
0.00377011
0.00370666
0.00355094
0.00445116
0.00534718
0.00565159
0.00646221
0.00717366
0.00773066
0.00809859
0.0079498
0.00798544
0.00838976
0.00917993
0.00979408
0.0103753
0.0107796
0.0111665
0.0113303
0.0114497
0.0116169
0.0117379
0.0118983
0.0121011
0.0123173
0.0126725
0.0128559
0.0132124
0.0134652
0.0135975
0.0136025
0.0135103
0.013174
0.0130452
0.0130481
0.0131635
0.0133436
0.0134014
0.0136153
0.0137956
0.0138697
0.0137677
0.0134108
0.0129392
0.0122311
0.0113027
0.0101555
0.00873777
0.00730783
0.0067265
0.00603182
0.00518205
0.00623507
0.00850192
0.0113491
0.0150127
0.0203217
0.0261851
0.0318368
0.0388917
0.0466119
0.0551262
0.0671766
0.0771882
0.0868309
0.0908771
0.0886285
0.0817393
0.0717773
0.0580962
0.0455116
0.0349382
0.0318557
0.027634
0.0224411
0.0203792
0.0201192
0.0253275
0.0298871
0.0331935
0.036929
0.0380458
0.0383742
0.0380627
0.037213
0.0369241
0.0352643
0.0334095
0.0340459
0.0342618
0.0331496
0.0324788
0.0314668
0.0301746
0.0286497
0.0269403
0.0241684
0.022239
0.0202629
0.0182485
0.016216
0.0132603
0.0112919
0.00938684
0.00756231
0.00583151
0.00460288
0.00397831
0.0047622
0.00549895
0.0061864
0.00681722
0.00761276
0.00813517
0.00861707
0.00907043
0.00950319
0.0101407
0.0105339
0.0109089
0.0112634
0.0115964
0.0121141
0.0124122
0.0126879
0.0129381
0.0131565
0.0133691
0.0137489
0.0139312
0.0140755
0.0141825
0.0142577
0.014469
0.0144938
0.0145002
0.0145004
0.0145022
0.0146434
0.0146342
0.0146171
0.0145719
0.0145027
0.0144382
0.0145018
0.0144508
0.0143979
0.0143485
0.014312
0.0143765
0.0143579
0.0143502
0.0143565
0.0143676
0.0144519
0.0144722
0.014501
0.0145437
0.0145948
0.0146471
0.014737
0.0147476
0.0147223
0.0146755
0.0146216
0.0146044
0.0145158
0.0144091
0.0142852
0.0141528
0.0140821
0.0139807
0.0138521
0.0137047
0.0135458
0.0133753
0.0132374
0.0130399
0.0128271
0.0126095
0.0123681
0.0121567
0.0118904
0.0116432
0.011416
0.0111864
0.000757456
0.00245062
0.0154825
0.0287751
0.0388884
0.0419004
0.0471366
0.051026
0.053897
0.0559753
0.0511745
0.052053
0.0526379
0.0530056
0.0532038
0.0532478
0.0467149
0.0465696
0.0462553
0.0457441
0.0449955
0.0388021
0.0405989
0.0426149
0.044521
0.0463147
0.0398577
0.0413407
0.0425807
0.0435283
0.0441475
0.0443263
0.0369833
0.0365004
0.0355194
0.036296
0.0368095
0.0345257
0.0343315
0.033845
0.0330952
0.0339179
0.0365559
0.0415366
0.0462835
0.0507012
0.0547353
0.0583405
0.0581696
0.0607491
0.06278
0.0642465
0.0651326
0.0620582
0.0627271
0.0657608
0.0685013
0.0709987
0.0724277
0.0744746
0.0764354
0.07837
0.0802962
0.0822592
0.082862
0.0848126
0.0867865
0.0887417
0.0906724
0.0909881
0.0927532
0.094384
0.0958604
0.0971597
0.0967892
0.0976487
0.0982383
0.0985362
0.0984951
0.0981143
0.101279
0.104736
0.108069
0.11126
0.114279
0.117159
0.119788
0.122207
0.124415
0.126398
0.128177
0.129715
0.131022
0.132102
0.132953
0.133576
0.134043
0.134244
0.13425
0.134068
0.13371
0.133293
0.135994
0.145189
0.154738
0.164648
0.174413
0.184978
0.195927
0.207276
0.219036
0.231227
0.242838
0.255843
0.269324
0.2833
0.297805
0.31137
0.326887
0.342993
0.359706
0.377042
0.393902
0.418352
0.443229
0.468445
0.493927
0.519538
0.541055
0.561463
0.577796
0.590808
0.601279
0.608901
0.61551
0.620098
0.622731
0.62329
0.622434
0.619773
0.615852
0.610875
0.605204
0.599133
0.593836
0.587885
0.582533
0.578051
0.574526
0.572268
0.571652
0.572468
0.571443
0.567603
0.559728
0.549221
0.535503
0.518701
0.499062
0.476887
0.450545
0.424162
0.396296
0.367279
0.337305
0.304258
0.288182
0.272497
0.255845
0.238411
0.218637
0.200093
0.181378
0.162581
0.143725
0.125084
0.104627
0.0871433
0.0764045
0.0667611
0.0573398
0.0458618
0.0371686
0.0370164
0.0389549
0.0396352
0.0406384
0.0391467
0.0368521
0.0338976
0.0336117
0.0340234
0.0366454
0.0354939
0.0336991
0.0313734
0.0286532
0.0284031
0.0250741
0.021585
0.0180354
0.0158669
0.0163143
0.0142419
0.0143921
0.0154916
0.0162348
0.0166752
0.0173196
0.017331
0.0171624
0.0168508
0.0163964
0.0164165
0.0157915
0.0150954
0.0143546
0.0135644
0.0133589
0.0125675
0.0117893
0.0113798
0.0112367
0.0110092
0.0100743
0.00975382
0.00935668
0.00890683
0.00840509
0.00794447
0.00796208
0.00790036
0.00774028
0.00749839
0.0076467
0.0074868
0.00727373
0.00698783
0.00661975
0.0061746
0.00605006
0.00545007
0.00476393
0.00402191
0.00322159
0.00279629
0.00321793
0.00387352
0.00456762
0.00531305
0.00617929
0.00703721
0.00796817
0.00896297
0.0100653
0.0112516
0.0124763
0.0138411
0.0153437
0.0169952
0.0188006
0.020585
0.0226968
0.0249489
0.0273612
0.029913
0.0323049
0.0351117
0.0380398
0.0410968
0.044282
0.0475531
0.0504932
0.0538869
0.0574124
0.0610932
0.0634705
0.0633559
0.0625179
0.0611627
0.0655257
0.0714992
0.0768825
0.0834234
0.0902946
0.0975401
0.105193
0.113295
0.120634
0.129553
0.138884
0.148571
0.158566
0.167446
0.1556
0.167025
0.178924
0.17872
0.169266
0.155941
0.138929
0.119446
0.0983623
0.0763899
0.0553646
0.0603419
0.0676052
0.073043
0.0767432
0.0779722
0.0786127
0.0787935
0.0904995
0.100131
0.109113
0.114628
0.118215
0.120007
0.120154
0.118871
0.117381
0.113708
0.109225
0.104135
0.0986183
0.0932431
0.0871966
0.0811482
0.0751724
0.0693659
0.0634393
0.0579196
0.0526478
0.0475554
0.0426464
0.0378572
0.0322506
0.0297388
0.0268133
0.0235402
0.0241835
0.0258577
0.0265682
0.0271109
0.0275207
0.0277708
0.0286868
0.0286938
0.0286006
0.0283943
0.0280771
0.0276316
0.0278361
0.0272018
0.0265049
0.025753
0.024986
0.0248216
0.0239752
0.0230898
0.0222219
0.0213552
0.021057
0.0201752
0.0193104
0.0184308
0.017525
0.0166339
0.0161684
0.0151991
0.0142235
0.0132381
0.0122769
0.011651
0.0106316
0.00962855
0.0086274
0.00761262
0.00703622
0.00632111
0.00564075
0.00503873
0.00450057
0.00402382
0.00369466
0.00332764
0.0029989
0.00295744
0.00343978
0.00354399
0.0042904
0.00496302
0.00554278
0.00602873
0.00630442
0.00662314
0.00686163
0.00700606
0.00704181
0.00740818
0.00829048
0.00892894
0.00955977
0.010213
0.0108798
0.0116932
0.012252
0.0126886
0.0129801
0.0130678
0.0131298
0.0126969
0.0119035
0.0125364
0.0133918
0.0139989
0.0152549
0.0178257
0.0204559
0.0231332
0.0258557
0.0283206
0.0316691
0.0358006
0.0544888
0.0597969
0.0644347
0.0706633
0.072743
0.0721743
0.0700593
0.0669797
0.0620907
0.0580976
0.0539568
0.0498431
0.0458183
0.0406831
0.036986
0.0333608
0.0298769
0.0265882
0.0220239
0.0191992
0.0167501
0.0148474
0.0132185
0.0118241
0.00880195
0.00912454
0.00933947
0.00944218
0.00942309
0.00815621
0.00792985
0.00761519
0.00723547
0.00677885
0.00542317
0.00490858
0.00437634
0.00382476
0.00336507
0.00373768
0.0033098
0.00379769
0.00423124
0.00461508
0.00493768
0.00619377
0.0063471
0.00643343
0.00651366
0.00661139
0.00762348
0.00774046
0.00783784
0.00792083
0.00799988
0.00806511
0.00884962
0.00882744
0.00875234
0.00863122
0.00849581
0.0089893
0.00880512
0.0085705
0.00823593
0.00776788
0.00777227
0.0070887
0.00632508
0.00551797
0.00467093
0.00380876
0.00346654
0.00311491
0.00301825
0.003235
0.0032248
0.00314436
0.00317424
0.00328981
0.00340527
0.00355609
0.00371373
0.00390225
0.00404732
0.00420693
0.00456925
0.00483833
0.00489978
0.0052064
0.00558036
0.00625516
0.00696658
0.00761948
0.00830328
0.00896695
0.00947024
0.00980408
0.00989209
0.0098035
0.00951434
0.00904361
0.00837017
0.00739965
0.00634487
0.0048208
0.00296827
0.00551467
0.00871914
0.0119331
0.0159899
0.0204972
0.0256063
0.0313529
0.0369731
0.0440135
0.0517723
0.0602473
0.0721415
0.0819304
0.0912537
0.0948666
0.092192
0.0848775
0.0744208
0.0600284
0.0463174
0.0365421
0.0328523
0.0282017
0.0227572
0.0207936
0.0221633
0.0279766
0.0321747
0.0350202
0.0383918
0.0387243
0.0380441
0.0367374
0.0349489
0.0340675
0.0318526
0.0295753
0.0271318
0.024749
0.0233274
0.0227146
0.0218266
0.020903
0.0199631
0.0189449
0.0167656
0.0155956
0.0144956
0.0134287
0.0124021
0.0102696
0.00917768
0.00803366
0.00694871
0.00593776
0.00400013
0.00388387
0.00393623
0.00395629
0.00394279
0.00390616
0.00331771
0.00324246
0.0034011
0.00386038
0.00428647
0.00471497
0.00488725
0.00502646
0.00510719
0.0051122
0.00567952
0.00541371
0.00507849
0.00466418
0.00422949
0.00396383
0.00396958
0.00373289
0.00357527
0.00345269
0.00333518
0.00336906
0.00326815
0.00317082
0.00306347
0.00298132
0.00294214
0.00298518
0.00296962
0.00289358
0.00275321
0.00258747
0.00230324
0.00209565
0.00189005
0.00174305
0.00162208
0.00145242
0.00136454
0.0012912
0.00121669
0.00116009
0.0010296
0.000981063
0.00101128
0.00105569
0.00110441
0.00116615
0.00124802
0.0013182
0.00138558
0.00145602
0.00150132
0.00155111
0.00154977
0.00152288
0.00145966
0.00137757
0.00129566
0.00122035
0.00138704
0.00161923
0.00186056
0.0021053
0.00234029
0.00257646
0.00282364
0.00307897
0.00336245
0.00363931
0.0039344
0.00421624
0.0045027
0.00479612
0.000757456
0.00245257
0.0154597
0.028761
0.0388615
0.0418467
0.0471098
0.0511649
0.054372
0.0569352
0.0526515
0.0541806
0.0554076
0.0563517
0.0570154
0.0573724
0.0509612
0.050768
0.0502562
0.0494103
0.0482488
0.0416462
0.0426282
0.0440086
0.0450896
0.0458569
0.0383806
0.0385977
0.038511
0.0381473
0.037511
0.0366581
0.0283712
0.027074
0.0253301
0.0232012
0.0206317
0.013625
0.0123503
0.0108317
0.00906102
0.00817413
0.0105497
0.0152219
0.0201682
0.0253185
0.0305949
0.0359504
0.0423901
0.04739
0.0523072
0.0570997
0.0617333
0.0659762
0.0699815
0.0737993
0.0774436
0.0809181
0.0832508
0.0863777
0.089461
0.092528
0.0955883
0.0986565
0.100204
0.103221
0.106264
0.109304
0.112345
0.113654
0.116595
0.11945
0.122223
0.124907
0.125825
0.128258
0.13054
0.132664
0.134591
0.136345
0.136453
0.137812
0.138923
0.139781
0.140376
0.139576
0.139882
0.1401
0.140221
0.140223
0.13911
0.138821
0.138272
0.13752
0.136613
0.135537
0.133627
0.13222
0.131359
0.132301
0.133124
0.133779
0.134367
0.134829
0.13517
0.135361
0.13541
0.135327
0.135086
0.13466
0.134044
0.133197
0.132229
0.13093
0.129371
0.127547
0.125453
0.123366
0.120779
0.117936
0.114837
0.111509
0.108369
0.104677
0.108753
0.118928
0.129945
0.146796
0.164784
0.180643
0.19113
0.197296
0.200241
0.200974
0.199573
0.196407
0.191826
0.186092
0.180601
0.174002
0.168857
0.171829
0.174256
0.176179
0.17754
0.178689
0.179527
0.180153
0.206561
0.206708
0.207574
0.200022
0.188037
0.172464
0.159449
0.157226
0.152617
0.145958
0.137541
0.12768
0.124199
0.132673
0.140461
0.147273
0.152813
0.153618
0.155826
0.156184
0.154627
0.1512
0.14272
0.135943
0.127824
0.120413
0.118899
0.116177
0.115613
0.110927
0.105547
0.0995453
0.0930458
0.0888581
0.0815852
0.0755689
0.0735985
0.0711934
0.0701643
0.0670372
0.0637514
0.0603565
0.0569244
0.0534977
0.0509306
0.0491536
0.0516283
0.0536805
0.0553647
0.0589274
0.059873
0.060509
0.0608944
0.0610247
0.0629013
0.0625802
0.0620951
0.0614342
0.0606471
0.0597304
0.0603088
0.0591508
0.0578978
0.0565623
0.0551925
0.0550944
0.0535832
0.052055
0.050503
0.0489628
0.0485332
0.0469759
0.0454402
0.0439443
0.0424686
0.0410209
0.0404632
0.0390475
0.0376787
0.0363286
0.0350076
0.0343916
0.0330931
0.0318267
0.0305637
0.0292717
0.0285287
0.0271896
0.0258452
0.0244709
0.0230588
0.0216166
0.0206103
0.0190884
0.0175238
0.0159407
0.0143314
0.0131216
0.0114709
0.0113219
0.0119411
0.0126945
0.0137538
0.0147448
0.0158574
0.017074
0.0184168
0.0198559
0.0214577
0.0230503
0.0247022
0.0263766
0.0280507
0.029709
0.0312705
0.0326822
0.0339197
0.0349273
0.0357927
0.0362586
0.0363838
0.0361548
0.0355406
0.0344997
0.0334139
0.0315183
0.0291335
0.0309523
0.0365854
0.040725
0.0446067
0.0474545
0.0493186
0.0502717
0.0504798
0.0501953
0.0547765
0.0668422
0.0792194
0.0917985
0.102794
0.115548
0.128377
0.141279
0.154268
0.165644
0.156537
0.170612
0.185066
0.187338
0.179962
0.16888
0.153953
0.136323
0.116847
0.0961954
0.0733728
0.0641287
0.0706779
0.0753766
0.0782663
0.0786626
0.0781788
0.0762872
0.0731877
0.0821321
0.0926597
0.100203
0.106058
0.110311
0.113051
0.114425
0.11525
0.114141
0.112058
0.109138
0.105508
0.101522
0.0967811
0.0917418
0.0864753
0.0810587
0.0751317
0.0692923
0.0632823
0.0570922
0.0522531
0.0507345
0.0506003
0.0484895
0.0461112
0.0434701
0.0406486
0.0391521
0.0360701
0.0341487
0.0354232
0.0364501
0.037952
0.0385605
0.0389949
0.0392763
0.0394094
0.0393887
0.039896
0.039563
0.0391049
0.0385729
0.0379389
0.0381297
0.0381668
0.0380737
0.0378249
0.0374666
0.0384562
0.037856
0.0371306
0.0362926
0.03534
0.0342694
0.0344579
0.0331343
0.0316942
0.0301573
0.0284993
0.028052
0.0262183
0.0243105
0.0223443
0.0203695
0.0195316
0.0174797
0.0154099
0.0133297
0.011265
0.00922447
0.00822205
0.00625707
0.00544902
0.00569588
0.00588119
0.00655518
0.00754277
0.00844809
0.00926048
0.00996796
0.0104297
0.0109327
0.0112795
0.0114328
0.0113795
0.0111453
0.0107091
0.0100629
0.00920139
0.00811354
0.00681027
0.00545335
0.00465968
0.00492949
0.00513479
0.00594492
0.00657762
0.00779074
0.0107037
0.0137788
0.0169876
0.0203039
0.0232874
0.026694
0.0301189
0.0335411
0.0369195
0.0398498
0.0433774
0.0473469
0.0625184
0.0687879
0.0743531
0.0817278
0.0849321
0.0852814
0.0838514
0.0812837
0.0767177
0.072917
0.0687847
0.0642265
0.0596869
0.054707
0.0506429
0.0465336
0.0424077
0.0383285
0.0328938
0.0289364
0.0250764
0.021414
0.0179808
0.0156602
0.0116487
0.0112001
0.0113306
0.0114183
0.0114613
0.0103206
0.0102609
0.0101625
0.00995584
0.00972965
0.00856363
0.00829399
0.00802007
0.00780741
0.00761168
0.00734298
0.00751512
0.00736669
0.00724435
0.00713586
0.00704067
0.00863364
0.00849251
0.00835944
0.00824881
0.00816405
0.0095781
0.00953973
0.00951982
0.00945302
0.00924004
0.00887182
0.00963451
0.00905966
0.00846671
0.00790128
0.00733737
0.00777949
0.00720333
0.00686358
0.00673781
0.00674056
0.00757636
0.00766319
0.00778878
0.00788797
0.00801005
0.00799503
0.00827628
0.00779199
0.00742226
0.00717977
0.00690931
0.00710291
0.00682819
0.0064756
0.00602867
0.0057633
0.00588112
0.00608869
0.00628149
0.00640168
0.00646248
0.00647604
0.00645988
0.00636469
0.00615653
0.00585799
0.00581627
0.00568153
0.00564911
0.00559443
0.0055076
0.00530355
0.00493958
0.00447892
0.00399937
0.00347133
0.00290349
0.00243196
0.00201751
0.00321981
0.00474166
0.00672902
0.00956172
0.0125612
0.0164986
0.0209999
0.0261197
0.0319256
0.037597
0.0446236
0.0524706
0.0610392
0.0729448
0.0827862
0.0921864
0.0958248
0.093113
0.0857412
0.0751473
0.0607231
0.0472296
0.0385101
0.0357103
0.0318244
0.0269695
0.0217945
0.0186883
0.023462
0.0273217
0.0298704
0.0328912
0.0331226
0.0324973
0.0312078
0.0292919
0.0281494
0.0257761
0.0260974
0.0272125
0.0278476
0.0271293
0.0269631
0.0264971
0.0257651
0.0248308
0.0237573
0.0215422
0.0202041
0.0187261
0.0171828
0.0156584
0.0131351
0.0116628
0.0102088
0.00879973
0.00737125
0.00496563
0.00356409
0.00342238
0.00350648
0.00365207
0.00382778
0.003497
0.00390276
0.00414371
0.00425243
0.00426251
0.00518274
0.00537515
0.00554514
0.00580138
0.00609165
0.00699833
0.00711432
0.00713047
0.00706744
0.00684822
0.0065029
0.00666696
0.00611681
0.0058257
0.00609174
0.00637758
0.0067246
0.00681266
0.00679435
0.00673845
0.00671946
0.00690863
0.00699371
0.00704356
0.00706623
0.00704636
0.0069682
0.00695506
0.00676388
0.00650851
0.00623181
0.00593552
0.00579092
0.00565183
0.0056133
0.00561416
0.00563137
0.00575432
0.00582567
0.00587097
0.0058956
0.00589469
0.00587122
0.00588198
0.00596671
0.00630675
0.00664704
0.00696084
0.00716703
0.00740327
0.0076111
0.0078017
0.00797954
0.00808939
0.0082227
0.0083138
0.00836836
0.0083966
0.00840315
0.00836553
0.00831704
0.00824574
0.00815111
0.00803696
0.00791335
0.00776865
0.00760038
0.00741246
0.00719103
0.000757456
0.00244911
0.0155593
0.0289718
0.0392931
0.0426302
0.0484089
0.0530634
0.0568885
0.0600301
0.0562054
0.0581404
0.0596807
0.0608162
0.0615745
0.061953
0.0555293
0.0553238
0.0547892
0.0539547
0.052832
0.0463261
0.0482342
0.0500658
0.0516732
0.0530479
0.0461725
0.04714
0.0479404
0.0485766
0.0490743
0.0494306
0.0424261
0.0427366
0.0428537
0.0427407
0.0423326
0.0358475
0.0348034
0.033127
0.0308477
0.0279889
0.0249455
0.0240934
0.0231047
0.0220691
0.0208675
0.0219917
0.0220313
0.0249938
0.0275406
0.0296572
0.031289
0.0289695
0.0327783
0.0365597
0.0401756
0.0436387
0.0459993
0.0491941
0.0524051
0.0556832
0.0590787
0.0626124
0.0646784
0.0684024
0.0722712
0.0762517
0.0803352
0.0826093
0.0866667
0.0906807
0.0946473
0.0985507
0.100576
0.10433
0.107986
0.111515
0.114857
0.118043
0.119423
0.122246
0.124822
0.127156
0.129231
0.129718
0.131367
0.13276
0.133895
0.134765
0.134302
0.134692
0.134811
0.134653
0.134166
0.133333
0.131474
0.13005
0.128345
0.126367
0.12687
0.127305
0.12761
0.1278
0.127904
0.127946
0.127921
0.127833
0.127697
0.12752
0.127296
0.12702
0.126699
0.126319
0.125872
0.125347
0.12473
0.124061
0.12324
0.122295
0.121219
0.120004
0.118775
0.117295
0.115695
0.114029
0.117081
0.126302
0.134711
0.142781
0.148395
0.151481
0.15218
0.152469
0.1516
0.149653
0.156056
0.161962
0.166755
0.171718
0.176167
0.180136
0.183642
0.186734
0.189204
0.19171
0.193995
0.196155
0.224177
0.225731
0.228113
0.221976
0.211298
0.196904
0.179412
0.1662
0.163207
0.157839
0.15043
0.141283
0.127024
0.127752
0.134837
0.140987
0.145994
0.146494
0.14849
0.148829
0.14745
0.144348
0.136276
0.130113
0.122686
0.114232
0.110084
0.109437
0.110702
0.108041
0.104593
0.100363
0.0954943
0.0926207
0.0867573
0.0806058
0.0742079
0.0676803
0.0629876
0.0589506
0.0556785
0.0523198
0.0489461
0.0456209
0.0431881
0.0399698
0.0368874
0.0378027
0.0392391
0.0426565
0.0434942
0.0441211
0.0445648
0.0448288
0.0468642
0.0467848
0.0465902
0.046278
0.0458625
0.045351
0.0462621
0.0454824
0.0446081
0.0436396
0.0426256
0.0428472
0.0417008
0.0405368
0.0393557
0.0381719
0.0380387
0.036817
0.0356062
0.0344185
0.0332359
0.0320895
0.031799
0.0306921
0.0296201
0.0285574
0.0275298
0.0271694
0.0261455
0.0251395
0.0241306
0.02311
0.0226341
0.0216284
0.0206269
0.0196182
0.0185918
0.017561
0.0169316
0.0158635
0.0147626
0.0136409
0.0124778
0.0116496
0.0104127
0.00916537
0.00846385
0.00899055
0.00982286
0.0105458
0.0113873
0.0123523
0.0134662
0.0146814
0.0160967
0.0174851
0.0189519
0.0204849
0.0220828
0.0237375
0.0253646
0.0269416
0.0284515
0.0298316
0.0310943
0.0321002
0.0328228
0.0332369
0.0332975
0.0329733
0.0325495
0.0314208
0.0297796
0.0274386
0.0246415
0.0226419
0.0257492
0.0280344
0.0295478
0.0303339
0.0305221
0.0303266
0.0399594
0.0508728
0.0622119
0.073878
0.0841466
0.0962068
0.108534
0.121174
0.134121
0.145644
0.137048
0.152065
0.16781
0.171705
0.165972
0.156996
0.144359
0.129168
0.112159
0.093978
0.0759265
0.07039
0.0652307
0.0689872
0.0710457
0.0708265
0.0698004
0.0675166
0.06416
0.0686704
0.0787808
0.0860707
0.0919026
0.0963522
0.0995025
0.101487
0.103023
0.102881
0.101891
0.100115
0.0976413
0.0946272
0.0907889
0.0863294
0.0812617
0.075648
0.0693003
0.0626729
0.0558843
0.0547467
0.0530651
0.0508603
0.0499065
0.046725
0.0431369
0.0392508
0.03513
0.0325119
0.0281274
0.0276636
0.0330476
0.0379088
0.0434857
0.0474511
0.0509674
0.0539852
0.0564984
0.0585502
0.0617088
0.0631182
0.0642736
0.0651778
0.065766
0.067575
0.0675226
0.0671866
0.0665329
0.0655784
0.0658594
0.0642036
0.0622645
0.0601422
0.0579046
0.0555551
0.0546565
0.0521027
0.0494312
0.0466642
0.0438267
0.0423739
0.0394257
0.0364125
0.0333311
0.0302128
0.0283693
0.0251756
0.0219919
0.0188338
0.0158857
0.0155135
0.0170058
0.0189771
0.0208025
0.0224426
0.0238726
0.0248247
0.0257672
0.0264262
0.0268185
0.0269339
0.0267349
0.0263246
0.0256207
0.0245952
0.0232398
0.0215677
0.0197709
0.0174938
0.0149379
0.012106
0.00900517
0.00771122
0.00686194
0.00744738
0.00796733
0.00898524
0.012626
0.0167868
0.0209561
0.0250681
0.0290745
0.0329432
0.0362138
0.0396996
0.0428993
0.0503643
0.0587192
0.0666519
0.0753901
0.082107
0.104538
0.110266
0.115172
0.121671
0.123927
0.123224
0.120662
0.116889
0.111172
0.105903
0.100179
0.0941426
0.0879612
0.080208
0.0737495
0.0673147
0.0623832
0.0580248
0.0521809
0.0476161
0.0430471
0.0385304
0.0340785
0.0298111
0.0241294
0.0203036
0.0167973
0.0158674
0.0156453
0.0141672
0.013887
0.0135871
0.0132579
0.0128879
0.011289
0.0108383
0.0103261
0.00975279
0.00912146
0.00851225
0.00816095
0.00830845
0.00841416
0.00841038
0.00837812
0.00991423
0.00951361
0.008975
0.00844346
0.00786194
0.00873167
0.00816596
0.00772263
0.00736004
0.00711593
0.00680214
0.00764668
0.00705851
0.00629993
0.00546741
0.00554658
0.00556021
0.00578877
0.00595985
0.0061411
0.00638878
0.00652821
0.00669885
0.00677874
0.00675704
0.00667147
0.0064827
0.00636658
0.00641283
0.00655255
0.00672855
0.00691532
0.00706197
0.00730179
0.00759581
0.00793465
0.00829913
0.00857905
0.00880433
0.00887659
0.00875246
0.00851534
0.00824301
0.00799592
0.0078461
0.00785793
0.00794857
0.00802892
0.00808839
0.00807902
0.00799356
0.00784437
0.00760463
0.00734459
0.00696501
0.00643151
0.00572017
0.00496292
0.00464726
0.00532965
0.00641987
0.00773408
0.00929099
0.0111356
0.0131607
0.016926
0.0211955
0.0259718
0.0313313
0.0366039
0.0431268
0.0502389
0.0581038
0.0695662
0.0792047
0.0885644
0.0922886
0.0896907
0.0824405
0.0720707
0.0579472
0.0448844
0.0382828
0.0354789
0.0315357
0.0265491
0.0233328
0.0222804
0.0242034
0.0283084
0.0311844
0.0345303
0.035161
0.0350117
0.034225
0.0329131
0.0322143
0.0300927
0.0277548
0.0267106
0.0266826
0.0254015
0.0245836
0.0234611
0.0220897
0.0205373
0.0188011
0.0159836
0.0139787
0.0119561
0.00996426
0.00802973
0.0052118
0.00485295
0.00532442
0.00577173
0.00618839
0.00581408
0.00638425
0.00697759
0.00742322
0.00773388
0.00788003
0.00872087
0.0091247
0.00932714
0.00931516
0.00934315
0.00993857
0.010396
0.0108452
0.0112455
0.011599
0.0120199
0.012277
0.0123324
0.0121913
0.0118785
0.0113598
0.0109748
0.0104357
0.00992346
0.00945523
0.00902706
0.00879604
0.00857592
0.00845
0.00824937
0.00796804
0.00752863
0.00731432
0.00710738
0.00691365
0.00673968
0.00658859
0.00655648
0.00644971
0.00636683
0.00630471
0.00623757
0.00622101
0.00611539
0.0059994
0.00587641
0.00575361
0.00568005
0.00552371
0.00533777
0.00514786
0.00496003
0.00474994
0.00456674
0.00430405
0.00404038
0.00380681
0.00360225
0.00347435
0.0033282
0.00321099
0.00311497
0.0030431
0.00300473
0.00295781
0.00291857
0.0028749
0.00281507
0.00275187
0.00269243
0.00261158
0.00250363
0.00236528
0.00219102
0.00201343
0.00177985
0.00151917
0.00123009
0.000919715
0.000757456
0.00244816
0.0153639
0.0285666
0.0388008
0.0421445
0.0480229
0.0528233
0.0568623
0.0603389
0.0568702
0.0592888
0.0613402
0.0630164
0.0642784
0.0650926
0.0589856
0.0590872
0.0587887
0.0581501
0.0571093
0.0523326
0.0550125
0.0573965
0.0595077
0.0613251
0.0548076
0.0560398
0.0570606
0.0577235
0.0580479
0.0579354
0.0502792
0.0493841
0.047805
0.0455361
0.0425817
0.0337083
0.0298216
0.0253115
0.0202459
0.0148519
0.0106154
0.0138727
0.0168284
0.0194616
0.0217392
0.025228
0.0324508
0.0383085
0.0440698
0.0497494
0.0553379
0.0604895
0.0655928
0.07054
0.0753222
0.0799433
0.0832664
0.0874687
0.0915848
0.0956694
0.0997397
0.103824
0.106269
0.11032
0.114394
0.118453
0.122485
0.124669
0.128641
0.132572
0.13646
0.14028
0.142207
0.145818
0.149304
0.152664
0.155852
0.158888
0.160137
0.162836
0.165335
0.167622
0.169672
0.170132
0.171746
0.17309
0.174156
0.174918
0.174335
0.174542
0.174411
0.173928
0.173072
0.171834
0.169588
0.167624
0.165228
0.162377
0.159061
0.156929
0.158059
0.158959
0.159622
0.160052
0.160226
0.160202
0.159931
0.159422
0.158678
0.157706
0.156636
0.155236
0.153602
0.151732
0.149632
0.147557
0.145024
0.142278
0.139351
0.136265
0.133418
0.141301
0.153672
0.166987
0.181291
0.196474
0.213712
0.232688
0.245527
0.25371
0.258246
0.260022
0.259629
0.257351
0.253455
0.248239
0.243233
0.236828
0.230023
0.223183
0.21654
0.210383
0.205691
0.203301
0.203554
0.203605
0.229482
0.229185
0.229554
0.221589
0.211479
0.214016
0.212191
0.209145
0.203604
0.195826
0.185976
0.174251
0.157733
0.156518
0.161734
0.165932
0.168932
0.167662
0.167718
0.166273
0.163259
0.158705
0.149514
0.142225
0.133797
0.12445
0.117176
0.116675
0.117897
0.115048
0.111265
0.106717
0.101518
0.0983491
0.0921026
0.0855549
0.0787688
0.0718988
0.067556
0.0646521
0.0615124
0.0582178
0.0548536
0.0514687
0.0489216
0.0455056
0.0448003
0.0468864
0.0485978
0.0521775
0.0531242
0.053761
0.0541269
0.0542038
0.0559852
0.0555207
0.0548705
0.0540469
0.0530927
0.0520137
0.0524443
0.0511125
0.0496989
0.0482136
0.0466922
0.0464719
0.044836
0.0431915
0.0415412
0.0399091
0.0394056
0.0377583
0.0361126
0.0345011
0.0329242
0.031394
0.0307778
0.0292955
0.0278508
0.0264276
0.0250587
0.0244232
0.0231148
0.0218454
0.0206048
0.0193933
0.0187616
0.017578
0.0164182
0.0152797
0.0141389
0.0130022
0.0122956
0.0111514
0.00999485
0.00885398
0.00772585
0.00696939
0.00722768
0.0077297
0.00833956
0.00906054
0.0100795
0.0110272
0.0121033
0.0132892
0.014601
0.0160089
0.017594
0.0191799
0.0208462
0.0225544
0.024284
0.0260188
0.0277063
0.0293067
0.0307972
0.0321059
0.0332695
0.034095
0.0345778
0.0346915
0.0343985
0.0336386
0.0327678
0.0310565
0.0287279
0.0256198
0.0308461
0.0346578
0.0382171
0.0408043
0.0425058
0.0433949
0.0436277
0.0453785
0.0559579
0.0669081
0.0781079
0.0895233
0.0995449
0.111306
0.123306
0.135578
0.148165
0.159381
0.150319
0.164637
0.179508
0.182323
0.175485
0.165089
0.150876
0.134007
0.115289
0.0954051
0.0732487
0.0599505
0.0661086
0.070481
0.0731233
0.073363
0.0727847
0.070908
0.0679482
0.077601
0.0878474
0.0951272
0.100744
0.104835
0.107454
0.108791
0.10964
0.108625
0.1067
0.103994
0.100619
0.0968709
0.0923744
0.0875252
0.0823937
0.076978
0.0709761
0.0649214
0.0585996
0.052026
0.0469624
0.0454239
0.045205
0.0430175
0.0405415
0.037875
0.0350535
0.0336373
0.0344161
0.0358203
0.0369556
0.0378546
0.0392894
0.039856
0.0402965
0.0406072
0.0408004
0.040899
0.0415924
0.0415061
0.0412956
0.0409681
0.0405503
0.0406268
0.039986
0.0392264
0.0383627
0.0373748
0.038591
0.0383752
0.0380565
0.0376273
0.0370896
0.0364184
0.0369472
0.0360145
0.0349916
0.0338652
0.0326056
0.0324662
0.0309579
0.0293458
0.0276312
0.025833
0.025106
0.0231248
0.021088
0.0189978
0.0168772
0.0147326
0.0135972
0.0114271
0.00928953
0.00717934
0.00603185
0.00592805
0.00715213
0.00827464
0.00929104
0.010204
0.0108415
0.0115517
0.0121209
0.0125066
0.0126902
0.0126886
0.0124431
0.0120149
0.0113479
0.0104452
0.00930123
0.00806473
0.00653333
0.00666792
0.00704256
0.00776571
0.0082924
0.00878404
0.00911552
0.0105567
0.0137186
0.0170149
0.0200135
0.0234595
0.0269377
0.0304323
0.0339018
0.0369217
0.0406309
0.0448802
0.0660212
0.0722247
0.0775794
0.0846792
0.0875415
0.0873983
0.0853299
0.0820672
0.0767651
0.0720924
0.0671717
0.0631849
0.0595831
0.0547112
0.0506989
0.046651
0.0426487
0.0386844
0.0333425
0.0295036
0.0259101
0.0225545
0.0201506
0.0183393
0.0146904
0.013421
0.0123711
0.0115025
0.0113809
0.0103053
0.0103373
0.0102871
0.0101536
0.00993416
0.00878811
0.00847774
0.00811369
0.00770496
0.00727665
0.00682589
0.00582029
0.00552179
0.00530339
0.00517406
0.00497089
0.0063688
0.00585914
0.00520862
0.00462877
0.00423061
0.00537438
0.0050559
0.00484265
0.00471319
0.00463893
0.00466636
0.00584867
0.00576771
0.00564007
0.00545245
0.00522107
0.00596159
0.00562908
0.00520902
0.00473576
0.00421843
0.00450033
0.00415193
0.00444974
0.00482261
0.00537248
0.00608482
0.00672542
0.00755944
0.00835956
0.00912718
0.00978509
0.01032
0.0109963
0.011617
0.0120723
0.0122452
0.0122515
0.012236
0.0120344
0.0123736
0.0128793
0.013313
0.0135304
0.0139652
0.0143007
0.0145393
0.0146464
0.0144949
0.014451
0.0144071
0.0143601
0.0142081
0.0138442
0.0133723
0.0127399
0.0119272
0.0109293
0.00962378
0.00808425
0.00604016
0.00358482
0.000680454
0.00267389
0.00603247
0.0102724
0.0151028
0.0204998
0.026434
0.0321713
0.039404
0.0474456
0.0563196
0.0686249
0.0788948
0.0886669
0.0927263
0.0904156
0.0833444
0.0730391
0.058889
0.045706
0.043525
0.0410649
0.0375065
0.0329492
0.0281394
0.0246737
0.0262053
0.0302946
0.0330426
0.0362607
0.0366456
0.0360677
0.0347081
0.0327713
0.0315439
0.0288401
0.0259563
0.0229476
0.0198844
0.0178641
0.0175142
0.0168712
0.0159784
0.0148712
0.0135999
0.011211
0.00974825
0.00930724
0.00871503
0.00802508
0.00711456
0.00631264
0.00683412
0.0077382
0.00852755
0.00929382
0.010002
0.0106348
0.0110878
0.0113146
0.0113244
0.0113666
0.0117047
0.0120732
0.0122991
0.012377
0.0131881
0.0130259
0.0127487
0.0123709
0.0123962
0.0125571
0.0123734
0.011916
0.0113702
0.010779
0.0101856
0.00986505
0.00934836
0.00880018
0.00815016
0.00744727
0.00716311
0.0071314
0.00708371
0.00701384
0.00691797
0.00696622
0.00684533
0.00669235
0.00652124
0.00634001
0.00614977
0.0060606
0.00581014
0.00554913
0.00527444
0.00496328
0.00475675
0.00441016
0.00405614
0.00369729
0.00332858
0.00307837
0.00271265
0.00237988
0.00226866
0.00216916
0.00207923
0.00195916
0.001893
0.00184682
0.0018601
0.00198852
0.00201565
0.00216204
0.00227751
0.00236914
0.00245008
0.00244164
0.00250907
0.00256151
0.0025965
0.00260864
0.00259909
0.00253157
0.00250724
0.00249493
0.00253528
0.0026395
0.00269634
0.00275494
0.00283822
0.00290315
0.00293165
