0.000755355
0.00252423
0.0159894
0.0300772
0.0412692
0.0454001
0.0520548
0.0574893
0.0620084
0.0658102
0.0625432
0.06514
0.0673582
0.0692173
0.070731
0.0718939
0.0661774
0.0667852
0.0670563
0.0669927
0.0676808
0.0643415
0.0682959
0.0719493
0.0753047
0.0783393
0.0728628
0.0753457
0.077604
0.0796168
0.0814213
0.0829927
0.0770002
0.0783629
0.0794635
0.0802277
0.0806277
0.0748689
0.074723
0.0740285
0.0727672
0.0709448
0.0649906
0.0625713
0.0597225
0.0565316
0.0530301
0.049284
0.0440927
0.0403644
0.0365534
0.0326879
0.0288041
0.0250851
0.0215456
0.0180695
0.0146763
0.011426
0.00933836
0.00771746
0.00790566
0.00797518
0.00845326
0.00983048
0.00752739
0.00869112
0.00974579
0.0106681
0.0114952
0.00899787
0.00969363
0.010517
0.0113589
0.0121223
0.0113779
0.0119668
0.0124763
0.0129297
0.0132913
0.0136069
0.0125694
0.0127756
0.012926
0.0130325
0.0130847
0.0119617
0.0119621
0.0119194
0.0118362
0.0117141
0.0105824
0.0104344
0.0102571
0.0100564
0.00982772
0.00957215
0.00848925
0.00822064
0.00793259
0.00762849
0.00730614
0.00630203
0.00597693
0.00564088
0.00529
0.00492677
0.00401004
0.00389354
0.00387634
0.00387096
0.00400157
0.00429994
0.00514728
0.00543249
0.00573048
0.00603606
0.00635388
0.00705971
0.00734304
0.00763071
0.00792079
0.00822049
0.00879848
0.00909474
0.00940119
0.00971796
0.010047
0.010384
0.0108842
0.0112356
0.0116005
0.0119789
0.0123694
0.0128382
0.0132466
0.0136705
0.0141092
0.0145617
0.0150254
0.0154931
0.0159698
0.016454
0.0169435
0.0174266
0.0178555
0.0183506
0.018861
0.0194146
0.0286253
0.0309543
0.040577
0.0458488
0.0499747
0.0529681
0.0523152
0.0562724
0.0643998
0.0721549
0.0794894
0.0863426
0.0867852
0.092176
0.0969148
0.100919
0.104133
0.0999362
0.101443
0.102065
0.101816
0.10072
0.0932291
0.0909658
0.0881236
0.0847934
0.0810967
0.0771281
0.0694138
0.0655832
0.0618528
0.058336
0.05507
0.0498975
0.0474275
0.0451848
0.0431323
0.0412731
0.0384493
0.037083
0.0358374
0.0348069
0.034341
0.0338901
0.0330026
0.032647
0.0322841
0.0319116
0.0315461
0.031064
0.0307443
0.0304045
0.0300546
0.0296849
0.0294326
0.0290908
0.0287385
0.0283567
0.0279766
0.02758
0.0274579
0.0270692
0.0266608
0.026234
0.0258147
0.0257443
0.02531
0.0248692
0.024412
0.0239626
0.0239264
0.0234883
0.0230436
0.0226089
0.0221624
0.0217117
0.0216942
0.0212359
0.020781
0.0203102
0.0198458
0.0198094
0.0193409
0.0188756
0.0184039
0.0179257
0.0178723
0.0174003
0.0169322
0.0164673
0.0159981
0.0155326
0.0154529
0.0149936
0.0145287
0.0140776
0.0136185
0.0135276
0.0130704
0.0126303
0.0121977
0.011767
0.0116808
0.011246
0.0108113
0.0103697
0.00994309
0.0095032
0.00937866
0.00892773
0.00847907
0.0080255
0.00757126
0.00739345
0.00692608
0.00644563
0.00597414
0.00548869
0.00526206
0.00476609
0.00425871
0.0037519
0.00323871
0.0027055
0.00258574
0.00244801
0.00231734
0.00222358
0.00214551
0.00213499
0.00209323
0.0024361
0.00301775
0.00364812
0.00412033
0.00480434
0.00551972
0.00626366
0.00702332
0.00782358
0.00843779
0.00928122
0.010144
0.0110181
0.0118873
0.0125537
0.00890512
0.0109234
0.0242328
0.0278704
0.0297674
0.0354652
0.0396162
0.0425762
0.0445014
0.0455145
0.0414671
0.0410323
0.0399716
0.0383716
0.0363505
0.030723
0.0283645
0.0258556
0.0232826
0.0225914
0.0196662
0.0193446
0.0189128
0.01838
0.0177741
0.0170975
0.0139228
0.0132751
0.0126225
0.0119814
0.0113676
0.00862542
0.00814843
0.00770342
0.00729226
0.00691215
0.0047747
0.00453586
0.00431733
0.00412965
0.00396886
0.00382769
0.00478723
0.00508195
0.00537209
0.00564206
0.00589923
0.00779826
0.00805565
0.00828527
0.00850606
0.00870887
0.0105921
0.0107535
0.0108958
0.0110161
0.0111241
0.0112162
0.0129407
0.0129759
0.0130025
0.0130213
0.0130181
0.0145743
0.0145218
0.0144766
0.0144181
0.0143563
0.0157043
0.0156044
0.015802
0.0162563
0.0166878
0.0171101
0.0177903
0.0181631
0.0185109
0.0188321
0.0191292
0.019619
0.0198405
0.0200396
0.0202136
0.0203385
0.0206109
0.0206654
0.0206707
0.0206369
0.0205514
0.0204221
0.0204084
0.0201729
0.0198773
0.0195326
0.0191369
0.0188439
0.018324
0.0177358
0.0170802
0.0175267
0.0179566
0.0184495
0.0189321
0.019452
0.0206651
0.0219583
0.0234644
0.0248716
0.0263591
0.0279171
0.0295503
0.0312981
0.0330701
0.0349129
0.0368472
0.0388583
0.0408736
0.0430319
0.0452651
0.0475764
0.0499595
0.0524091
0.0547272
0.0572947
0.0599319
0.0626341
0.0654044
0.0679578
0.070829
0.0737653
0.0599648
0.0612881
0.0598227
0.0544962
0.0514416
0.0499748
0.0493269
0.0490587
0.050683
0.0507501
0.050798
0.0507934
0.0507208
0.0528454
0.0527018
0.0524991
0.0522374
0.0519339
0.0540392
0.0536765
0.0532814
0.0536334
0.0554088
0.0571762
0.0608445
0.0625927
0.0643048
0.0659579
0.0675541
0.0710605
0.0725275
0.0739124
0.0752101
0.076423
0.0794857
0.0804986
0.0814203
0.0822387
0.0829531
0.083564
0.0858952
0.086277
0.0865518
0.0867226
0.0867829
0.0884142
0.0882253
0.0882611
0.089664
0.0908488
0.0926033
0.0933254
0.0937906
0.0939856
0.0938943
0.0935093
0.0936724
0.0926865
0.0913819
0.0897611
0.0878169
0.0864721
0.0838865
0.0809803
0.0777482
0.0741899
0.0713328
0.0671773
0.0627286
0.0579927
0.0529675
0.0476644
0.0454636
0.0543251
0.0636142
0.0733195
0.0834325
0.0924499
0.103321
0.114584
0.126233
0.138268
0.148996
0.161744
0.17486
0.188349
0.20222
0.216459
0.229674
0.246843
0.265391
0.284233
0.302789
0.318211
0.334589
0.349372
0.362353
0.373352
0.381244
0.388237
0.392958
0.395374
0.395491
0.393393
0.389831
0.384041
0.376672
0.370831
0.361915
0.351945
0.339653
0.329111
0.318392
0.307537
0.297961
0.28702
0.276175
0.265595
0.26554
0.273509
0.280766
0.281508
0.275446
0.264327
0.249713
0.231594
0.213634
0.202434
0.192994
0.182306
0.171357
0.159139
0.146467
0.133519
0.120487
0.107575
0.0962483
0.0841609
0.072664
0.0618737
0.0518718
0.044276
0.0360956
0.0302476
0.0286209
0.0318061
0.0341643
0.036388
0.0381452
0.039463
0.0404152
0.0427777
0.0458112
0.0480103
0.0500948
0.0520416
0.0538199
0.0560792
0.0574658
0.058642
0.0595957
0.0603203
0.0614602
0.061717
0.0617347
0.0615366
0.0611488
0.0605544
0.0603907
0.059385
0.0581971
0.0568403
0.0553277
0.0543106
0.052516
0.0506016
0.0485841
0.0464736
0.0448985
0.0426332
0.0403102
0.0379432
0.0355387
0.0331094
0.0312274
0.0287731
0.0263231
0.0238908
0.0214821
0.0196007
0.0172396
0.0149153
0.0126436
0.0104351
0.00870144
0.0065937
0.00459275
0.00325419
0.00206934
0.00206283
0.0025136
0.00416048
0.00570673
0.00713798
0.00846714
0.00945026
0.0105736
0.0115769
0.0124568
0.0131961
0.0136511
0.0141151
0.0144243
0.0145742
0.014556
0.0143714
0.0140239
0.0135087
0.0136921
0.0139187
0.0139444
0.0138049
0.013376
0.0126629
0.0116284
0.0102481
0.00875059
0.00719206
0.00878899
0.0104179
0.0120648
0.0154084
0.0189835
0.0233975
0.028186
0.0333446
0.0385796
0.042073
0.0430041
0.0406027
0.0360341
0.0311319
0.000755355
0.00252423
0.0159894
0.0300772
0.0412692
0.0454001
0.0520548
0.0574893
0.0620084
0.0658102
0.0625432
0.06514
0.0673582
0.0692173
0.070731
0.0718939
0.0661774
0.0667852
0.0670563
0.0669925
0.0676809
0.0643406
0.0682943
0.0719456
0.0752999
0.0783316
0.0728505
0.0753286
0.0775783
0.0795712
0.0813555
0.0829024
0.0768925
0.0782376
0.0793375
0.0801384
0.0806242
0.0749905
0.0750612
0.0746362
0.0736924
0.0722071
0.0665672
0.0644778
0.0618755
0.0588048
0.0553029
0.0514193
0.0459915
0.0418638
0.0375215
0.0330107
0.0283797
0.0239132
0.0194196
0.0152516
0.0160497
0.0165964
0.014679
0.0181764
0.0215406
0.0247294
0.0277037
0.0304625
0.029294
0.0316793
0.0338687
0.0358505
0.0376513
0.0359458
0.0374756
0.0388256
0.0400234
0.0410817
0.0391272
0.0399954
0.040746
0.0413881
0.0419032
0.0423301
0.0402981
0.0406184
0.04086
0.041022
0.0411007
0.0391508
0.039176
0.0391408
0.0390533
0.0389073
0.0371124
0.0369401
0.0367196
0.0364522
0.0361434
0.0358032
0.0342095
0.0338676
0.0334929
0.0330783
0.0326282
0.0311947
0.0307402
0.0302547
0.0297396
0.0291975
0.0279123
0.0273751
0.0268152
0.0262264
0.0256128
0.0249766
0.0238308
0.0232071
0.0225761
0.021937
0.0212822
0.0202696
0.019618
0.0189468
0.0182644
0.0175693
0.016646
0.0159537
0.0152486
0.0145365
0.0138186
0.0130953
0.0122664
0.011547
0.0108223
0.0100882
0.00934826
0.0085803
0.00784139
0.00709531
0.00634407
0.00558148
0.00508152
0.00500397
0.00493883
0.00487761
0.00487831
0.00558318
0.0062798
0.00696224
0.00762852
0.00827475
0.032713
0.0325409
0.0419203
0.0470351
0.051075
0.0540777
0.0535182
0.0552067
0.0569295
0.0643905
0.0713888
0.0778638
0.0779266
0.0828567
0.0870788
0.0905261
0.0931328
0.0883868
0.0892285
0.0891995
0.0883496
0.0867126
0.0788167
0.0761948
0.0730905
0.0695995
0.0658144
0.0618375
0.0542125
0.0510675
0.0497497
0.0483764
0.0469956
0.0439743
0.042751
0.0415217
0.0403131
0.0391005
0.0369564
0.0358775
0.0347955
0.0336827
0.0325491
0.0314039
0.0298972
0.0288199
0.0277269
0.0266173
0.0255055
0.0243623
0.0232825
0.0221874
0.0210968
0.02
0.0191183
0.0180694
0.0170317
0.0159916
0.0149741
0.0139634
0.0133249
0.0123705
0.011426
0.0104971
0.00961225
0.00916716
0.00834316
0.00755481
0.00679171
0.00630892
0.0063936
0.0059349
0.00548647
0.00503101
0.0045918
0.00415941
0.00421296
0.00379253
0.00337488
0.00297843
0.00258373
0.00261905
0.00223516
0.00186281
0.00151003
0.00117427
0.001198
0.000873206
0.000564685
0.000269704
0.000303209
0.000362522
0.000286267
0.000487717
0.000717191
0.000944236
0.00115355
0.00113307
0.00132923
0.00152188
0.00170013
0.00186766
0.00186003
0.00201759
0.00216785
0.00230107
0.0024387
0.00255184
0.00254266
0.0026479
0.00275261
0.00284564
0.00300749
0.00325623
0.00345764
0.00364983
0.0038559
0.00405877
0.00427845
0.00447877
0.00467117
0.00485933
0.00503498
0.00527288
0.00577036
0.0065148
0.00729247
0.00814009
0.00904417
0.00977268
0.010771
0.0118404
0.0129494
0.0141381
0.0151272
0.0164387
0.0178237
0.0192875
0.0208123
0.0224203
0.0237715
0.0255013
0.0272935
0.0291528
0.0310554
0.0326711
0.0123525
0.0191788
0.0355523
0.0458128
0.0489251
0.0525785
0.0544236
0.0549475
0.0544151
0.0530376
0.0470111
0.0445729
0.0417724
0.0387715
0.035624
0.0292986
0.026394
0.0236022
0.020942
0.0188352
0.0158357
0.0156146
0.0154375
0.0153119
0.0152102
0.0151328
0.0125337
0.0125764
0.0126274
0.0126897
0.0127665
0.0106111
0.0107747
0.0109284
0.0110605
0.0111699
0.00940901
0.00954402
0.0096432
0.00971408
0.00975368
0.00976337
0.00833485
0.00834487
0.00832732
0.00827147
0.00818668
0.00699075
0.00692084
0.00681201
0.00668495
0.00662519
0.00555926
0.0054261
0.00527938
0.00525465
0.00529635
0.00531264
0.00401595
0.00385481
0.00372045
0.00368471
0.00364108
0.00359251
0.00360982
0.003651
0.00369311
0.00374154
0.00519518
0.0052255
0.00526235
0.0052994
0.00534966
0.0053957
0.00666162
0.00667739
0.00669743
0.00672525
0.00675085
0.00784411
0.00784977
0.00784723
0.00783869
0.00784241
0.00875791
0.00871752
0.00867793
0.00862991
0.00858234
0.00852443
0.00921541
0.00911693
0.00901554
0.00889825
0.00876002
0.00925334
0.0090677
0.00886723
0.00864763
0.00839647
0.00868148
0.00837421
0.00808619
0.00838233
0.0086524
0.0089123
0.00912504
0.00932297
0.00949448
0.00962355
0.00970208
0.00975094
0.00973567
0.0103396
0.0112021
0.0120657
0.0127811
0.0136367
0.01447
0.0152831
0.0160639
0.0168019
0.0173791
0.0180148
0.0185715
0.0190304
0.0193844
0.0210329
0.0240447
0.0272837
0.0364394
0.0411832
0.0466575
0.047398
0.0455342
0.0440953
0.046003
0.047035
0.0456788
0.0455003
0.0449194
0.0439983
0.0427931
0.0393017
0.0376402
0.0358438
0.0339446
0.0319604
0.0277713
0.0256945
0.0236094
0.0215402
0.0195003
0.0175042
0.0135183
0.0116664
0.0100567
0.00952134
0.00902472
0.00774454
0.00812216
0.00849014
0.00884828
0.00919114
0.00824684
0.00856761
0.00886539
0.00914245
0.00939976
0.00962846
0.00955768
0.00990579
0.0101979
0.0104298
0.0106131
0.0118488
0.0119197
0.011959
0.0119606
0.0119255
0.0127273
0.0125893
0.0124308
0.0122438
0.0120322
0.0117984
0.0121834
0.0118481
0.0114503
0.0110965
0.0117365
0.0117209
0.0124984
0.0133309
0.0142161
0.0151507
0.0154928
0.0165246
0.0175814
0.0186552
0.0197272
0.0207814
0.0212751
0.0222428
0.0231112
0.0263076
0.0312448
0.0359247
0.0417403
0.0480297
0.0547847
0.0619959
0.0686397
0.0766225
0.0849786
0.0936677
0.102626
0.111796
0.119985
0.129564
0.139156
0.148287
0.156523
0.162804
0.168684
0.187053
0.214161
0.241513
0.265181
0.290864
0.313961
0.343781
0.376114
0.401103
0.413834
0.41562
0.404933
0.385427
0.36073
0.336522
0.307662
0.278527
0.250108
0.222982
0.200729
0.177271
0.156185
0.137702
0.124519
0.136784
0.149706
0.158181
0.166206
0.174815
0.212653
0.248594
0.286002
0.32112
0.352234
0.377455
0.395548
0.406122
0.40902
0.405211
0.395766
0.381791
0.368189
0.348379
0.326704
0.303855
0.280407
0.261081
0.237546
0.214271
0.191386
0.168988
0.160382
0.151071
0.152933
0.155081
0.156347
0.156846
0.15557
0.154915
0.153798
0.152309
0.150521
0.147577
0.145421
0.143151
0.140824
0.138475
0.135309
0.13301
0.130754
0.128575
0.126481
0.12447
0.121813
0.119988
0.118232
0.116532
0.11487
0.113336
0.112189
0.110522
0.108387
0.105837
0.102967
0.100815
0.0985852
0.0962728
0.0938817
0.0913881
0.0885465
0.0858905
0.0831891
0.0804566
0.0777298
0.0748826
0.0722087
0.0695448
0.0669162
0.0643208
0.0617229
0.0593111
0.0569785
0.0546992
0.0524565
0.0502146
0.0479258
0.0456512
0.0433565
0.0410565
0.038748
0.0365232
0.0343104
0.0321559
0.0300076
0.0278564
0.0257542
0.0235532
0.02131
0.0190598
0.0167852
0.0145251
0.0124249
0.0102103
0.00913757
0.00873359
0.00833905
0.00797899
0.00834344
0.010014
0.0117413
0.0134985
0.0150774
0.0168217
0.0185122
0.0201206
0.0216354
0.0230635
0.0242644
0.0255311
0.0266699
0.0276199
0.0278796
0.0272298
0.026052
0.0246671
0.0233614
0.0222704
0.000755355
0.00252423
0.0159894
0.0300772
0.0412692
0.0454001
0.0520548
0.0574904
0.0620056
0.0657976
0.0625159
0.0650903
0.0672824
0.0691198
0.0706176
0.071777
0.0660661
0.0666886
0.0669803
0.0669445
0.0676413
0.0643338
0.0683336
0.0720418
0.0754577
0.0785648
0.0731585
0.0757311
0.0780865
0.0801914
0.0820624
0.0836557
0.0776215
0.0788473
0.0797132
0.0801551
0.0801776
0.0740635
0.0735298
0.0724883
0.070978
0.068995
0.063001
0.0606195
0.057874
0.0548103
0.0514812
0.0479332
0.042934
0.039437
0.0358583
0.0322406
0.0286146
0.0251352
0.0218929
0.0187496
0.0157404
0.0128701
0.0110643
0.00858688
0.00625262
0.00605842
0.00599117
0.00583197
0.00375745
0.00358768
0.00419354
0.0049132
0.00606824
0.00579389
0.00688577
0.00787624
0.00878154
0.00960988
0.00893188
0.00960128
0.0102009
0.0107427
0.0112005
0.0116089
0.0106638
0.0109776
0.0112386
0.0114523
0.0116168
0.0105902
0.0107001
0.0107666
0.0107994
0.0107937
0.0097663
0.00973448
0.00967164
0.00958416
0.00947389
0.0093392
0.00836352
0.00821523
0.00804809
0.00786684
0.00767033
0.00719567
0.00724387
0.0072988
0.00734939
0.00739987
0.00744158
0.00749564
0.00755015
0.00761265
0.0078738
0.00815356
0.0089905
0.00926329
0.00955063
0.00985122
0.010175
0.0109068
0.0112538
0.0116261
0.012017
0.0124254
0.0131022
0.0135218
0.0139694
0.014433
0.0149191
0.0154197
0.0160714
0.016599
0.0171492
0.0177194
0.0183134
0.0189605
0.019577
0.0202118
0.020866
0.0215304
0.0221805
0.0228573
0.0235421
0.0242328
0.0249392
0.0256517
0.0262934
0.0270156
0.0277437
0.0284613
0.0260196
0.0282529
0.0377334
0.0428488
0.0467938
0.0495966
0.0531799
0.0612517
0.0689501
0.0761994
0.0829475
0.0891445
0.0889532
0.093576
0.0974996
0.100666
0.103028
0.0981021
0.0987914
0.0986434
0.0976726
0.0959406
0.0879404
0.0851934
0.0819501
0.0783299
0.0744439
0.0704181
0.0627488
0.0590492
0.0554604
0.0520266
0.0487899
0.043583
0.0410093
0.03865
0.0365061
0.0345831
0.0321421
0.0318161
0.0315091
0.0311919
0.0308786
0.0305682
0.0297958
0.029547
0.0292654
0.0289566
0.0286472
0.0282118
0.0279503
0.0276774
0.0274041
0.0271092
0.0269111
0.0266174
0.0263033
0.0259512
0.0255833
0.025182
0.0250405
0.0246102
0.0241359
0.0236156
0.0230728
0.0228686
0.0222547
0.0216113
0.0209336
0.0202459
0.0199826
0.0192687
0.0185388
0.0178183
0.0170922
0.0163744
0.0161329
0.0154322
0.0147498
0.0140691
0.0134128
0.0132246
0.0125997
0.0120269
0.0115793
0.0111385
0.0110578
0.0106025
0.0101492
0.00969829
0.00925821
0.00881576
0.00868065
0.00823554
0.00780779
0.00737702
0.00695703
0.00678675
0.00636264
0.00593342
0.00552355
0.00530972
0.00520303
0.00509674
0.00497071
0.00480207
0.00459481
0.00432464
0.00410752
0.00378507
0.00343557
0.00304926
0.00262459
0.00227917
0.00175061
0.00114759
0.000498657
0.000304293
0.000784863
0.00156519
0.00236056
0.00313955
0.00389782
0.00465934
0.00521249
0.00600445
0.00682304
0.00769891
0.0086175
0.00936162
0.0103924
0.0115136
0.0126979
0.0139827
0.0150751
0.0165366
0.0181192
0.0198439
0.0217114
0.0237442
0.0255321
0.0278359
0.0302895
0.0328919
0.0356186
0.0380295
0.0187154
0.0260118
0.0414721
0.0501074
0.0514408
0.0528442
0.052349
0.0505467
0.0478003
0.0443995
0.0368021
0.0327588
0.0286186
0.0244872
0.0227917
0.0197098
0.0190194
0.0183459
0.0176889
0.017086
0.0138471
0.0133785
0.0130008
0.0127254
0.0125348
0.0131494
0.0141599
0.0145339
0.0146862
0.0146374
0.0144137
0.0138463
0.0132646
0.0126027
0.0118911
0.0111493
0.00985637
0.00906359
0.00829188
0.00755798
0.0068676
0.00621869
0.00482959
0.00422148
0.00363347
0.00305302
0.00249118
0.00114598
0.000623301
0.000700124
0.00107708
0.00145771
0.00264054
0.00299485
0.00335778
0.00372889
0.00410351
0.00455461
0.00561656
0.00604213
0.00645187
0.00684967
0.00724611
0.00811218
0.00845822
0.00876776
0.00906517
0.00934612
0.0100196
0.0102391
0.0104324
0.0106011
0.0107257
0.0108203
0.0111956
0.0112019
0.0111715
0.0111123
0.0110341
0.0112034
0.0110704
0.0109272
0.0107722
0.0105821
0.0105923
0.010363
0.010105
0.00983126
0.00952994
0.00921018
0.00905009
0.00902602
0.0090491
0.00908101
0.00911834
0.00978562
0.00981765
0.00985308
0.00989029
0.00991346
0.0104511
0.0104464
0.0104341
0.0103914
0.0103143
0.0102171
0.010492
0.0103043
0.0100859
0.00981839
0.0094943
0.00948133
0.0093291
0.00965514
0.0099159
0.0100928
0.0101914
0.0101955
0.0100849
0.0098559
0.00949587
0.00916553
0.00933137
0.00945003
0.00944093
0.00928945
0.00898883
0.0106044
0.0136555
0.017021
0.027475
0.0318867
0.0379545
0.047145
0.0529619
0.0563264
0.0581097
0.0588208
0.0570697
0.056344
0.055164
0.0536253
0.0517963
0.0477541
0.0454648
0.0430313
0.0405075
0.0379295
0.0332597
0.0306767
0.0281407
0.0256647
0.0232615
0.0209395
0.016707
0.0146106
0.0126203
0.0107322
0.00895093
0.0057681
0.00503756
0.00437598
0.00422233
0.00493115
0.00431331
0.00501539
0.00570107
0.00636252
0.00699243
0.00758857
0.00839661
0.00877204
0.00906292
0.0092777
0.00941409
0.0105705
0.0105239
0.010417
0.0102563
0.0100573
0.0107109
0.0104031
0.0100851
0.00975642
0.00941074
0.00905014
0.00933229
0.00892759
0.00854959
0.00817476
0.00829484
0.00786724
0.00815763
0.00855384
0.00905652
0.00967684
0.00981154
0.0107009
0.0117299
0.0128977
0.0142016
0.015636
0.0166009
0.0182795
0.0200625
0.0219319
0.0238688
0.0252892
0.0272937
0.0292852
0.0312344
0.0330941
0.0377616
0.0439091
0.0505596
0.0576987
0.0653097
0.0733694
0.0808536
0.0900614
0.0997713
0.109647
0.119432
0.127776
0.136907
0.14544
0.153184
0.159919
0.16478
0.185129
0.21011
0.234844
0.258675
0.283171
0.313881
0.347105
0.376136
0.397854
0.409161
0.40967
0.401059
0.38579
0.366641
0.34547
0.32642
0.304698
0.283707
0.263864
0.248157
0.23139
0.218485
0.197871
0.172264
0.143404
0.112817
0.0821406
0.0628605
0.0834479
0.112484
0.141639
0.169353
0.198543
0.227812
0.257179
0.286618
0.316114
0.34349
0.372931
0.40224
0.431222
0.459557
0.484729
0.510101
0.532231
0.549295
0.559303
0.562413
0.556734
0.543804
0.525309
0.502969
0.478234
0.456559
0.43018
0.403939
0.378234
0.353334
0.333166
0.309988
0.287709
0.266308
0.246939
0.240889
0.233972
0.226707
0.219086
0.211152
0.202957
0.195291
0.186673
0.177906
0.169052
0.160156
0.152107
0.143286
0.134577
0.126007
0.117596
0.110154
0.102134
0.0943699
0.0868942
0.0797358
0.0729043
0.0670077
0.0608318
0.0550144
0.0495563
0.0444473
0.0400844
0.0356136
0.0314752
0.0276538
0.0241406
0.0211665
0.0181903
0.0154784
0.0130244
0.0123792
0.0122167
0.0121633
0.0119335
0.0116553
0.0113346
0.0109778
0.0107201
0.0102715
0.00979447
0.00927888
0.00871731
0.00825852
0.0076263
0.00698265
0.00632404
0.00565104
0.00496674
0.00471143
0.00473018
0.00475265
0.0047787
0.00480823
0.00492218
0.00491902
0.0049316
0.00508593
0.00523718
0.00539641
0.00553061
0.00564383
0.00573057
0.0057749
0.00576736
0.00572933
0.00557858
0.00737232
0.00947171
0.0118316
0.0135524
0.0139201
0.0125599
0.010102
0.00753985
0.000755355
0.00252423
0.0159894
0.0300772
0.0412692
0.0454001
0.0520548
0.0574893
0.0620084
0.0658102
0.0625432
0.06514
0.0673582
0.0692173
0.070731
0.0718939
0.0661774
0.0667852
0.0670563
0.0669927
0.0676808
0.0643415
0.0682977
0.0719545
0.0753121
0.0783489
0.0728744
0.0753601
0.0776168
0.0796221
0.0814201
0.0829811
0.0769668
0.0782905
0.0793266
0.0799767
0.080219
0.0742981
0.073977
0.0731159
0.0717371
0.0698038
0.0637949
0.0613235
0.0584661
0.0552888
0.0518825
0.0483007
0.0433136
0.0398827
0.0364262
0.0329817
0.0295749
0.0263162
0.023331
0.0204593
0.0177305
0.0151583
0.0136245
0.011481
0.00948268
0.00799305
0.00810922
0.00813356
0.00620352
0.00617838
0.00606028
0.00681755
0.00759768
0.00508816
0.00578196
0.00638276
0.00690877
0.00736551
0.00494339
0.00534615
0.00568686
0.00597659
0.00619084
0.00636198
0.00425182
0.00459753
0.00491008
0.0051879
0.00542802
0.00447892
0.00468642
0.00485831
0.00500773
0.00512667
0.0042111
0.00431173
0.00438745
0.00443931
0.00447202
0.00448453
0.00451808
0.00465493
0.00479464
0.00493971
0.00508893
0.00525285
0.00539392
0.00554068
0.00569217
0.00584741
0.00597712
0.00613178
0.00629336
0.00646189
0.00663482
0.00680941
0.0069263
0.00710584
0.00729884
0.00750297
0.00771432
0.0078588
0.00807631
0.00829872
0.00852963
0.00877099
0.00893989
0.00919712
0.00945172
0.00980768
0.0101809
0.0105706
0.0111198
0.0115327
0.0119631
0.0124182
0.0128945
0.0134456
0.0139543
0.0144882
0.015041
0.0156089
0.0161778
0.0167734
0.0173787
0.0180006
0.0186313
0.0192742
0.0198545
0.0205141
0.0214803
0.0229346
0.0399756
0.0425329
0.0521704
0.0572258
0.0609523
0.0634214
0.0622449
0.0684558
0.0759787
0.08294
0.0893114
0.0950776
0.0944825
0.0986379
0.102109
0.104872
0.106895
0.101743
0.10227
0.102079
0.101189
0.0996481
0.0919128
0.089554
0.0867784
0.0836839
0.0803604
0.0768914
0.0696975
0.0665199
0.0634204
0.0604299
0.0576073
0.0527734
0.0506404
0.0487192
0.0470275
0.0461467
0.0449865
0.0450604
0.0451708
0.0453031
0.0454906
0.0457369
0.0454833
0.045864
0.0462267
0.0465519
0.0468549
0.0469394
0.0472406
0.0474936
0.047713
0.0478826
0.0480647
0.0481725
0.0482185
0.0481842
0.0480928
0.0479319
0.0479745
0.0477288
0.0474134
0.0470288
0.0465972
0.0464735
0.0459318
0.0453377
0.0446816
0.0439843
0.0436839
0.0428909
0.0420399
0.0411549
0.0402201
0.0392502
0.038753
0.0377235
0.0366763
0.0356009
0.0345218
0.0339439
0.0328545
0.0317716
0.0306861
0.0296059
0.0290317
0.0279749
0.0269332
0.0259107
0.0249079
0.0239463
0.0234677
0.0225871
0.0217297
0.0209171
0.0201194
0.0197403
0.0189449
0.0181481
0.0173481
0.0165506
0.0161481
0.0153613
0.014584
0.0138048
0.0130414
0.0122691
0.0118613
0.0110944
0.0105437
0.0100302
0.00948612
0.00905295
0.00846044
0.00783334
0.00719138
0.00650168
0.00595448
0.00519025
0.0043738
0.00350908
0.00259019
0.00193369
0.00143393
0.000911618
0.00184081
0.00305574
0.00454934
0.00584764
0.00756541
0.00942589
0.0113999
0.0135227
0.0153878
0.0177699
0.0203002
0.0229822
0.0258047
0.0287918
0.0314201
0.0346852
0.0380992
0.0416591
0.0453479
0.0485981
0.0302334
0.0385349
0.0551858
0.0649345
0.0671436
0.0694148
0.0696091
0.0683209
0.0659165
0.0626916
0.0551213
0.0509699
0.0465991
0.0458383
0.045021
0.0416126
0.0404616
0.0392223
0.0379271
0.0366
0.0326785
0.0313717
0.0301161
0.0289298
0.0278237
0.0267835
0.0233832
0.02256
0.0218018
0.0211065
0.0204667
0.0177097
0.0172084
0.0167131
0.016214
0.015703
0.0134082
0.0129363
0.0124299
0.011895
0.0113336
0.0107432
0.00879827
0.00822674
0.0076427
0.00703693
0.00642405
0.00478214
0.00422241
0.0041203
0.00412632
0.00413212
0.00261875
0.00308718
0.00356163
0.00403859
0.00450531
0.00495506
0.00600856
0.00641588
0.00679845
0.00715121
0.0074793
0.00826628
0.00850399
0.00869166
0.00885534
0.0089933
0.00953521
0.00959966
0.00963002
0.0096276
0.0095827
0.00951781
0.00976951
0.00965016
0.00950895
0.00934668
0.00917652
0.009273
0.00906704
0.00886226
0.00865805
0.00843149
0.00842054
0.00827924
0.00811595
0.00793247
0.00771789
0.00748626
0.00729588
0.00701596
0.00678277
0.00663979
0.00650019
0.00692218
0.0067964
0.00668659
0.00659109
0.00650179
0.00687751
0.00681274
0.00677815
0.00675792
0.00675483
0.00678704
0.0071487
0.00719431
0.0072667
0.00735348
0.0074515
0.00780086
0.00789978
0.0079753
0.00803596
0.00814654
0.00860994
0.00913057
0.00957849
0.00995651
0.0102474
0.010439
0.010491
0.0104738
0.0103212
0.0100193
0.0117492
0.013923
0.0168559
0.0201173
0.0293677
0.0341249
0.0394013
0.0417336
0.0475825
0.0509537
0.052753
0.0534957
0.0517758
0.0510972
0.0499691
0.0484781
0.0466892
0.0426899
0.0404631
0.0381387
0.0357772
0.0334214
0.0289738
0.0266609
0.0243947
0.0221867
0.0200396
0.0179628
0.0139259
0.0120353
0.0102311
0.00851741
0.00716639
0.00587035
0.00576351
0.00613767
0.00668658
0.00722698
0.00646454
0.00700812
0.00755049
0.00809145
0.00863233
0.00916248
0.00999964
0.0104851
0.0108929
0.0112318
0.0115223
0.0128354
0.0129836
0.0131023
0.013175
0.0132052
0.0140697
0.0140068
0.0139301
0.0138228
0.0136999
0.0135792
0.0140821
0.0139137
0.013734
0.0135511
0.0133468
0.0136
0.0133125
0.0136123
0.0143966
0.015286
0.0156455
0.0167718
0.018012
0.0193742
0.0208394
0.0224042
0.0234576
0.0252018
0.0270067
0.028854
0.0307237
0.032051
0.0339055
0.0356951
0.0386307
0.04305
0.0472238
0.0523719
0.0579141
0.0638395
0.0701244
0.0767363
0.0828364
0.0902786
0.0981004
0.106132
0.114235
0.121287
0.129179
0.13675
0.143825
0.150199
0.169079
0.191281
0.213706
0.235918
0.257327
0.277141
0.301726
0.335852
0.366674
0.39107
0.405451
0.40821
0.401226
0.387039
0.368789
0.348595
0.330434
0.309803
0.289967
0.271354
0.256913
0.24141
0.229585
0.210158
0.185714
0.158026
0.128699
0.0992364
0.0699601
0.0450598
0.0562984
0.0813607
0.10559
0.131054
0.156991
0.183485
0.210538
0.23818
0.264392
0.293058
0.322251
0.351896
0.381892
0.409648
0.439862
0.46983
0.499066
0.526768
0.549962
0.570825
0.584866
0.590015
0.585746
0.573242
0.558134
0.535612
0.510417
0.483923
0.457149
0.434917
0.409335
0.384934
0.361869
0.34018
0.322968
0.303575
0.299608
0.296748
0.293341
0.289378
0.285168
0.280151
0.274529
0.268281
0.261441
0.254741
0.246919
0.238622
0.229925
0.22091
0.212577
0.203139
0.193539
0.183842
0.174112
0.164413
0.155794
0.146295
0.136955
0.127826
0.118942
0.111233
0.102902
0.094895
0.0872269
0.0799065
0.0736439
0.0669878
0.0606943
0.0547632
0.049188
0.0439638
0.0395617
0.0373901
0.0354593
0.0335573
0.0316664
0.0301234
0.0282726
0.0264369
0.0246335
0.0228527
0.0213819
0.0196546
0.0179582
0.0163044
0.0156741
0.0153693
0.01525
0.0149733
0.0147015
0.0144373
0.0141694
0.0140288
0.0137373
0.0134257
0.0130853
0.0127088
0.0132665
0.0137943
0.014239
0.0145973
0.0148621
0.0150257
0.0150976
0.0150279
0.0147967
0.0143496
0.0160012
0.0178282
0.0184827
0.0176047
0.0157073
0.0136868
0.000755355
0.00252423
0.0159894
0.0300772
0.0412692
0.0454001
0.0520548
0.0574893
0.0620084
0.0658102
0.0625432
0.06514
0.0673582
0.0692173
0.070731
0.0718939
0.0661774
0.0667852
0.0670563
0.0669927
0.0676808
0.0643415
0.0682977
0.0719545
0.0753123
0.0783506
0.0728784
0.0753697
0.0776307
0.0796394
0.0814376
0.0830011
0.0769972
0.078338
0.0794109
0.0801601
0.0805734
0.0748503
0.0747825
0.0742189
0.0731692
0.0716051
0.0659117
0.0637782
0.0611515
0.0580756
0.054589
0.0507401
0.0453587
0.0413025
0.0370414
0.032616
0.0280733
0.0236887
0.0192866
0.014852
0.0136379
0.0141745
0.0119503
0.0137543
0.0166234
0.0193016
0.021773
0.0240515
0.0224876
0.0244419
0.0262268
0.0278311
0.0292832
0.0272908
0.0285107
0.0295697
0.0304997
0.0313123
0.0295522
0.0305949
0.0315197
0.0323361
0.0330273
0.0336285
0.0328208
0.0332549
0.0336003
0.0338547
0.0340149
0.0329529
0.032991
0.0329527
0.0328524
0.0326819
0.0314841
0.0312302
0.0309223
0.0305658
0.0301655
0.029721
0.0284594
0.0279688
0.0274425
0.0268838
0.0262956
0.0250471
0.0244326
0.0237962
0.0231371
0.022459
0.0212607
0.020572
0.0198683
0.0191472
0.0184124
0.0176648
0.0165362
0.0157892
0.0150326
0.0142676
0.0134938
0.0124347
0.011663
0.0108841
0.0100994
0.00931104
0.00832325
0.00754495
0.0067623
0.005977
0.0051908
0.00440349
0.00349697
0.00271973
0.0021933
0.00221388
0.00222614
0.00222643
0.00243375
0.00310341
0.00377865
0.0044629
0.0051268
0.00582355
0.00653189
0.00725403
0.0079861
0.00873305
0.00940558
0.0101824
0.0109819
0.0118063
0.0244399
0.0265517
0.0358967
0.041011
0.0450931
0.0481067
0.0475129
0.0526817
0.0606998
0.0682773
0.0753527
0.081871
0.0819348
0.0867993
0.090908
0.0942131
0.0966339
0.0917496
0.0924234
0.0922873
0.0912882
0.0895793
0.0816095
0.0789029
0.07571
0.0721708
0.0683494
0.0643824
0.056727
0.05302
0.0494289
0.0459967
0.0427735
0.0376028
0.0357906
0.0348709
0.0339864
0.0331256
0.0313101
0.0306262
0.0299509
0.0292557
0.0285436
0.0278053
0.0266351
0.0259354
0.0252209
0.0244783
0.0237201
0.0228782
0.0221378
0.0213705
0.0205888
0.0197794
0.0191352
0.0183483
0.0175746
0.016808
0.0160685
0.0153309
0.0152348
0.0147039
0.0141426
0.013555
0.0129736
0.0135981
0.0129377
0.0122855
0.011637
0.0110908
0.0116741
0.0111046
0.0105501
0.00998826
0.00944202
0.00890233
0.00916716
0.00861358
0.00807315
0.00756389
0.00706827
0.00717226
0.00666745
0.00617016
0.0056929
0.00523779
0.00520411
0.00475027
0.00431764
0.00392323
0.00363672
0.00337939
0.00345649
0.00323322
0.00302702
0.00285818
0.00270905
0.00281302
0.00269556
0.00290061
0.00315585
0.00339584
0.00344731
0.00366847
0.00387711
0.00406471
0.00425175
0.00440773
0.00443287
0.00457632
0.00471744
0.00484536
0.00495739
0.00495447
0.00504312
0.00510684
0.0051641
0.00519626
0.00514407
0.00514863
0.00512635
0.00508573
0.00502869
0.00503888
0.00518012
0.00529008
0.00560968
0.00638412
0.00721302
0.00788333
0.00883199
0.009861
0.0109375
0.012096
0.0130614
0.01435
0.0157186
0.017167
0.0186877
0.0202967
0.0216513
0.0233857
0.025191
0.027063
0.0289894
0.0306349
0.0103578
0.0171626
0.0333757
0.0434079
0.0462992
0.0496846
0.0512603
0.0515272
0.0507841
0.0493432
0.0433692
0.0410408
0.0384368
0.0356022
0.0326527
0.026435
0.02365
0.0209341
0.0184772
0.0181698
0.0151694
0.0148754
0.0146215
0.0143941
0.0142148
0.0140431
0.0113656
0.0113171
0.0112863
0.0112674
0.0112678
0.00904468
0.00912584
0.00918856
0.00922709
0.00923798
0.00739416
0.0074368
0.00744508
0.00742824
0.00738677
0.00732106
0.00583487
0.00578956
0.00572931
0.005645
0.00554696
0.00435217
0.00429653
0.00421334
0.00411959
0.00401602
0.00307168
0.00298754
0.00289298
0.00278428
0.00266973
0.00267592
0.00349125
0.00343725
0.00349558
0.00376613
0.00404235
0.00490998
0.00505198
0.0052646
0.0054704
0.0056678
0.00629115
0.00642743
0.00656305
0.0066899
0.00679163
0.00688391
0.00763
0.00763211
0.00763693
0.00765019
0.00765812
0.00873436
0.00872172
0.00869801
0.00866228
0.00863282
0.00951457
0.00943012
0.00933927
0.0092323
0.00911806
0.00898778
0.00961222
0.00943475
0.00925216
0.0090475
0.00881372
0.00921611
0.00891593
0.00858882
0.00823468
0.00783956
0.00799002
0.00751883
0.00702233
0.00660803
0.00677661
0.00693475
0.00705849
0.00715547
0.00722752
0.00725998
0.00724779
0.00722196
0.00712754
0.00798053
0.0090695
0.0101746
0.0111144
0.0122427
0.0133666
0.0144862
0.0155898
0.0166668
0.0175549
0.0185608
0.0195038
0.0203673
0.0223702
0.0246494
0.0275893
0.0307304
0.0397586
0.0445861
0.0502253
0.0512796
0.0496839
0.0471566
0.0444449
0.0429366
0.0416445
0.0415766
0.0411499
0.0404207
0.0394345
0.0361468
0.0347224
0.0331474
0.0314429
0.0296348
0.0255991
0.0236937
0.0217821
0.0198864
0.0180291
0.0162106
0.012537
0.0117916
0.0110863
0.0104124
0.00991696
0.00881725
0.0089752
0.00911468
0.0092345
0.00933634
0.00817986
0.0082621
0.00832635
0.00837391
0.00840417
0.00841646
0.0100352
0.0104306
0.0107665
0.011055
0.0112964
0.0125768
0.0126936
0.0127804
0.012832
0.0128571
0.0137155
0.0136494
0.0135605
0.0134507
0.0133129
0.0131439
0.0135804
0.0132973
0.0129552
0.012547
0.0120547
0.0120036
0.0112858
0.010438
0.00944074
0.00943355
0.00971378
0.0106846
0.0116869
0.0127074
0.0137311
0.0147402
0.0151995
0.016131
0.0176712
0.0226998
0.0282188
0.0334374
0.0399048
0.0468859
0.0543734
0.0623581
0.0697381
0.0786371
0.0879967
0.0977465
0.107837
0.118225
0.127572
0.138611
0.149763
0.160423
0.170057
0.177418
0.18435
0.189364
0.215266
0.243261
0.267394
0.293399
0.316538
0.337885
0.367696
0.389816
0.400216
0.400273
0.389193
0.370179
0.346375
0.32321
0.295522
0.267612
0.240359
0.214373
0.19308
0.170657
0.150569
0.133048
0.120826
0.124756
0.138133
0.147235
0.155986
0.173472
0.211313
0.247447
0.2853
0.321152
0.353309
0.37989
0.399611
0.413162
0.421039
0.424599
0.424696
0.421847
0.418846
0.411723
0.403044
0.393119
0.382168
0.37313
0.360329
0.346395
0.331235
0.315175
0.301792
0.284684
0.267288
0.249727
0.232125
0.214572
0.200338
0.183062
0.166065
0.149423
0.134965
0.127441
0.119249
0.111452
0.10409
0.0971808
0.0913955
0.0853899
0.0798996
0.0749305
0.0704715
0.0665125
0.0632976
0.0602153
0.0575491
0.0567313
0.059723
0.0622415
0.064367
0.0660254
0.0672304
0.0680042
0.0685854
0.0686049
0.0682577
0.0688592
0.069718
0.0701553
0.0699606
0.0696961
0.0690902
0.0681653
0.0669561
0.0654924
0.0638507
0.06201
0.0600027
0.0578664
0.0557505
0.0534222
0.0510235
0.048592
0.0461459
0.0436935
0.0414382
0.0390208
0.036635
0.0343058
0.0320351
0.0300164
0.027882
0.0258266
0.0238475
0.0219474
0.0202811
0.0185354
0.0168731
0.0152998
0.0138097
0.0124113
0.0112093
0.00997135
0.00880565
0.00772108
0.00671448
0.00601298
0.00582759
0.0057341
0.00574832
0.00637457
0.0073991
0.00844778
0.0094725
0.0104685
0.0114407
0.0123785
0.0132059
0.0140192
0.0146965
0.0150883
0.0147393
0.0145364
0.0138162
0.0123806
0.0115797
0.0113781
0.000755355
0.00252423
0.0159894
0.0300772
0.0412692
0.0454001
0.0520548
0.0574893
0.0620084
0.0658102
0.0625432
0.06514
0.0673582
0.0692173
0.070731
0.0718939
0.0661774
0.0667852
0.0670563
0.0669927
0.0676808
0.0643415
0.0682977
0.0719545
0.0753123
0.0783506
0.0728784
0.0753697
0.0776307
0.0796394
0.0814376
0.0830011
0.0769972
0.078338
0.0794109
0.0801601
0.0805734
0.0748503
0.0747825
0.0742189
0.0731692
0.0716051
0.0659117
0.0637782
0.0611515
0.0580756
0.054589
0.0507401
0.0453587
0.0413025
0.0370414
0.032616
0.0280733
0.0236887
0.0192866
0.014852
0.0136379
0.0141745
0.0119503
0.0137543
0.0166234
0.0193016
0.021773
0.0240517
0.0224901
0.0244499
0.0262413
0.0278439
0.0292912
0.0273001
0.028527
0.029599
0.0305448
0.0313732
0.0296134
0.0306669
0.0316086
0.0324472
0.0331605
0.0337839
0.0329964
0.0334529
0.0338216
0.0341063
0.034306
0.033281
0.033365
0.0333715
0.0333099
0.0331719
0.0320001
0.0317729
0.0314868
0.0311478
0.0307592
0.0303214
0.0290627
0.0285717
0.0280409
0.0274705
0.0268615
0.0255887
0.0249385
0.0242591
0.0235508
0.022818
0.0215686
0.0208205
0.0200563
0.0192755
0.0184804
0.0176737
0.0164942
0.0156925
0.0148817
0.0140599
0.0132277
0.0121203
0.0112954
0.0104689
0.00964148
0.00881456
0.00779009
0.0069674
0.00614493
0.00532252
0.00449023
0.0036515
0.00269654
0.00258243
0.00262687
0.00267881
0.00273019
0.00315607
0.00388592
0.00462674
0.00537066
0.00612496
0.00684579
0.007607
0.00837302
0.00915407
0.00994632
0.0107517
0.0114717
0.0123003
0.0131437
0.0140081
0.0231541
0.0252438
0.0346701
0.0399182
0.0441988
0.0474605
0.0471145
0.053248
0.0609541
0.0682685
0.075116
0.0814182
0.0813302
0.0860587
0.0900838
0.0933088
0.0956661
0.0906182
0.0911427
0.09073
0.0895005
0.087409
0.0790971
0.0759053
0.0721981
0.0680356
0.0636361
0.0590593
0.0509657
0.046795
0.0445207
0.043125
0.0418149
0.0388695
0.0377802
0.0366744
0.0356229
0.0345577
0.0325447
0.0316094
0.0306861
0.0297329
0.028776
0.0278223
0.0265056
0.0256766
0.0248488
0.0240227
0.0232047
0.0223305
0.0215629
0.0207616
0.0199244
0.0190398
0.0185491
0.0182372
0.0179069
0.0175381
0.0171546
0.0167427
0.0178293
0.0173226
0.0167925
0.0162445
0.0157101
0.0163824
0.0157764
0.0151769
0.0145799
0.0140034
0.0144123
0.0138045
0.013197
0.0126138
0.0120417
0.0114956
0.0117193
0.0111857
0.0106865
0.0102
0.00974592
0.00989282
0.00945926
0.00905264
0.00866559
0.00830031
0.00840753
0.00807008
0.00775803
0.00747333
0.00720471
0.00696364
0.00705436
0.00684276
0.00664078
0.00646934
0.00631177
0.00640369
0.00626605
0.00615255
0.00604678
0.00595246
0.00604177
0.00596067
0.0058927
0.00582965
0.00579144
0.0057475
0.00582843
0.00579458
0.00577629
0.00576286
0.0057516
0.00581196
0.00580369
0.00578919
0.00578799
0.00578058
0.00581674
0.00580393
0.00577976
0.00575669
0.00573382
0.00568962
0.005682
0.00562058
0.00556302
0.0054836
0.0060323
0.00647928
0.00714984
0.00788353
0.00864913
0.00948524
0.0101518
0.011077
0.0120542
0.0130901
0.0141746
0.0153331
0.0162842
0.0175445
0.0188455
0.0201817
0.0215407
0.0226677
0.00724476
0.011912
0.0243162
0.0343793
0.0376338
0.0416356
0.0439695
0.0450781
0.0451999
0.0445385
0.0391792
0.0374788
0.0354091
0.0330767
0.0305724
0.0247459
0.022351
0.0200047
0.0177429
0.0156108
0.0127069
0.0125232
0.0123383
0.0121565
0.0119761
0.0117764
0.00904316
0.0089057
0.00875836
0.0085923
0.00841181
0.00601278
0.00588065
0.00574579
0.00604583
0.0063699
0.0059617
0.00609436
0.00616708
0.00619622
0.0061959
0.00616032
0.0052516
0.00514151
0.00501258
0.00485444
0.00466682
0.00361037
0.00338385
0.00312381
0.00284988
0.00256384
0.00369853
0.00350457
0.00330691
0.0031098
0.00292051
0.00273099
0.00414773
0.00392396
0.00370593
0.00349131
0.00326782
0.00452207
0.00427444
0.0041136
0.00416575
0.00422118
0.00567822
0.00571382
0.00575748
0.00580198
0.00585587
0.00590408
0.00716832
0.00718002
0.00719504
0.0072115
0.00721653
0.00828434
0.00825289
0.00820271
0.00813569
0.00807228
0.00892175
0.00879798
0.0086664
0.00851861
0.00835909
0.00817944
0.00875737
0.00851928
0.00826789
0.00799364
0.00769237
0.00803757
0.00767143
0.00727678
0.00685434
0.00639427
0.00649035
0.00596054
0.00540732
0.00481548
0.00418646
0.00353564
0.00332164
0.00256605
0.00177127
0.00158372
0.0024037
0.00312421
0.00403162
0.00495864
0.00594555
0.00697602
0.00787537
0.00899154
0.0101408
0.0113275
0.0125404
0.0137837
0.0152831
0.0173057
0.0194578
0.0217457
0.0241719
0.0262868
0.0289955
0.0318592
0.0405635
0.0455446
0.0520455
0.0539224
0.0530041
0.0510108
0.0487023
0.0464161
0.0429385
0.0409416
0.0391287
0.037461
0.0359146
0.0330307
0.0316403
0.0303104
0.0290363
0.0278058
0.0251957
0.0240385
0.022905
0.0217894
0.0206844
0.0195863
0.0172638
0.0162072
0.0151542
0.0140972
0.0130289
0.0109438
0.00988709
0.00889281
0.00853702
0.00814422
0.00654303
0.00610033
0.00562305
0.00510675
0.00582969
0.00664995
0.00873418
0.00945647
0.0101541
0.0108269
0.0114679
0.0130922
0.0135966
0.0140685
0.0144994
0.0148679
0.016061
0.0171105
0.018081
0.0189563
0.0197135
0.0203357
0.0209536
0.0212584
0.0213696
0.0212725
0.0209476
0.0205898
0.0197805
0.0186957
0.0173227
0.0156479
0.0140037
0.0117232
0.010729
0.0125987
0.0145893
0.0166906
0.0180264
0.021538
0.0271724
0.033271
0.0398397
0.0458157
0.0532837
0.0612254
0.0696356
0.0785043
0.086512
0.0961972
0.10629
0.116748
0.127519
0.138517
0.148446
0.160492
0.172375
0.183578
0.195315
0.208972
0.223205
0.235565
0.245697
0.253245
0.257358
0.258794
0.256256
0.284954
0.312757
0.334972
0.348296
0.355202
0.357854
0.363386
0.362375
0.357109
0.347239
0.334582
0.320245
0.305132
0.291848
0.27702
0.263013
0.250168
0.241345
0.231281
0.223976
0.209381
0.189245
0.173784
0.192049
0.225954
0.261699
0.296667
0.330265
0.361998
0.389966
0.416678
0.439827
0.458501
0.471844
0.479341
0.48268
0.479651
0.471953
0.460374
0.445715
0.432263
0.413702
0.393915
0.373418
0.352635
0.335665
0.315112
0.294969
0.275347
0.264666
0.258424
0.252475
0.245496
0.238174
0.230526
0.222571
0.215134
0.20667
0.197986
0.189116
0.18009
0.171799
0.162578
0.153321
0.144061
0.134838
0.125697
0.117503
0.108625
0.0999399
0.093704
0.0897479
0.0860825
0.0814058
0.0764499
0.0712844
0.0659676
0.0613759
0.0559317
0.0505132
0.0451636
0.0399365
0.0348764
0.0307331
0.0260755
0.0216835
0.0175728
0.0137578
0.010782
0.00796127
0.00634295
0.0048469
0.00422126
0.00490461
0.00533783
0.00560783
0.00580786
0.00659648
0.00715843
0.00740094
0.00757989
0.00757384
0.00740722
0.0070653
0.00659373
0.00602208
0.00534669
0.004582
0.00373943
0.00290574
0.00195578
0.00096795
0.00074707
0.00102919
0.00200517
0.00288023
0.00380702
0.00469393
0.00553264
0.00631002
0.00694841
0.00755766
0.00805345
0.00842172
0.0087713
0.00953175
0.0102916
0.0110399
0.0117571
0.0124109
0.012988
0.0134789
0.0138826
0.0140785
0.0138577
0.012707
0.0111069
0.0100468
0.00939575
0.00982952
0.0104218
0.000755355
0.00252423
0.0159894
0.0300772
0.0412692
0.0454001
0.0520548
0.0574893
0.0620084
0.0658102
0.0625432
0.06514
0.0673582
0.0692173
0.070731
0.0718939
0.0661774
0.0667852
0.0670563
0.0669927
0.0676808
0.0643415
0.0682977
0.0719545
0.0753123
0.0783506
0.0728784
0.0753697
0.0776307
0.0796394
0.0814376
0.0830011
0.0769972
0.078338
0.0794109
0.0801601
0.0805734
0.0748503
0.0747825
0.0742189
0.0731692
0.0716051
0.0659117
0.0637782
0.0611515
0.0580756
0.054589
0.0507401
0.0453587
0.0413025
0.0370414
0.032616
0.0280733
0.0236887
0.0192866
0.014852
0.0136379
0.0141745
0.0119503
0.0137543
0.0166234
0.0193016
0.021773
0.0240517
0.0224896
0.0244498
0.026239
0.0278375
0.0292819
0.0272865
0.0285118
0.0295866
0.0305306
0.0313546
0.0296183
0.0306701
0.0316067
0.0324394
0.0331474
0.0337651
0.0329708
0.0334225
0.0337854
0.0340649
0.0342627
0.0332377
0.0333205
0.0333291
0.0332782
0.0331623
0.0320175
0.03183
0.0315895
0.031299
0.0309626
0.030581
0.0293759
0.0289515
0.0284921
0.0279998
0.0274785
0.0262905
0.0257446
0.0251753
0.0245832
0.0239699
0.0228279
0.0222047
0.0215664
0.0209123
0.0202417
0.0195596
0.0184879
0.0178055
0.0171117
0.0164075
0.0156954
0.0146946
0.013993
0.0132894
0.0125816
0.0118705
0.0109477
0.0102417
0.00953326
0.00882468
0.00811866
0.00741684
0.00658414
0.00589073
0.00520526
0.00452398
0.00383747
0.00306834
0.00238682
0.00187254
0.0018734
0.00187656
0.00249058
0.0031267
0.00376484
0.00441378
0.00507683
0.00575528
0.00636488
0.00706604
0.00778158
0.00851236
0.0269861
0.0268271
0.0362175
0.0414757
0.0456413
0.0487381
0.0482612
0.0500954
0.0552396
0.0628933
0.0701008
0.0767763
0.0770106
0.082114
0.0864926
0.0900738
0.0927838
0.088093
0.0889925
0.0889561
0.0880788
0.0863288
0.0782844
0.0754056
0.0719737
0.06817
0.0641154
0.0599347
0.0521898
0.0484506
0.0464871
0.0452927
0.0441034
0.0412458
0.0402146
0.0391606
0.0381073
0.0370358
0.0349931
0.034007
0.0330204
0.0319902
0.0309432
0.0298869
0.0284685
0.027502
0.026509
0.0254824
0.0244543
0.0233939
0.0224203
0.0214344
0.0204454
0.0194392
0.0186306
0.017669
0.0167253
0.0157741
0.0148316
0.0138844
0.0133001
0.0126621
0.0122335
0.0117991
0.0113907
0.0121864
0.01173
0.0112892
0.0108541
0.0104447
0.0110033
0.0105781
0.0101663
0.00978687
0.00940693
0.00902978
0.0093775
0.00896196
0.00878492
0.00894243
0.00917468
0.00996898
0.0103168
0.0107384
0.011238
0.0118104
0.0127099
0.013355
0.0140473
0.0147807
0.0155515
0.0163439
0.0172555
0.0180469
0.0188432
0.0196112
0.0203528
0.0210549
0.0216662
0.0222031
0.0226654
0.0230499
0.0233371
0.0235524
0.0236874
0.0237577
0.0237498
0.0236988
0.0235609
0.023406
0.0232031
0.0229665
0.0226989
0.0223767
0.0220649
0.0217534
0.0214277
0.0211179
0.0207647
0.0204799
0.0202292
0.0200132
0.0198387
0.0197311
0.0195685
0.0195818
0.0196585
0.0198401
0.0201126
0.0203316
0.0208027
0.021402
0.0221016
0.0229387
0.023669
0.0247435
0.0259553
0.0273107
0.0288002
0.030447
0.0318923
0.0338011
0.0358624
0.0380782
0.0404324
0.0425253
0.0228465
0.0299029
0.0454938
0.0542939
0.0557017
0.0571139
0.0565763
0.0547126
0.0519012
0.048436
0.0408079
0.0367677
0.0326539
0.0285735
0.0267575
0.0232041
0.0220097
0.0208403
0.0197321
0.0186861
0.0150922
0.0142234
0.013468
0.0128249
0.0122972
0.0118565
0.0108057
0.0113334
0.0117041
0.0119348
0.0120412
0.0117929
0.0115974
0.011272
0.0108397
0.0103061
0.00914505
0.00842616
0.00766647
0.00687378
0.0060733
0.00564099
0.00420595
0.00492755
0.0056019
0.0062453
0.00684335
0.00541715
0.00596131
0.0064784
0.00695056
0.00738132
0.00596055
0.00634423
0.00667212
0.00702573
0.00750065
0.00793329
0.0089581
0.00931754
0.00963958
0.00992876
0.010198
0.0109402
0.0111319
0.0112759
0.0113953
0.011486
0.0119854
0.0119992
0.0119822
0.0119419
0.0118653
0.0117694
0.011993
0.0118392
0.0116591
0.0114546
0.0112314
0.0112722
0.0109924
0.0107027
0.0104024
0.0100703
0.0106486
0.0106938
0.0107371
0.0107693
0.0107978
0.0108113
0.01156
0.0115201
0.0114703
0.0114011
0.0113085
0.011839
0.0116903
0.011518
0.0113199
0.0110805
0.0113675
0.0110558
0.0107157
0.0103291
0.00989716
0.00943075
0.00936951
0.00963565
0.00992447
0.0101646
0.0103488
0.0104853
0.0105663
0.0105717
0.0105146
0.0103766
0.0108753
0.0119115
0.0129463
0.0139839
0.0150154
0.0160327
0.0168793
0.0178536
0.0187822
0.0196493
0.0204525
0.0210721
0.0222082
0.0253016
0.0342725
0.0389312
0.0444033
0.0453209
0.0437373
0.0419056
0.0442075
0.0456685
0.0447055
0.044984
0.0448671
0.0444113
0.0436604
0.0405438
0.0392711
0.037806
0.036188
0.0344428
0.0304278
0.0284966
0.0265134
0.0245086
0.0225126
0.0205467
0.0165868
0.0147643
0.013008
0.011316
0.00969801
0.0070952
0.00683045
0.00724104
0.00762426
0.00797686
0.0070266
0.00732904
0.0076008
0.0078396
0.00804343
0.00820709
0.00739761
0.00785969
0.00827494
0.00865117
0.00899342
0.0103699
0.0106072
0.0108227
0.0110179
0.0111943
0.0121922
0.0122866
0.0123593
0.0124014
0.0124017
0.012342
0.0128622
0.0126732
0.0124322
0.0121192
0.01196
0.0118213
0.0113133
0.0105717
0.00957023
0.00920918
0.00932836
0.0104651
0.0117553
0.0131092
0.014505
0.0159281
0.0167791
0.0182006
0.0195743
0.0230555
0.0286628
0.0339647
0.0405314
0.0476264
0.0552505
0.0634078
0.0709587
0.0800817
0.0897013
0.0997932
0.110318
0.121231
0.131201
0.143289
0.15581
0.168058
0.179423
0.188402
0.197284
0.204374
0.209343
0.222462
0.248135
0.276538
0.30304
0.32617
0.343877
0.360048
0.377414
0.387542
0.386895
0.376967
0.360651
0.342727
0.320038
0.296076
0.272061
0.248629
0.229144
0.208359
0.189503
0.172876
0.161258
0.149345
0.141139
0.13211
0.140552
0.156698
0.192837
0.22775
0.264921
0.301433
0.336411
0.368848
0.396354
0.420567
0.438365
0.448641
0.451196
0.446776
0.439671
0.425461
0.407907
0.388113
0.367035
0.349508
0.327956
0.306851
0.286559
0.267148
0.252089
0.234306
0.218435
0.214255
0.209453
0.204035
0.198656
0.192167
0.185189
0.17777
0.16996
0.162609
0.154237
0.145669
0.136973
0.128212
0.12025
0.111533
0.102928
0.094478
0.0862359
0.0782433
0.0711962
0.0637894
0.0567388
0.0507762
0.0469731
0.0436446
0.0395734
0.0354568
0.0313408
0.0272663
0.0239135
0.0200406
0.01878
0.0181229
0.0174032
0.0166428
0.0165327
0.0156944
0.0148321
0.0139444
0.013049
0.0134927
0.0137305
0.0139047
0.0140099
0.0140305
0.0141406
0.013998
0.0137714
0.0134642
0.0130811
0.0126346
0.012306
0.0117372
0.0111095
0.0104403
0.00973167
0.00917806
0.00841098
0.00762661
0.00683425
0.0060486
0.00541839
0.00462356
0.00385347
0.00310163
0.00327691
0.00415243
0.00490507
0.00567406
0.00639223
0.00705208
0.0076272
0.00806946
0.00843726
0.00867066
0.00874567
0.00879326
0.00933702
0.00979753
0.0101776
0.0104854
0.0107305
0.0108899
0.0109951
0.0109215
0.0106456
0.0109994
0.0108075
0.0097516
0.0101473
0.00944598
0.00757587
0.0069367
0.000755355
0.00252423
0.0159894
0.0300772
0.0412692
0.0454001
0.0520548
0.0574893
0.0620084
0.0658102
0.0625432
0.06514
0.0673582
0.0692173
0.070731
0.0718939
0.0661774
0.0667852
0.0670563
0.0669927
0.0676808
0.0643415
0.0682977
0.0719545
0.0753123
0.0783506
0.0728784
0.0753697
0.0776307
0.0796394
0.0814376
0.0830011
0.0769972
0.078338
0.0794109
0.0801601
0.0805734
0.0748503
0.0747825
0.0742189
0.0731692
0.0716051
0.0659117
0.0637782
0.0611515
0.0580756
0.054589
0.0507401
0.0453587
0.0413025
0.0370414
0.032616
0.0280733
0.0236887
0.0192866
0.014852
0.0136379
0.0141745
0.0119503
0.0137543
0.0166234
0.0193016
0.021773
0.0240517
0.0224901
0.0244499
0.0262413
0.0278439
0.0292912
0.0273001
0.0285272
0.0296036
0.0305516
0.0313774
0.0296309
0.0306875
0.03163
0.0324691
0.0331843
0.0338094
0.0330239
0.0334846
0.0338604
0.0341532
0.0343634
0.0333495
0.0334473
0.033472
0.0334353
0.0333312
0.0321975
0.0320234
0.031798
0.0315257
0.0312109
0.0308543
0.0296713
0.0292716
0.0288395
0.0283762
0.0278845
0.0267235
0.026208
0.0256709
0.025111
0.0245313
0.0234184
0.0228281
0.0222223
0.0216017
0.0209674
0.0203218
0.0192804
0.0186294
0.0179662
0.0172934
0.0166136
0.01564
0.0149696
0.0142929
0.0136041
0.0129066
0.0119995
0.0113161
0.0106299
0.00994146
0.00924723
0.00855455
0.00773443
0.00705932
0.00638503
0.00571068
0.0050424
0.0042952
0.0036276
0.00295427
0.00228585
0.00191924
0.00205413
0.00269699
0.00334719
0.00400847
0.00468026
0.00536446
0.00598188
0.00669394
0.00742525
0.00817862
0.0272932
0.0271007
0.0357664
0.0409891
0.0451737
0.0483208
0.047916
0.0498379
0.0535486
0.0611544
0.0683205
0.074993
0.0752636
0.0804542
0.0849528
0.0887093
0.0916515
0.0872355
0.0884936
0.0888757
0.0884498
0.087208
0.0796706
0.077397
0.0746736
0.0715658
0.0681753
0.0645905
0.0572473
0.053848
0.0512727
0.0502639
0.0492012
0.046468
0.0455365
0.0445889
0.0436385
0.0426891
0.0407405
0.0398653
0.038957
0.0380127
0.0370509
0.0360937
0.0347557
0.0338702
0.0329571
0.0320182
0.031076
0.0300843
0.0291724
0.0282383
0.0273029
0.0263494
0.0255786
0.0246338
0.0236808
0.0227115
0.0217543
0.0207894
0.0201805
0.0192472
0.0183102
0.0173707
0.0164577
0.0159733
0.0150899
0.0142229
0.0133645
0.01253
0.012165
0.0113605
0.0105657
0.00980017
0.0090491
0.00832159
0.00808414
0.0074002
0.00674675
0.00610501
0.00549847
0.00536183
0.00480559
0.00428117
0.00379542
0.00335647
0.00328653
0.00284667
0.0025696
0.00239679
0.00223759
0.00210663
0.00229247
0.00218972
0.00209763
0.00203407
0.00197719
0.00215244
0.00210678
0.00208569
0.00217692
0.0025071
0.00288284
0.00335333
0.00390266
0.00453709
0.00523441
0.0060202
0.0067164
0.00762057
0.00858206
0.00960599
0.0106864
0.0116062
0.012776
0.0140006
0.015255
0.0165554
0.0176265
0.0189747
0.0203549
0.021746
0.0231417
0.0245508
0.0256661
0.0270758
0.0284677
0.0298736
0.0312807
0.032411
0.0338314
0.0352763
0.0367184
0.0381994
0.0394165
0.0409609
0.04256
0.0442243
0.04595
0.0477648
0.0493141
0.0512931
0.0533702
0.055553
0.0578401
0.0598511
0.0400631
0.0468558
0.0616878
0.0694151
0.0697736
0.0698769
0.0679382
0.0646077
0.0603026
0.0553669
0.0464996
0.041138
0.0358596
0.0308037
0.0260861
0.0211502
0.0195136
0.0180171
0.0166858
0.0155289
0.0119166
0.0111155
0.0105076
0.0100768
0.00981429
0.00967547
0.00998373
0.0106728
0.0111621
0.0114677
0.0116196
0.0113953
0.0111989
0.0108848
0.0104759
0.00997221
0.00883187
0.00814835
0.00742069
0.00666249
0.00588549
0.00546228
0.00393883
0.00382456
0.00366995
0.00378251
0.00434875
0.00288349
0.00337321
0.00383128
0.00423589
0.0045997
0.00497852
0.00556047
0.0061163
0.00664799
0.00714588
0.00760824
0.00866168
0.00905551
0.00940982
0.00972833
0.0100232
0.0107838
0.0109924
0.011148
0.011276
0.0113725
0.0118754
0.0118914
0.0118741
0.0118298
0.0117454
0.0116386
0.01185
0.0116778
0.0114769
0.0112477
0.0109953
0.0110068
0.0106883
0.0103565
0.0100111
0.00963166
0.00947861
0.00925379
0.00926316
0.00927011
0.0092857
0.00929632
0.010049
0.0100229
0.00999511
0.00995653
0.00990029
0.0104715
0.0103786
0.0102729
0.0101524
0.0100017
0.0103751
0.0101699
0.0099473
0.00969247
0.00940038
0.00908554
0.00916412
0.00874289
0.00828484
0.00792116
0.00823769
0.00849062
0.00870385
0.00930205
0.0101731
0.0110353
0.0117416
0.0125778
0.0133829
0.014161
0.0149013
0.0155966
0.0161361
0.0167294
0.0172463
0.0176731
0.018007
0.0181943
0.0196013
0.0227973
0.0318823
0.0362837
0.0411683
0.0416946
0.0425903
0.0464958
0.0490078
0.0505811
0.0496531
0.0499153
0.0497366
0.049176
0.0482906
0.045036
0.0435986
0.0419789
0.0402252
0.0383647
0.0342714
0.032278
0.0302515
0.0282036
0.0261529
0.0241128
0.0200724
0.0181627
0.0163309
0.0145736
0.0128926
0.0094404
0.00794606
0.00651716
0.00621315
0.00598192
0.00505883
0.00539618
0.00570837
0.00599261
0.00625072
0.00647928
0.00570303
0.00630568
0.00684498
0.00729899
0.00765961
0.00900802
0.00917087
0.00927137
0.00931308
0.00930172
0.0101124
0.00997376
0.00979713
0.00958244
0.00932598
0.00902341
0.00933457
0.00889616
0.00838894
0.00780513
0.00782708
0.00773053
0.00841585
0.00942034
0.0105085
0.0115647
0.0116843
0.0126852
0.0136143
0.0144563
0.0151912
0.0161627
0.0166373
0.0176003
0.0216823
0.0265909
0.0319871
0.037099
0.0434477
0.0503212
0.0577222
0.0656497
0.0729991
0.0818832
0.0912483
0.101063
0.111284
0.121871
0.131473
0.142953
0.154692
0.166027
0.17638
0.184403
0.192117
0.19795
0.202626
0.230793
0.255277
0.281945
0.306192
0.326241
0.352554
0.376838
0.390387
0.395182
0.389433
0.375261
0.355895
0.3365
0.312664
0.288453
0.26454
0.241693
0.222956
0.203308
0.185933
0.1711
0.161609
0.15204
0.146057
0.147063
0.156403
0.166689
0.184648
0.219404
0.256511
0.293074
0.328183
0.360779
0.388315
0.412255
0.429255
0.438159
0.438938
0.432562
0.423809
0.408006
0.389351
0.36903
0.348038
0.331067
0.310747
0.29766
0.300033
0.302049
0.303267
0.303838
0.303458
0.302074
0.299688
0.296312
0.292406
0.287223
0.281138
0.274217
0.266535
0.259
0.250105
0.240697
0.230861
0.220685
0.211277
0.200689
0.190007
0.1793
0.168635
0.158082
0.148691
0.138504
0.128582
0.118962
0.109679
0.101578
0.0930031
0.0848305
0.0770652
0.0697194
0.0634008
0.056861
0.0507512
0.0450622
0.0397859
0.0349056
0.0307554
0.0290222
0.0285543
0.028069
0.0275544
0.0272872
0.026715
0.0261167
0.0254809
0.0248068
0.0243443
0.0236008
0.0228175
0.0220031
0.0211577
0.0202837
0.0196156
0.0186984
0.0177694
0.0168251
0.0158732
0.015116
0.0141238
0.0131062
0.0120677
0.0116982
0.0116026
0.0113082
0.0110395
0.0108072
0.0105835
0.0103677
0.0103187
0.0100815
0.00982238
0.00954564
0.0092967
0.00920954
0.0090507
0.00895105
0.00890069
0.00889556
0.00897501
0.00897729
0.00894907
0.00887164
0.0087384
0.00855049
0.00839509
0.00809225
0.00764859
0.00771767
0.0075897
0.00681481
0.00696242
0.00628117
0.00449598
0.00404212
0.000755355
0.00252423
0.0159894
0.0300772
0.0412692
0.0454001
0.0520548
0.0574893
0.0620084
0.0658102
0.0625432
0.06514
0.0673582
0.0692173
0.070731
0.0718939
0.0661774
0.0667852
0.0670563
0.0669927
0.0676808
0.0643415
0.0682977
0.0719545
0.0753123
0.0783506
0.0728784
0.0753697
0.0776307
0.0796394
0.0814376
0.0830011
0.0769972
0.078338
0.0794109
0.0801601
0.0805734
0.0748503
0.0747825
0.0742189
0.0731692
0.0716051
0.0659117
0.0637782
0.0611515
0.0580756
0.054589
0.0507401
0.0453587
0.0413025
0.0370414
0.032616
0.0280733
0.0236887
0.0192866
0.014852
0.0136379
0.0141745
0.0119503
0.0137544
0.0166233
0.0193008
0.0217721
0.02405
0.0224907
0.0244542
0.0262477
0.0278571
0.0293108
0.0273215
0.0285506
0.0296218
0.0305613
0.031383
0.0296738
0.0307245
0.0316605
0.0324925
0.0331987
0.0338144
0.0330197
0.0334724
0.0338419
0.0341269
0.0343259
0.0333053
0.0333996
0.0334251
0.0333932
0.0332969
0.0321684
0.0319993
0.0317799
0.0315159
0.0312106
0.0308624
0.029684
0.0292857
0.028849
0.0283754
0.0278676
0.0266866
0.0261463
0.0255804
0.0249872
0.0243688
0.0232183
0.0225812
0.0219286
0.0212608
0.0205768
0.0198753
0.0187768
0.0180524
0.0173037
0.0165358
0.0157537
0.0146858
0.013904
0.0131163
0.0123181
0.0115031
0.0104824
0.00966546
0.00883985
0.00800693
0.00716852
0.00632679
0.0053671
0.00452349
0.00367026
0.00280823
0.0023668
0.0023919
0.00240318
0.00283653
0.00360736
0.00439006
0.0051371
0.00592776
0.00672688
0.00754136
0.00836581
0.00920644
0.00995861
0.0108237
0.0116972
0.0125875
0.0241237
0.0262497
0.0357536
0.0410534
0.0453091
0.0485115
0.0481004
0.0522182
0.0601526
0.0676799
0.0747342
0.0812713
0.0813948
0.0863758
0.0906384
0.0941196
0.0967441
0.0920135
0.0928731
0.0928836
0.0920202
0.0903803
0.0824359
0.0797279
0.0764821
0.0728326
0.0688814
0.0647653
0.0570378
0.0533132
0.0496881
0.0462434
0.0440495
0.0412843
0.0403428
0.039392
0.0384786
0.0375692
0.0356886
0.0349279
0.0341785
0.0334125
0.0326347
0.0318515
0.0306702
0.0299885
0.0292991
0.0285925
0.0278758
0.0270819
0.0263995
0.0256977
0.0249897
0.0242605
0.0236834
0.0229605
0.022222
0.0214506
0.0206737
0.0198775
0.019407
0.0186159
0.0179165
0.0175101
0.0171143
0.0178995
0.0174207
0.0169344
0.0164407
0.0159637
0.0164614
0.015948
0.0154259
0.0149136
0.0144008
0.0139016
0.0141593
0.0136548
0.013179
0.0127089
0.0122668
0.012417
0.0119784
0.0117051
0.0114503
0.0112011
0.0113355
0.0110548
0.0107784
0.0105007
0.0102336
0.00996289
0.00993656
0.00965036
0.00938436
0.00911272
0.00886237
0.00874735
0.00849926
0.0082563
0.00803002
0.00781826
0.00766593
0.00747081
0.00729245
0.0071371
0.00698843
0.00687263
0.00679946
0.0067357
0.00669308
0.00666165
0.00664113
0.00670049
0.00670081
0.00670386
0.00672999
0.00682201
0.00689075
0.00710615
0.00737438
0.00768654
0.00805085
0.00848478
0.00879755
0.00934874
0.0099528
0.0106418
0.0114024
0.0120252
0.0129362
0.0139506
0.0150437
0.0162497
0.0172871
0.0186936
0.0202206
0.0218721
0.0236423
0.0255551
0.0272281
0.0293891
0.0316924
0.0341404
0.0367271
0.0390291
0.0196079
0.0268321
0.042325
0.0508925
0.0520948
0.0532867
0.0525103
0.0503454
0.0471337
0.0431798
0.0350369
0.0303165
0.0267861
0.0259931
0.0251087
0.0217043
0.0206161
0.0195146
0.0184179
0.017346
0.0136943
0.014356
0.0158595
0.0170496
0.0179574
0.0185625
0.019267
0.0192744
0.0190714
0.0186931
0.0181801
0.0173866
0.0165806
0.0156931
0.0147265
0.0137095
0.0121535
0.0115651
0.0111009
0.0106583
0.0102374
0.00984234
0.0080124
0.0076134
0.00723372
0.00688648
0.00655821
0.00460445
0.0042931
0.00446642
0.00478241
0.00506054
0.0054359
0.00606409
0.00665276
0.00720673
0.00771604
0.00818503
0.00923906
0.00963016
0.00997561
0.0102792
0.0105526
0.0112918
0.0114728
0.0116005
0.0116985
0.0117644
0.0122388
0.0122218
0.0121709
0.012095
0.0119804
0.0118444
0.0120304
0.011832
0.0116059
0.0113536
0.0110836
0.0110852
0.0107591
0.0104222
0.0100734
0.00968866
0.0095955
0.00966148
0.00972722
0.00978039
0.00982741
0.00985577
0.0106158
0.0105892
0.0105513
0.0104868
0.0103936
0.0109184
0.0107584
0.0105706
0.0103569
0.0101011
0.010374
0.010044
0.00968445
0.00927666
0.00882267
0.00833757
0.0082583
0.00846346
0.00882174
0.00913088
0.00938537
0.00958336
0.00973333
0.0104032
0.0113988
0.0123973
0.0132328
0.0142297
0.0152122
0.0161844
0.0171368
0.0180609
0.018815
0.0196713
0.0204707
0.0212002
0.0218566
0.0223414
0.0247322
0.0279604
0.0370646
0.041763
0.0472421
0.0482231
0.046657
0.0451583
0.0476624
0.0493125
0.0485009
0.0489389
0.04897
0.0486465
0.0480113
0.0449872
0.0438116
0.0424362
0.0408913
0.0392109
0.0352503
0.0333885
0.0314684
0.0295228
0.0275631
0.0256013
0.021616
0.0197295
0.0178765
0.0160648
0.0143091
0.0120995
0.0115226
0.0109413
0.0103549
0.00975488
0.00831683
0.00772413
0.0074205
0.00751437
0.00756312
0.0075642
0.00638703
0.00632144
0.00643564
0.00700488
0.00751976
0.00902081
0.00938304
0.00972698
0.0100149
0.0102628
0.0113178
0.0114647
0.0115269
0.0115124
0.011428
0.0112786
0.0117088
0.0120764
0.0125869
0.0129632
0.013186
0.0133648
0.0132255
0.0128653
0.0122646
0.0114056
0.0117464
0.0133748
0.0150319
0.0167006
0.018373
0.0200379
0.0208941
0.0225127
0.0240492
0.0254802
0.0302814
0.0349543
0.0408982
0.0472776
0.0540889
0.0613175
0.0678775
0.0758889
0.0842601
0.0929323
0.101839
0.110875
0.120323
0.133842
0.148494
0.163297
0.177446
0.188967
0.200843
0.210986
0.219046
0.224666
0.227198
0.240301
0.271137
0.299726
0.324139
0.342212
0.35587
0.373228
0.381634
0.381079
0.373254
0.361634
0.344937
0.325767
0.305517
0.285009
0.26739
0.248114
0.230104
0.213718
0.201675
0.188758
0.179205
0.162359
0.156135
0.164274
0.18036
0.215013
0.251829
0.288041
0.323021
0.356031
0.384745
0.411505
0.433416
0.449279
0.458288
0.460399
0.458626
0.449821
0.436845
0.420851
0.402772
0.387128
0.366921
0.346345
0.32577
0.30545
0.289214
0.269765
0.250918
0.232705
0.215154
0.198277
0.190033
0.18273
0.175137
0.167292
0.159234
0.151796
0.143457
0.135049
0.126619
0.118222
0.110643
0.102425
0.0943709
0.0865237
0.0789237
0.0716012
0.0651522
0.0584367
0.0520777
0.0461001
0.0405139
0.037244
0.0348302
0.0321918
0.0293755
0.0264316
0.023923
0.0208579
0.017792
0.0147549
0.0117796
0.0112453
0.0108401
0.0105516
0.0101492
0.00966534
0.00997651
0.00997394
0.010429
0.010792
0.0110558
0.0112175
0.0108876
0.010881
0.010772
0.0105295
0.01014
0.0096325
0.00881329
0.00817169
0.00749332
0.00674556
0.00595406
0.00500548
0.00417668
0.00328906
0.00233413
0.00129865
0.00123259
0.00204809
0.00319384
0.00430079
0.00535086
0.00632331
0.00712486
0.00791252
0.00893287
0.00995955
0.0109108
0.0117745
0.0125486
0.0132332
0.0138088
0.0142815
0.01461
0.0147148
0.0146044
0.0143556
0.0139667
0.0134922
0.0130253
0.0123109
0.0122064
0.012286
0.0120323
0.0144885
0.0156495
0.0148915
0.0127854
0.0104687
0.000755355
0.00252423
0.0159894
0.0300772
0.0412692
0.0454001
0.0520548
0.0574893
0.0620084
0.0658102
0.0625432
0.06514
0.0673582
0.0692173
0.070731
0.0718939
0.0661774
0.0667852
0.0670563
0.0669927
0.0676808
0.0643415
0.0682977
0.0719545
0.0753123
0.0783506
0.0728784
0.0753697
0.0776307
0.0796394
0.0814376
0.0830011
0.0769972
0.078338
0.0794109
0.0801601
0.0805734
0.0748503
0.0747825
0.0742189
0.0731692
0.0716051
0.0659117
0.0637782
0.0611515
0.0580756
0.054589
0.0507401
0.0453587
0.0413025
0.0370414
0.032616
0.0280733
0.0236887
0.0192866
0.014852
0.0136379
0.0141745
0.0119503
0.0137543
0.0166234
0.0193016
0.021773
0.0240515
0.0224883
0.0244441
0.0262323
0.027844
0.0293029
0.027316
0.0285473
0.0296196
0.0305591
0.031383
0.0296134
0.0306622
0.0315928
0.0324179
0.0331211
0.0337353
0.0329373
0.0333809
0.0337328
0.0339901
0.0341533
0.0330936
0.0331329
0.0330918
0.0329865
0.0328104
0.0316073
0.0313472
0.0310316
0.0306654
0.0302534
0.0297926
0.0285131
0.027994
0.0274322
0.0268342
0.0262008
0.0249094
0.0242452
0.0235574
0.0228444
0.0221101
0.0208611
0.0201142
0.0193511
0.018572
0.0177782
0.0169739
0.0157971
0.0149938
0.0141794
0.0133555
0.0125248
0.011419
0.0105956
0.00976481
0.0089245
0.00807656
0.00703335
0.00619592
0.00536042
0.00452402
0.0036871
0.00284842
0.00189382
0.00114603
0.000542298
0.000610352
0.00144316
0.0023388
0.00317791
0.0040275
0.00488612
0.00574626
0.00661357
0.00744775
0.00827877
0.00911354
0.00995392
0.0107967
0.0116225
0.0124627
0.0133074
0.0141478
0.0288371
0.0310629
0.0405672
0.0457703
0.0499077
0.0530392
0.0525857
0.0564216
0.0643925
0.0719674
0.0790796
0.0856565
0.0858043
0.0907841
0.0950339
0.098453
0.101041
0.0962987
0.0971386
0.0971062
0.0961404
0.0943712
0.0862888
0.0834404
0.0800826
0.0763972
0.0724454
0.0684258
0.0607613
0.0570696
0.0534801
0.0504529
0.0494538
0.0467715
0.045901
0.045018
0.0441391
0.0432582
0.0413978
0.0406421
0.0398874
0.0391297
0.0383756
0.037627
0.036464
0.0357719
0.0350439
0.0342799
0.0335006
0.0326405
0.0318734
0.0310736
0.0302558
0.0294067
0.0287229
0.0278801
0.0270319
0.0261641
0.0253054
0.0244403
0.0239188
0.0230817
0.0222348
0.0213763
0.0205349
0.0201031
0.0192685
0.0184409
0.0176154
0.016809
0.016466
0.0156824
0.014905
0.0141532
0.0134109
0.0126866
0.0124484
0.0117576
0.0110924
0.0104314
0.0097994
0.00963433
0.0090379
0.00846303
0.00790276
0.00735778
0.0072635
0.00676193
0.00628373
0.00582663
0.0053861
0.00496959
0.00495
0.00457148
0.00420289
0.0038641
0.00353471
0.00357036
0.00326676
0.00298269
0.0029828
0.00301773
0.00301143
0.00302085
0.00300907
0.00296939
0.00291869
0.00283132
0.0027824
0.00265715
0.00250946
0.00233124
0.00240712
0.0025602
0.00283515
0.00309854
0.00336409
0.0036165
0.00376248
0.00400471
0.00422543
0.00443695
0.00463727
0.00480558
0.00515794
0.00554535
0.0059447
0.00632339
0.00697528
0.00790942
0.00919484
0.0106047
0.012116
0.0137656
0.015215
0.0171228
0.0191884
0.0214158
0.0238026
0.0263748
0.0286643
0.0315723
0.0346692
0.037956
0.0414178
0.044501
0.0259859
0.0339326
0.0496827
0.0581524
0.0590618
0.0597555
0.0583808
0.0556237
0.0518968
0.0475524
0.0391713
0.0343254
0.0295081
0.0270187
0.0259236
0.0223916
0.0212559
0.0201968
0.0192617
0.0184445
0.0151166
0.014599
0.0142543
0.0140507
0.0140168
0.0141036
0.0136821
0.0139079
0.0139615
0.0138521
0.0136127
0.013044
0.012456
0.012737
0.0132388
0.0136695
0.0121513
0.0125106
0.0127842
0.0129761
0.013898
0.0148048
0.0134641
0.0142267
0.0148918
0.0154691
0.0159614
0.0143974
0.014737
0.015004
0.0151954
0.0153197
0.0136164
0.0136721
0.0136807
0.0136507
0.0135768
0.0134642
0.0117597
0.0116312
0.0114667
0.0112677
0.0110565
0.00990148
0.00989938
0.00985376
0.00978982
0.00970387
0.0100538
0.00990259
0.00972817
0.00953849
0.00932006
0.00908924
0.00920046
0.00892432
0.0086289
0.0083138
0.00798414
0.00823664
0.00822594
0.00821239
0.00819527
0.00819368
0.00910586
0.00906882
0.00903981
0.00900671
0.00897741
0.00894155
0.00965555
0.00958814
0.0095215
0.00944268
0.00935004
0.00988918
0.00976205
0.0096255
0.00947528
0.00937326
0.00979568
0.0102631
0.0107211
0.0111571
0.0115637
0.0119563
0.0122822
0.0126058
0.0128989
0.013146
0.0133374
0.0134805
0.0135665
0.0135722
0.0135096
0.0133592
0.013901
0.0147267
0.0155271
0.0163062
0.0170539
0.0177603
0.018313
0.0189257
0.0194666
0.0199212
0.0202857
0.0205002
0.0216678
0.024897
0.0340233
0.0385365
0.0434882
0.0440295
0.0444494
0.0484314
0.0510166
0.0526536
0.0517558
0.052021
0.0518268
0.051251
0.0503428
0.047065
0.0455999
0.0439472
0.0421422
0.0402155
0.0360552
0.0339841
0.0318814
0.0297677
0.0276613
0.0255816
0.0215139
0.0195517
0.0176387
0.015778
0.0139963
0.0104733
0.00891719
0.00769901
0.00731485
0.00765774
0.00669516
0.00697517
0.00721012
0.0073939
0.00752979
0.00761462
0.00651178
0.00653462
0.00651724
0.00645111
0.00648362
0.00784541
0.0080193
0.00813518
0.00820614
0.0082366
0.00909974
0.009055
0.00901475
0.00895577
0.0092509
0.0100483
0.0108915
0.0115364
0.0120757
0.0124949
0.0127756
0.0130154
0.0129607
0.0126949
0.0134367
0.0149651
0.015555
0.0171498
0.0187263
0.020268
0.0217549
0.0231614
0.0237256
0.024934
0.0259766
0.0268202
0.0305742
0.034885
0.040354
0.0461932
0.0523956
0.0589444
0.0648343
0.0719935
0.0794331
0.0870993
0.0974821
0.108417
0.118537
0.13101
0.144105
0.157029
0.169103
0.178706
0.188287
0.19604
0.201613
0.204623
0.227514
0.257038
0.2849
0.309536
0.337907
0.365458
0.383498
0.394855
0.395752
0.387532
0.372351
0.355574
0.33363
0.310376
0.286689
0.263406
0.243843
0.222749
0.203427
0.186139
0.173747
0.160882
0.151781
0.154437
0.161715
0.169407
0.192992
0.227396
0.263801
0.29939
0.333352
0.364813
0.391561
0.415143
0.43268
0.44313
0.44621
0.442492
0.436009
0.422399
0.405206
0.385516
0.364276
0.346297
0.323867
0.301476
0.279435
0.25795
0.240915
0.223224
0.218824
0.214
0.208736
0.203027
0.197528
0.191041
0.184203
0.177044
0.169597
0.162629
0.154742
0.146698
0.138554
0.13036
0.122901
0.114752
0.106696
0.0987826
0.0910535
0.0835486
0.0768964
0.069901
0.0632219
0.0568702
0.050858
0.0456181
0.0414872
0.0377745
0.0339785
0.0301659
0.0269902
0.0232789
0.0219533
0.0207767
0.0194414
0.0179946
0.0164013
0.0148251
0.0138108
0.0129396
0.0120115
0.0106798
0.00966334
0.00861843
0.00755405
0.00665127
0.00699463
0.00730416
0.00742862
0.00737743
0.00718199
0.00685003
0.00638674
0.00585414
0.00523005
0.00478305
0.00575227
0.00688791
0.00788175
0.00881822
0.00967093
0.0104549
0.0112516
0.011911
0.012505
0.0130862
0.0136418
0.0141602
0.0146979
0.0151168
0.015476
0.0158159
0.0161048
0.016417
0.0165803
0.0167201
0.0167795
0.0167503
0.0166957
0.0164609
0.0161012
0.0156405
0.0150758
0.0144439
0.0138527
0.0130052
0.0119302
0.0104939
0.00852971
0.0106843
0.0114706
0.0103805
0.00887781
0.00721563
