0.000756681
0.00226356
0.0139195
0.0238394
0.0289525
0.026677
0.0253693
0.0242306
0.0313025
0.0381351
0.0533758
0.0673095
0.0809274
0.0939355
0.106297
0.117842
0.13074
0.140217
0.148541
0.155471
0.160787
0.165787
0.167313
0.166755
0.164007
0.159001
0.152555
0.142958
0.131224
0.122788
0.121161
0.117994
0.116047
0.127752
0.137584
0.144996
0.149525
0.156637
0.154638
0.149303
0.141094
0.13063
0.124117
0.111122
0.0981231
0.0856121
0.0739828
0.0635434
0.0572416
0.0488916
0.0417004
0.0398872
0.0422308
0.0402891
0.0450078
0.0499099
0.0538281
0.0565615
0.0574514
0.0579526
0.0574477
0.0558297
0.0532015
0.0499187
0.0464289
0.0425564
0.0384997
0.0345133
0.0307644
0.0272591
0.0240365
0.0227843
0.021655
0.0208873
0.0236548
0.023274
0.0225769
0.0216604
0.0205926
0.0193666
0.0205421
0.0190638
0.0174962
0.0158526
0.0141832
0.0146911
0.0129645
0.0112198
0.00950171
0.00781982
0.00797603
0.00637811
0.00717422
0.00796919
0.0087828
0.00962639
0.0107227
0.0116171
0.0126245
0.0139946
0.0153214
0.015738
0.0170099
0.0182314
0.0193861
0.0204616
0.0207495
0.0216774
0.0225134
0.0232609
0.023905
0.0244335
0.0243246
0.0246373
0.0248485
0.0249551
0.0249265
0.0244243
0.0241699
0.0237852
0.0232868
0.0226555
0.0217116
0.0208914
0.0199799
0.0189717
0.0178814
0.0167004
0.015346
0.0139454
0.0124587
0.0135349
0.0157843
0.0178448
0.0228597
0.0281356
0.0336678
0.0394486
0.044728
0.0509552
0.0574007
0.06405
0.0708877
0.0778972
0.0841943
0.0914654
0.0988544
0.106349
0.139834
0.146218
0.154148
0.153554
0.148415
0.139569
0.142344
0.147052
0.149115
0.148623
0.145784
0.140774
0.129599
0.120614
0.110075
0.108036
0.113117
0.113755
0.116254
0.11757
0.117712
0.116726
0.110865
0.107605
0.103409
0.0983408
0.0927236
0.0924052
0.0937607
0.0909438
0.0870235
0.0822467
0.076707
0.073162
0.0665229
0.0597135
0.0539331
0.0512455
0.0501314
0.0470818
0.0440701
0.0411308
0.0382981
0.0355945
0.033749
0.0334946
0.035818
0.0377557
0.0393564
0.0428904
0.0438238
0.0444584
0.0448548
0.0450113
0.0469071
0.0466234
0.046178
0.0455627
0.0448233
0.0439495
0.0445507
0.0434166
0.042177
0.0408267
0.0394037
0.0392424
0.0376323
0.0359708
0.0342655
0.0325381
0.0319069
0.030083
0.0282398
0.0264045
0.0245676
0.0227533
0.0218672
0.0200741
0.018329
0.0166123
0.014946
0.0140502
0.0124508
0.0109073
0.00941473
0.007973
0.00717565
0.00584939
0.0045953
0.0034101
0.00227056
0.00157146
0.00142016
0.000899172
0.00135763
0.00223363
0.00307392
0.00355944
0.00433117
0.0050626
0.00577347
0.00645616
0.00686205
0.00749749
0.00810569
0.00870263
0.00923882
0.00976731
0.0101038
0.0105997
0.0112706
0.0122642
0.0132519
0.0141985
0.0151535
0.0160496
0.0168561
0.0175767
0.0181704
0.0186244
0.0189021
0.0189821
0.0188716
0.0185867
0.0182335
0.0176296
0.016852
0.0159598
0.0149389
0.0139965
0.0128394
0.0116961
0.0105785
0.00953498
0.00872951
0.0109064
0.0137508
0.0172641
0.0214455
0.0263715
0.0312226
0.0377429
0.0452319
0.0537107
0.0632381
0.0724062
0.0618033
0.0755488
0.0909316
0.0954671
0.0911505
0.0848082
0.0759135
0.0656119
0.0546451
0.0435248
0.0394636
0.0390564
0.0406629
0.0410188
0.0402278
0.0379817
0.0351804
0.0318036
0.0285885
0.0300928
0.032911
0.0326987
0.0328995
0.0324374
0.0313812
0.0298612
0.0286306
0.0264267
0.0240875
0.0217747
0.0204168
0.0192362
0.0183355
0.0175629
0.0170202
0.0166612
0.0154436
0.0152303
0.0151287
0.0150929
0.0150624
0.0150081
0.0134522
0.0135548
0.0141401
0.0146307
0.0149845
0.0132724
0.0134537
0.0135679
0.0136624
0.0136615
0.0118772
0.0118202
0.0120704
0.013157
0.0141737
0.0151546
0.0166767
0.017598
0.0184063
0.0191436
0.0198386
0.0209212
0.0214879
0.0219632
0.0223203
0.0225725
0.0231505
0.023149
0.0230339
0.0228163
0.0224752
0.0220686
0.0219831
0.0214334
0.020835
0.0201602
0.0194244
0.0189874
0.0181413
0.017263
0.0163512
0.0154039
0.0147548
0.013747
0.0127167
0.0116999
0.0106891
0.00968586
0.00894225
0.00791595
0.00687118
0.00585664
0.00486318
0.00454691
0.00453393
0.00460221
0.00473009
0.00493455
0.00551244
0.00564701
0.00582696
0.00591749
0.00594608
0.00598862
0.00636779
0.00639345
0.00633474
0.00615962
0.00597312
0.00603209
0.00570067
0.00530906
0.0048603
0.00427605
0.00383855
0.0038514
0.00386744
0.00373464
0.00429326
0.0060614
0.00777284
0.00984959
0.0121345
0.0146264
0.017297
0.0197763
0.0227436
0.0258536
0.0430306
0.0483981
0.053394
0.0602684
0.0630704
0.0630465
0.0612929
0.0584522
0.0536321
0.049523
0.0451596
0.0407284
0.0363611
0.0304345
0.0264382
0.0227479
0.0229696
0.0244085
0.0240253
0.0252559
0.0263017
0.0271237
0.0276795
0.0279494
0.0266324
0.0265065
0.0260847
0.0254564
0.0246644
0.0227134
0.0217146
0.0206045
0.0193846
0.0180668
0.0159818
0.0146808
0.0133948
0.012112
0.010866
0.00962149
0.0079398
0.00686436
0.00636005
0.00587776
0.00535116
0.00651158
0.00587723
0.00513663
0.00438209
0.00369773
0.00457326
0.00396374
0.00369354
0.00374507
0.00376105
0.0037148
0.00442912
0.00436777
0.00425124
0.00409838
0.00389491
0.0043179
0.00404695
0.00375348
0.00346416
0.00315072
0.0033721
0.0030413
0.00271236
0.00240651
0.00206811
0.00171053
0.00177412
0.00138192
0.000958622
0.000657625
0.000575118
0.000360563
0.000329904
0.000661433
0.00106304
0.00147115
0.00160728
0.00205749
0.00253586
0.00294309
0.00332037
0.00366457
0.00377571
0.00411022
0.00448037
0.00489417
0.00529643
0.00546392
0.00571075
0.0058577
0.00589253
0.00582428
0.00558037
0.00531118
0.00492098
0.00438798
0.00368442
0.00278255
0.00179022
0.00173577
0.00178111
0.00278427
0.00506561
0.00751023
0.0106419
0.0143533
0.0186749
0.0236386
0.0285783
0.0349735
0.0423014
0.0504996
0.0623582
0.0724467
0.0822873
0.0867436
0.0849964
0.0785913
0.0689123
0.0552339
0.0424746
0.0335542
0.029383
0.0270766
0.0281535
0.0283293
0.0279558
0.0279398
0.0320619
0.0348321
0.0380273
0.0384703
0.0380101
0.036768
0.0349471
0.0337726
0.0309394
0.0278493
0.0261291
0.0254584
0.0237382
0.0224614
0.0209509
0.0192533
0.0174316
0.0155186
0.0126549
0.0107541
0.0106332
0.0105142
0.0103583
0.00990945
0.00953993
0.00898275
0.00946373
0.0100285
0.0107427
0.0113064
0.0117213
0.0119887
0.0120273
0.0120548
0.0122922
0.0122358
0.012021
0.0117459
0.0113461
0.0110367
0.0104676
0.0098668
0.00921369
0.00858149
0.00818044
0.00752231
0.00692543
0.00639474
0.00583628
0.00526631
0.00491685
0.00438538
0.00395417
0.00357664
0.00324342
0.00338885
0.00294942
0.0025467
0.00225329
0.00199573
0.00219941
0.00199519
0.00185668
0.00172766
0.00150199
0.00118543
0.00113687
0.00076668
0.000588745
0.000794411
0.00129026
0.00161991
0.00198081
0.00221701
0.00240637
0.00259511
0.00269786
0.00287297
0.0031321
0.00344521
0.00370097
0.00399108
0.00417413
0.0044499
0.00471176
0.0049438
0.00514245
0.00522713
0.00533932
0.00543196
0.00540151
0.00539473
0.00536366
0.00533193
0.00532578
0.00526306
0.00516252
0.00500169
0.00483356
0.00452785
0.00413571
0.00373504
0.00334032
0.00302152
0.00267063
0.00235201
0.00210115
0.00198199
0.000756681
0.00226356
0.0139195
0.0238394
0.0289525
0.0266771
0.0254155
0.0242399
0.0313677
0.038238
0.0535956
0.0677074
0.0814906
0.0946979
0.107248
0.118957
0.131975
0.141546
0.149951
0.15698
0.16237
0.167352
0.168812
0.168276
0.165667
0.160838
0.154543
0.145093
0.133456
0.12196
0.120344
0.117141
0.114075
0.123766
0.133827
0.141575
0.146534
0.154043
0.152606
0.147808
0.13993
0.1296
0.123061
0.10997
0.0968401
0.0842875
0.0727263
0.0623412
0.0561012
0.0478658
0.0408191
0.0395805
0.0419906
0.0400458
0.0440327
0.0491029
0.0528708
0.0553939
0.0562044
0.0565078
0.0557893
0.0542503
0.0519277
0.0489592
0.0455374
0.0416992
0.0377141
0.0337454
0.0300037
0.0264946
0.0232408
0.0221445
0.0208454
0.0193524
0.021799
0.0213996
0.0207256
0.0198215
0.0187738
0.0176125
0.0188674
0.0174676
0.015972
0.0144092
0.0128193
0.0133719
0.011678
0.00997047
0.00827378
0.00660644
0.00679591
0.00697498
0.00774339
0.00854151
0.00934514
0.0101483
0.0112111
0.0120599
0.012952
0.0138803
0.0151204
0.0159054
0.0168544
0.0180152
0.0191502
0.0202368
0.020716
0.0215844
0.0224066
0.0231844
0.0238603
0.0244335
0.0249174
0.0251864
0.025287
0.0252356
0.0250431
0.0247027
0.0243085
0.0239493
0.02347
0.0228679
0.0219535
0.0211657
0.0202671
0.0192597
0.0181351
0.0169318
0.0155988
0.0142151
0.0126765
0.0132661
0.0155362
0.0175241
0.022442
0.0277321
0.0332799
0.0390711
0.0443609
0.0506049
0.057064
0.0637083
0.07053
0.0775347
0.0838345
0.0911182
0.0985188
0.106021
0.139502
0.14588
0.153795
0.153183
0.148015
0.139136
0.141801
0.146478
0.148471
0.14797
0.14518
0.140232
0.129108
0.120155
0.109665
0.106853
0.112052
0.112849
0.115526
0.117059
0.11739
0.116465
0.110604
0.107266
0.103064
0.0980821
0.0931792
0.0928863
0.0941824
0.0912548
0.0872771
0.0824285
0.076874
0.0733474
0.0667442
0.0599357
0.054978
0.0523035
0.051209
0.0481998
0.0452162
0.0422873
0.0394602
0.0367637
0.0349101
0.0334522
0.0357684
0.0377266
0.0393107
0.0428084
0.0436721
0.0442573
0.0446161
0.0447525
0.0466422
0.0463518
0.0459122
0.0453093
0.0445655
0.0436684
0.0442313
0.043016
0.0416756
0.0402224
0.0386989
0.0384541
0.0367522
0.0350066
0.0332216
0.0314244
0.0307441
0.0288765
0.0270035
0.0251665
0.0233502
0.0215775
0.0207353
0.0189944
0.0173003
0.0156323
0.0140206
0.0131728
0.0116241
0.0101333
0.00869338
0.00730783
0.00655237
0.00527416
0.00405417
0.00289379
0.00178721
0.00108618
0.000966145
0.000887142
0.00168282
0.00252849
0.00333119
0.00379168
0.00453253
0.00521165
0.00586372
0.00648812
0.00684915
0.00743304
0.00799803
0.0085532
0.00905821
0.00956064
0.00987472
0.0104832
0.0114434
0.0124214
0.0133975
0.0143269
0.0152325
0.0160862
0.0168432
0.0174818
0.017984
0.0183412
0.0185312
0.0185408
0.0183505
0.0180122
0.0176254
0.0169994
0.0162028
0.0152895
0.0142776
0.013373
0.0122755
0.0111879
0.0101063
0.00908814
0.00880314
0.01109
0.0139294
0.0173899
0.0215103
0.0264036
0.0312383
0.0377176
0.0451434
0.0535552
0.0630298
0.0721823
0.0615896
0.075331
0.0906633
0.0950971
0.0906898
0.0842078
0.07518
0.0648378
0.0538727
0.0450788
0.0427334
0.0421421
0.0412884
0.0401043
0.0386171
0.035826
0.0332121
0.0300489
0.0272384
0.0291624
0.0317965
0.0318254
0.0313394
0.0303956
0.0292413
0.0279771
0.0275224
0.026099
0.0248661
0.0237721
0.0228795
0.0220211
0.0215173
0.0212179
0.0210099
0.0207989
0.0195671
0.0191959
0.018718
0.0182559
0.0177662
0.0172991
0.0153693
0.0147875
0.0142184
0.014621
0.0150749
0.0134351
0.0136916
0.0139265
0.0140433
0.0140566
0.0123222
0.0129983
0.0140406
0.0150887
0.0161021
0.0171118
0.0186502
0.0195809
0.0205071
0.0214003
0.0222355
0.0233841
0.0239651
0.0244376
0.0247852
0.0250063
0.0255309
0.0255327
0.0254366
0.0252353
0.0249324
0.0245807
0.0245517
0.0240486
0.0234126
0.0226934
0.021913
0.0214322
0.0205325
0.0196051
0.0186395
0.0176346
0.0168921
0.0157911
0.0146467
0.0134828
0.0123217
0.0112023
0.0103533
0.00920336
0.00803277
0.00732422
0.00673138
0.00624644
0.0057143
0.00553086
0.00553805
0.00558535
0.00610927
0.00613869
0.0061596
0.00614381
0.00609212
0.0060615
0.00629127
0.00612666
0.00596154
0.00574858
0.00551707
0.00553143
0.0051772
0.00472769
0.00428364
0.00376149
0.0034052
0.00321671
0.00333068
0.0034083
0.00359292
0.00540421
0.00716678
0.00930603
0.0116112
0.0140924
0.0167219
0.0191664
0.0220727
0.0251384
0.0420853
0.0474011
0.0523851
0.0592592
0.0620876
0.062113
0.0604368
0.0576584
0.0528877
0.048884
0.0446645
0.0403632
0.0361063
0.0302606
0.0262804
0.0225523
0.023268
0.0246959
0.0243389
0.0256029
0.0266857
0.0275421
0.0281554
0.0284976
0.0271596
0.0269534
0.0265389
0.0259007
0.0250958
0.0231556
0.0221231
0.0210292
0.0198694
0.0186347
0.0165717
0.0152747
0.0139356
0.0126952
0.011557
0.0104913
0.00888766
0.00802699
0.00733661
0.00669748
0.00603246
0.00711354
0.00641198
0.00568163
0.00499166
0.00428425
0.00517664
0.00461036
0.00401898
0.00356417
0.0036453
0.00368748
0.00446882
0.00444681
0.00440843
0.00430603
0.00414789
0.00464344
0.00450624
0.00435921
0.00423535
0.00416601
0.00460558
0.00444236
0.00420535
0.00396853
0.0037263
0.00343712
0.00356886
0.00325973
0.00292752
0.00257906
0.00215948
0.00211325
0.00166677
0.00122179
0.000873938
0.000623539
0.000384174
0.000525773
0.00094717
0.00146317
0.00200448
0.00254467
0.00281265
0.00330397
0.00376551
0.00417696
0.00456449
0.00472398
0.00501005
0.00525407
0.0054329
0.00552164
0.0054189
0.00529993
0.00503699
0.00460742
0.00402451
0.00350454
0.0031891
0.0035068
0.00378031
0.00393587
0.00484931
0.00728241
0.010472
0.0141748
0.0184941
0.0234473
0.0282801
0.0344367
0.0414666
0.0494402
0.0611166
0.0710299
0.0806966
0.0849861
0.0832096
0.0768955
0.0674871
0.0541348
0.0417878
0.033774
0.0297332
0.0283013
0.0292498
0.029329
0.0289119
0.0280215
0.0316096
0.0344164
0.0376336
0.037979
0.0373141
0.0358926
0.0338596
0.0324519
0.0294881
0.0263121
0.0234765
0.022947
0.02135
0.020206
0.0188242
0.0173717
0.0157746
0.0140615
0.0112472
0.0113238
0.0117766
0.0119294
0.011828
0.0113056
0.0108511
0.0102723
0.00992841
0.0103318
0.0105322
0.0106109
0.0105269
0.0102955
0.00995696
0.0095557
0.00934285
0.00900093
0.0087043
0.00840649
0.0081012
0.00794011
0.00750706
0.00702032
0.00657991
0.00618777
0.00594711
0.00549954
0.00501767
0.00450203
0.00399315
0.00349078
0.00319445
0.00277501
0.00238052
0.00198886
0.00159428
0.00135773
0.0017482
0.00235847
0.00287172
0.00325723
0.00334111
0.00354674
0.00369725
0.00379683
0.00381956
0.00376174
0.00389883
0.00398923
0.00401695
0.00395428
0.00385964
0.00384784
0.00371039
0.00355561
0.00338177
0.0032244
0.00315934
0.00300264
0.00282145
0.00262646
0.00247817
0.00235294
0.00230215
0.00217722
0.00204022
0.00200561
0.00191116
0.00176413
0.00164445
0.001495
0.00135796
0.00132771
0.00131389
0.00140983
0.00150478
0.00159238
0.00162515
0.00165308
0.00176933
0.00199109
0.00225212
0.00245444
0.00256869
0.0025613
0.00251822
0.00243522
0.00234218
0.00221595
0.000756681
0.00226356
0.0139195
0.0238394
0.0289525
0.026677
0.0253693
0.0242306
0.0313025
0.0381351
0.0533758
0.0673095
0.0809274
0.0939355
0.106297
0.117848
0.13074
0.140167
0.1484
0.155306
0.160645
0.165648
0.16719
0.166787
0.164252
0.159409
0.153114
0.143705
0.132182
0.12268
0.12099
0.1177
0.115368
0.127095
0.136995
0.144575
0.149379
0.156698
0.154921
0.14982
0.141712
0.131228
0.124619
0.111535
0.0984136
0.0858579
0.0742482
0.0638675
0.0575922
0.0492998
0.0422704
0.0393457
0.0417339
0.039823
0.0436069
0.0487953
0.0527452
0.0554964
0.0565156
0.057165
0.0567362
0.0553767
0.0531744
0.0504156
0.0471866
0.0434582
0.0395888
0.0357265
0.0320353
0.0285484
0.0253092
0.0223136
0.0204788
0.0204405
0.0232943
0.0230236
0.0224586
0.021685
0.0207446
0.0196347
0.0208684
0.019479
0.018001
0.0164684
0.0149315
0.0155358
0.0138749
0.0121902
0.0104726
0.00874475
0.00886412
0.00710262
0.00681901
0.00762478
0.00846243
0.00932102
0.0104419
0.0113739
0.0123064
0.0133589
0.0147121
0.0152824
0.016472
0.017728
0.0189111
0.0200018
0.0203069
0.0212727
0.0221334
0.0228887
0.0235464
0.0240822
0.0239925
0.0243233
0.0245612
0.0247037
0.0247236
0.0242563
0.0240534
0.0237332
0.0232819
0.0227066
0.0218118
0.0210336
0.0201455
0.0191446
0.018033
0.0168038
0.015426
0.0139962
0.0124581
0.0127309
0.0150372
0.0177611
0.0227555
0.0280159
0.0335406
0.039321
0.0446025
0.0508298
0.0572605
0.0638961
0.0707195
0.0777089
0.0839985
0.0912749
0.0986658
0.106156
0.139641
0.146026
0.153953
0.15336
0.14822
0.139366
0.141776
0.146366
0.148259
0.147676
0.144806
0.139836
0.128745
0.11981
0.109264
0.10761
0.112866
0.113662
0.116282
0.117665
0.117812
0.116782
0.110903
0.107629
0.10353
0.0985835
0.0927836
0.0918407
0.0930843
0.0901954
0.0862243
0.0813361
0.0757567
0.0722184
0.0656397
0.0588756
0.0549073
0.0522665
0.0512002
0.0482123
0.0452494
0.0423473
0.0395468
0.0368683
0.0350309
0.0340349
0.0364428
0.0384363
0.0400635
0.0436049
0.0445345
0.0451823
0.0455873
0.0457322
0.0475943
0.0472452
0.046738
0.0460737
0.0452714
0.0443258
0.04484
0.0435764
0.0422003
0.0407237
0.0391904
0.0389388
0.0372317
0.0354896
0.033719
0.0319403
0.0312788
0.0294383
0.0275937
0.0257652
0.0239459
0.0221641
0.0213126
0.0195546
0.017843
0.0161644
0.0145417
0.0136933
0.0121615
0.010687
0.00926379
0.00789796
0.00715527
0.00588356
0.00467346
0.00351753
0.00240999
0.0013642
0.00116805
0.000699284
0.00110183
0.00196694
0.00278793
0.00325619
0.00401317
0.00472621
0.00542046
0.00608976
0.00648679
0.00711472
0.00770792
0.00828976
0.00883644
0.0093886
0.00974344
0.0102729
0.0112157
0.0122036
0.0132
0.0141404
0.0150552
0.0158979
0.0166693
0.01739
0.0179763
0.0183883
0.0186214
0.0186718
0.0185273
0.018201
0.0177819
0.0170789
0.0162201
0.0152666
0.0142115
0.0133023
0.0122183
0.0111515
0.0100742
0.00906709
0.00832416
0.0106033
0.0135113
0.0170482
0.021255
0.026219
0.0311103
0.0376136
0.0450395
0.0534642
0.0629553
0.0720959
0.0614665
0.0752065
0.0905884
0.0951225
0.0908357
0.0844898
0.0755262
0.0650312
0.0537392
0.0422317
0.0393128
0.0395368
0.0411691
0.041394
0.0403986
0.03803
0.0351711
0.031749
0.0283485
0.0294453
0.031911
0.0316405
0.031536
0.0308116
0.0296383
0.0281005
0.0269616
0.0249487
0.022802
0.0206803
0.0192347
0.0182733
0.017629
0.0171213
0.0166315
0.0162937
0.0150244
0.0147572
0.0145032
0.0142978
0.0141659
0.0140042
0.012562
0.0134681
0.0142528
0.0148841
0.0153904
0.0137815
0.0140601
0.0142935
0.014473
0.0145763
0.0128327
0.0128259
0.0127491
0.0137361
0.0147545
0.0156934
0.0171716
0.0180636
0.0189131
0.019646
0.0202847
0.02132
0.0217904
0.0221532
0.0224284
0.0226282
0.0231685
0.0231859
0.0231282
0.0229742
0.0226926
0.0223002
0.0222225
0.0216747
0.0210634
0.0204003
0.0196795
0.0192427
0.0183983
0.0175125
0.0166086
0.0156712
0.0150018
0.0139811
0.0129417
0.011913
0.0108746
0.00983177
0.00905983
0.00799559
0.00694053
0.00607932
0.00555351
0.00510681
0.00461322
0.00443124
0.00454197
0.00460152
0.00505754
0.00506148
0.00507986
0.00507538
0.00506289
0.00504447
0.00533129
0.00529213
0.00523045
0.00512086
0.00494634
0.0049606
0.00460629
0.00412855
0.00358633
0.00300303
0.00265469
0.00282881
0.00306099
0.00333511
0.00492141
0.00668491
0.00839629
0.0104935
0.0127549
0.0151791
0.0177279
0.020093
0.0228991
0.0258765
0.0430503
0.0482874
0.0531347
0.0598183
0.0625005
0.0624103
0.0605779
0.0576477
0.0527659
0.0486021
0.0442567
0.0398859
0.0355493
0.0296017
0.0255407
0.0218255
0.0229145
0.0243577
0.0239969
0.0252781
0.0264211
0.0273575
0.028005
0.0283619
0.0270777
0.0269251
0.0265087
0.0259399
0.0251445
0.0231633
0.0220979
0.0209506
0.0196283
0.0182885
0.0162106
0.0149147
0.0136322
0.0124341
0.0112011
0.0101659
0.00862537
0.00764073
0.00682837
0.00615436
0.00548164
0.00652468
0.00572269
0.004942
0.00418334
0.00347386
0.00435758
0.00373642
0.00361663
0.00356524
0.00349057
0.00343857
0.00414081
0.00404185
0.00392561
0.00375699
0.00359872
0.0040843
0.00390351
0.00374126
0.00356532
0.00333951
0.00364966
0.003389
0.00317895
0.00297754
0.00280887
0.00265887
0.00289305
0.00265323
0.00239098
0.00215183
0.00189841
0.00198725
0.00165104
0.00141068
0.00118661
0.000912882
0.000547975
0.000385761
0.000483483
0.000853866
0.00132708
0.00184378
0.00213122
0.00268079
0.00318116
0.00354858
0.00387551
0.00396319
0.00409229
0.00417791
0.0041927
0.00407595
0.00378714
0.00345967
0.00301106
0.00244048
0.00177567
0.000960357
0.000364326
0.00127295
0.00296412
0.00499509
0.00734413
0.00977536
0.012951
0.0166775
0.0210407
0.0260666
0.0309869
0.0372425
0.0443053
0.0522983
0.0639371
0.0738014
0.0834481
0.0876481
0.085685
0.0791898
0.0696531
0.0562353
0.0437677
0.0376287
0.0335524
0.0287192
0.0295077
0.0294277
0.0288278
0.0278029
0.0296596
0.0326874
0.036128
0.0368421
0.0366459
0.0357052
0.0341236
0.0331383
0.0306606
0.0279459
0.0250758
0.0225486
0.0208317
0.0195616
0.018096
0.0164753
0.0147734
0.0130096
0.0102293
0.00837365
0.00654417
0.00472531
0.00536093
0.00689486
0.00834709
0.0096125
0.0106865
0.0116734
0.0125411
0.0132989
0.0138572
0.0141672
0.0142886
0.0142152
0.0141202
0.0136977
0.0131457
0.0125876
0.0120094
0.0115963
0.0109537
0.0103334
0.00970429
0.00904366
0.00864321
0.00802171
0.00736895
0.00672367
0.00637358
0.00610504
0.00649557
0.00631785
0.00604641
0.00568962
0.00533089
0.0054791
0.00501785
0.00447685
0.00393835
0.00341456
0.00338539
0.00293991
0.00249791
0.00260581
0.00273655
0.00284663
0.00303087
0.0030559
0.00303186
0.00296882
0.00287914
0.00287279
0.00279452
0.00279705
0.00278254
0.00275072
0.00278753
0.00273487
0.00266165
0.00258552
0.00254515
0.00256437
0.00260364
0.00256634
0.00253071
0.00249319
0.00243422
0.00243846
0.00242734
0.0024565
0.00242826
0.00237626
0.00236486
0.00227907
0.00212729
0.00197634
0.00187339
0.00174512
0.00167505
0.00156294
0.0014455
0.00134657
0.0012522
0.00120282
0.0012597
0.0012996
0.00132653
0.00135574
0.000756681
0.00226356
0.0139195
0.0238394
0.0289525
0.026677
0.0253693
0.0242306
0.0313025
0.0381351
0.0533758
0.0673095
0.0809274
0.0939355
0.106297
0.117848
0.13074
0.140167
0.1484
0.155306
0.160644
0.165633
0.167174
0.16679
0.164175
0.159187
0.152768
0.14327
0.131712
0.122419
0.120842
0.117691
0.116114
0.127884
0.13785
0.1455
0.150363
0.15777
0.156147
0.15117
0.143182
0.132834
0.12638
0.113452
0.100477
0.0880341
0.0765211
0.0661715
0.0599915
0.0518521
0.0448397
0.0400317
0.0424805
0.0405104
0.0431829
0.0484092
0.052436
0.055232
0.0562885
0.0569884
0.0565839
0.0551949
0.0528919
0.0498615
0.0463902
0.0425354
0.0386482
0.0348962
0.0312837
0.0278375
0.0248859
0.0240602
0.0229389
0.0215655
0.0232655
0.0227781
0.0220216
0.0210457
0.0199405
0.0186973
0.0198478
0.0184021
0.016861
0.0152156
0.0135161
0.0139565
0.0121353
0.0103175
0.00851481
0.00677428
0.00694586
0.00635377
0.00721985
0.00810075
0.00897771
0.00986297
0.0109991
0.0119397
0.012889
0.0141136
0.01546
0.0160344
0.0171834
0.0184298
0.0196086
0.020715
0.0210368
0.022018
0.0229002
0.0236867
0.0243554
0.0249056
0.0248108
0.0251398
0.0253303
0.0253686
0.0252905
0.0247346
0.0244181
0.0239673
0.0233982
0.0227499
0.0218176
0.0210051
0.0200853
0.0190536
0.0179302
0.0167244
0.0153719
0.0139869
0.01248
0.0128849
0.0152229
0.0178824
0.0228838
0.0281344
0.0336349
0.0393734
0.0446037
0.0507666
0.0571398
0.063719
0.0704833
0.0774197
0.0836535
0.0908487
0.098164
0.105585
0.138999
0.145323
0.153186
0.152541
0.147356
0.138471
0.141482
0.146119
0.148003
0.147399
0.144528
0.139456
0.128289
0.119337
0.108791
0.107095
0.112275
0.113124
0.115893
0.1175
0.117875
0.117019
0.111261
0.108032
0.103733
0.0985241
0.0925806
0.0913089
0.0925954
0.0897597
0.0859262
0.0811496
0.0756153
0.0721542
0.0656727
0.058956
0.0546367
0.0520515
0.0509904
0.0480003
0.0450448
0.0421469
0.0393548
0.0366945
0.0348697
0.0337617
0.0361125
0.0380668
0.0396752
0.0432083
0.0441456
0.0448075
0.0452167
0.0453748
0.0472572
0.0469492
0.046486
0.0458546
0.0450858
0.0441741
0.0447349
0.0435446
0.0422316
0.0408036
0.03931
0.0390854
0.037398
0.0356628
0.033887
0.0320938
0.0314167
0.0295563
0.0276916
0.0258548
0.0240229
0.0222088
0.0213321
0.0195608
0.0178427
0.0161526
0.0145247
0.013663
0.0121041
0.0106088
0.00916743
0.00778431
0.00702439
0.00572721
0.00449498
0.00332774
0.0022009
0.00131093
0.00116763
0.000675368
0.00135933
0.00221236
0.00304401
0.00351398
0.00425313
0.00495417
0.00564146
0.00631336
0.00672192
0.0073632
0.00795605
0.00854302
0.00909942
0.00962674
0.00995046
0.0104441
0.0110771
0.0120553
0.0130213
0.0139633
0.0148777
0.0157437
0.0165327
0.0172103
0.0177744
0.018206
0.0184713
0.0185543
0.0184427
0.0181262
0.0177255
0.0170647
0.0162247
0.01528
0.0142227
0.0132693
0.0121029
0.0109623
0.00985574
0.00883232
0.00880527
0.0111174
0.0140332
0.0175898
0.0218141
0.0267535
0.0315979
0.0380709
0.0455234
0.0539895
0.0634824
0.0726337
0.0620285
0.0757826
0.0911727
0.095698
0.0913792
0.0850111
0.0761259
0.0658663
0.0549627
0.0438898
0.0412948
0.0405162
0.0395205
0.0385296
0.0377857
0.0356409
0.0330257
0.0298651
0.0273536
0.0289841
0.0319368
0.0317812
0.0315682
0.030805
0.0295668
0.0279377
0.0267783
0.0251276
0.0235705
0.0221942
0.0209889
0.0197561
0.0187914
0.0180308
0.0173242
0.016703
0.0152304
0.0146922
0.0142525
0.0138468
0.0134684
0.0131514
0.0114268
0.0120198
0.0127009
0.0132507
0.0137904
0.0122649
0.0126154
0.0129102
0.0131229
0.0133241
0.0121765
0.0132337
0.0142647
0.0153261
0.0163465
0.017227
0.0186096
0.0193028
0.0199035
0.0204302
0.0209054
0.0218185
0.0222021
0.0225328
0.0227963
0.0229224
0.0233756
0.0233129
0.023192
0.0230276
0.0227795
0.0224792
0.0224725
0.0219968
0.0214347
0.0207901
0.0201106
0.0197123
0.0188705
0.0179813
0.0170437
0.0160746
0.0153914
0.0143486
0.0132664
0.0121515
0.0110267
0.0099201
0.00908506
0.00830911
0.00768785
0.0070592
0.00643844
0.00592851
0.00537777
0.00517304
0.00511452
0.00515215
0.00569365
0.00579632
0.00584163
0.00588738
0.00588352
0.00579328
0.00599151
0.00585318
0.00570989
0.00551903
0.00522886
0.00519571
0.00483701
0.00443183
0.00399636
0.0034844
0.00310978
0.00234546
0.00245543
0.00277277
0.00440489
0.00621628
0.00799295
0.0101734
0.0125358
0.0150583
0.0177277
0.0201934
0.0231163
0.0261536
0.0424632
0.0477752
0.0527641
0.0596517
0.0624633
0.0624515
0.0607183
0.0578849
0.053068
0.0489779
0.0446561
0.0402649
0.035921
0.0300122
0.0259706
0.0222304
0.0227798
0.0241575
0.0237481
0.024965
0.0259868
0.02679
0.0273422
0.0276363
0.0263034
0.0261365
0.0257527
0.0251768
0.0244136
0.0224858
0.0215339
0.0204622
0.01929
0.0180332
0.0160186
0.0149011
0.0138277
0.0127363
0.0117156
0.0106828
0.00911144
0.00807459
0.00713923
0.00621166
0.00525783
0.00619137
0.005402
0.0046211
0.0038155
0.00305017
0.00390235
0.00349014
0.00365846
0.00378898
0.00381048
0.00373342
0.00441888
0.00429139
0.00410837
0.00393271
0.00374618
0.00416869
0.0038459
0.00355744
0.00328176
0.00301453
0.0032887
0.00300071
0.00267399
0.00231978
0.00192858
0.00165692
0.00164786
0.00142599
0.00138587
0.00138081
0.00140256
0.00120997
0.00111277
0.000912756
0.00112078
0.00151342
0.00161341
0.00201323
0.00240167
0.00278625
0.00319111
0.00361381
0.0037904
0.00418126
0.0045105
0.00479434
0.00504759
0.00511509
0.0053213
0.00548529
0.00558621
0.00560685
0.00545464
0.00529359
0.00499883
0.00454564
0.00398467
0.00347479
0.00287618
0.00302135
0.0033649
0.00373557
0.00505058
0.00745934
0.0106055
0.0142555
0.0184676
0.0232792
0.0280292
0.0340776
0.041006
0.0489039
0.0604351
0.0701662
0.0797417
0.0839377
0.0820034
0.0755572
0.0660641
0.0526428
0.0401982
0.0304069
0.0264193
0.0235924
0.024778
0.0251729
0.0250534
0.0291797
0.0333243
0.0361314
0.0393124
0.0396471
0.0390108
0.03761
0.0355868
0.0342483
0.031305
0.0281156
0.0257457
0.0251271
0.0234888
0.0223779
0.0209996
0.0193197
0.0174804
0.0155972
0.0127485
0.0108333
0.0097101
0.00964096
0.00944144
0.00892776
0.00884905
0.00997949
0.0107599
0.0114428
0.0120316
0.0123631
0.0124625
0.0125166
0.0125116
0.0124362
0.0124285
0.0121478
0.0117487
0.0113196
0.0108344
0.0104989
0.00994855
0.00941783
0.00886866
0.00832573
0.007954
0.00747785
0.00713533
0.00676221
0.00634104
0.00595397
0.00621748
0.00588769
0.00553071
0.00511053
0.00470752
0.00492153
0.00457531
0.00419635
0.00389898
0.00362696
0.00380681
0.00358625
0.00336061
0.00311308
0.00293453
0.00278121
0.0029543
0.00284176
0.00274295
0.00268602
0.00266759
0.00288606
0.00287314
0.00286391
0.00289352
0.00292565
0.00310236
0.00306761
0.00297712
0.00280327
0.00259559
0.0023593
0.00224623
0.00193073
0.00162375
0.00135799
0.0011353
0.0010666
0.000900999
0.000741169
0.00059922
0.000797302
0.00111984
0.00156885
0.00196725
0.00227892
0.00252591
0.00274342
0.00291091
0.0030807
0.00318776
0.00325589
0.00324129
0.00315435
0.0031489
0.00315692
0.00310913
0.00296071
0.000756681
0.00226356
0.0139195
0.0238394
0.0289525
0.026677
0.0253693
0.0242306
0.0313025
0.0381351
0.0533758
0.0673095
0.0809274
0.0939355
0.106297
0.117848
0.13074
0.140167
0.1484
0.155306
0.160645
0.165648
0.16719
0.166787
0.164252
0.159409
0.153114
0.143705
0.132182
0.12268
0.120985
0.117724
0.115431
0.127116
0.137019
0.144584
0.149314
0.156591
0.154865
0.149852
0.141844
0.131461
0.124961
0.111923
0.0987709
0.0861628
0.0745543
0.0641363
0.0578684
0.049724
0.0427889
0.0388623
0.0412711
0.0393588
0.0433427
0.0482863
0.052123
0.0548166
0.0557867
0.056377
0.0559162
0.0544543
0.0522235
0.0493557
0.0460975
0.0424945
0.0388169
0.0351815
0.0316201
0.0281306
0.0248069
0.0220016
0.0208062
0.0205489
0.0233992
0.0231435
0.0226022
0.0218083
0.0208331
0.0197004
0.0209315
0.0195218
0.0180067
0.0164139
0.0147642
0.0152498
0.0135071
0.0117853
0.0100822
0.00839421
0.00853816
0.0068
0.00653751
0.0073331
0.00816
0.00901163
0.010121
0.0110372
0.0119875
0.013181
0.0145178
0.0151275
0.0162458
0.0174915
0.0186826
0.0198179
0.0201603
0.0211721
0.0220992
0.0229373
0.0236796
0.024331
0.0243474
0.0248107
0.0251321
0.0253155
0.0253558
0.0248861
0.0246804
0.0243556
0.0239366
0.0233953
0.0225232
0.021758
0.020869
0.0198673
0.0187778
0.0175258
0.0160994
0.0146311
0.0130195
0.0130451
0.015378
0.017443
0.0221761
0.0274839
0.033056
0.0388811
0.0441975
0.0504655
0.0569524
0.0636521
0.0705389
0.0775964
0.0839388
0.0912654
0.0987077
0.106252
0.139783
0.146203
0.154163
0.153593
0.148453
0.139591
0.141632
0.146196
0.148047
0.147478
0.144763
0.139951
0.128906
0.119982
0.109464
0.107567
0.112734
0.11352
0.116193
0.117709
0.117978
0.117041
0.111256
0.108057
0.103906
0.0989109
0.0932224
0.0925938
0.0938741
0.090956
0.0869699
0.0820337
0.0763729
0.0727484
0.0660528
0.0592192
0.0547716
0.0522077
0.0511995
0.0482815
0.0453873
0.0425235
0.0397404
0.0370438
0.0351602
0.0331904
0.0355646
0.0375902
0.0392817
0.0428587
0.0438389
0.0445333
0.0449778
0.045175
0.0471027
0.0468435
0.0463893
0.0457586
0.0449748
0.0440314
0.0445575
0.043304
0.0419381
0.0404725
0.0389574
0.0387156
0.0370119
0.0352611
0.0334725
0.0316707
0.0309844
0.0291181
0.0272515
0.0254122
0.0235852
0.0217876
0.0209261
0.0191865
0.0175179
0.0158882
0.0143078
0.0134841
0.0119723
0.0105226
0.00911894
0.00777506
0.00704604
0.00578348
0.00457697
0.00343509
0.00234697
0.00132137
0.000770608
0.000587112
0.00107239
0.0019089
0.00270797
0.00314963
0.00387254
0.00455061
0.00521073
0.0058428
0.00621041
0.00679929
0.00735999
0.00790213
0.00840658
0.00890607
0.0095593
0.0104721
0.011433
0.0124136
0.013384
0.0142895
0.0151573
0.0159659
0.0166646
0.0172469
0.0177003
0.0180063
0.0181445
0.0180906
0.0178541
0.0174679
0.01703
0.0163715
0.0155833
0.014706
0.0137072
0.0127944
0.0116558
0.0105196
0.00942563
0.00846043
0.00826676
0.0105316
0.0133607
0.016811
0.020881
0.0256913
0.0305012
0.0369197
0.0443036
0.0527317
0.0622573
0.0714538
0.0609026
0.0746917
0.0901016
0.094724
0.0905389
0.0844131
0.075836
0.0658836
0.0552146
0.0452087
0.0426448
0.0418233
0.0408148
0.0395025
0.0378513
0.0353896
0.0327375
0.0295511
0.0260322
0.0273858
0.0303905
0.0303594
0.0299819
0.0289799
0.0275366
0.026059
0.0255834
0.0240705
0.0226699
0.0213909
0.0202769
0.0190948
0.0181252
0.0172034
0.0164509
0.015929
0.0145699
0.0142485
0.0139639
0.0136794
0.0135463
0.013524
0.0122537
0.0131872
0.0139738
0.0146489
0.0152213
0.0136856
0.0139815
0.0141563
0.0142576
0.014259
0.0125188
0.0125192
0.0133237
0.0141372
0.0149657
0.0158737
0.0173616
0.018207
0.0189826
0.0196938
0.0203371
0.0213879
0.0218937
0.0223105
0.0226505
0.0229033
0.0234871
0.0235488
0.0234923
0.0233456
0.0230996
0.0227509
0.022686
0.0221543
0.0215279
0.0208369
0.0201316
0.0197459
0.0189546
0.0181123
0.0172076
0.0162597
0.0155747
0.0145013
0.0133887
0.0122723
0.0111448
0.0100342
0.00933426
0.00874927
0.00815339
0.00755654
0.00698938
0.00651293
0.00596364
0.00587592
0.00595108
0.00604236
0.00653042
0.00652836
0.00652985
0.00650969
0.00650864
0.00661731
0.00696994
0.00687373
0.00671251
0.0064787
0.00623042
0.00619619
0.00584541
0.00545682
0.0049678
0.00437062
0.00397281
0.00314327
0.00298362
0.00311891
0.00383463
0.00564986
0.007434
0.00960768
0.0119689
0.0144902
0.0171381
0.0195825
0.0224865
0.0255166
0.0423892
0.0476763
0.0526104
0.0594545
0.0622839
0.0623001
0.0605861
0.0577642
0.0529686
0.0488565
0.0445069
0.0400962
0.0357636
0.0299029
0.0259891
0.0223787
0.0229549
0.024478
0.0241681
0.0255113
0.0266656
0.0275998
0.028316
0.0287437
0.0275219
0.0274257
0.0269995
0.0262943
0.0253915
0.0233261
0.0222253
0.0210433
0.0197576
0.0184452
0.0163237
0.0149314
0.0135799
0.0122575
0.0109874
0.00992541
0.0084052
0.00740503
0.0066165
0.00579642
0.00503073
0.00606892
0.00538121
0.00471875
0.00410796
0.00353177
0.00444971
0.00383168
0.00341585
0.00356527
0.00362796
0.00366253
0.00438463
0.00428376
0.0041685
0.00403254
0.00391696
0.00434816
0.00412002
0.00402461
0.00389715
0.00371642
0.0040471
0.00382416
0.00356995
0.00327348
0.00295449
0.00259822
0.00269779
0.002309
0.00188291
0.00173724
0.00157095
0.00123305
0.000996053
0.000698939
0.000759624
0.000887655
0.000849061
0.00135372
0.00182532
0.00224835
0.00263238
0.0029989
0.00309466
0.0033802
0.00374463
0.0041151
0.00440028
0.00445507
0.00462643
0.00476458
0.00485312
0.00487681
0.00473469
0.00459576
0.00432059
0.00389276
0.00344142
0.0028806
0.00248992
0.00261026
0.0026546
0.00334779
0.00566962
0.00807223
0.0112892
0.0151074
0.0194571
0.0244567
0.0294673
0.0359249
0.0432536
0.0514214
0.0631759
0.0731856
0.0829684
0.0872707
0.0854385
0.0790577
0.0695705
0.0561081
0.0434766
0.0356171
0.0313612
0.0286246
0.0295253
0.0295331
0.0289993
0.0279547
0.0312673
0.0341654
0.0374679
0.0379516
0.0375574
0.0364272
0.0347076
0.0336123
0.0310042
0.028165
0.0254396
0.0249677
0.0233187
0.0220755
0.0205389
0.01882
0.0169635
0.0151208
0.0124042
0.0105284
0.0086464
0.00864744
0.00867477
0.00832301
0.00819314
0.00867152
0.0096873
0.0107231
0.0115936
0.0121116
0.0124693
0.012786
0.0128645
0.0126511
0.0124955
0.0120732
0.0116691
0.0112176
0.0107991
0.0105723
0.010075
0.00953156
0.00893521
0.00839901
0.00808522
0.00751239
0.00693586
0.00640133
0.00589812
0.00537506
0.00545707
0.00499719
0.00462157
0.00429773
0.00401103
0.00424919
0.00398558
0.0037466
0.00348109
0.00319685
0.0033268
0.00295603
0.00250652
0.00200363
0.00153406
0.00130558
0.00123969
0.00106885
0.000937715
0.000792205
0.000647485
0.000617877
0.000473067
0.0003203
0.000202045
0.000160724
0.000136137
0.000284165
0.000496209
0.000770941
0.00105464
0.00123565
0.00126331
0.00131108
0.00136589
0.00143361
0.00148261
0.00142334
0.00130627
0.00114408
0.000996009
0.000865191
0.000773326
0.000752509
0.000761315
0.000767127
0.000768334
0.000923008
0.00102253
0.00122724
0.00136036
0.00146617
0.00157629
0.00162835
0.00173312
0.00188315
0.0020849
0.00228889
0.000756681
0.00226356
0.0139195
0.0238394
0.0289525
0.026677
0.0253693
0.0242306
0.0313025
0.0381351
0.0533758
0.0673095
0.0809274
0.0939355
0.106297
0.117848
0.13074
0.140167
0.1484
0.155306
0.160645
0.165648
0.16719
0.166787
0.164252
0.159409
0.153114
0.143705
0.132182
0.12268
0.120985
0.117724
0.115431
0.127116
0.137019
0.144584
0.149314
0.156591
0.154865
0.149852
0.141844
0.131461
0.124961
0.111923
0.0987709
0.0861628
0.0745543
0.0641363
0.0578684
0.049724
0.0427889
0.0388623
0.0412711
0.0393588
0.0433427
0.0482863
0.052123
0.0548166
0.0557867
0.056377
0.0559162
0.0544543
0.0522235
0.0493557
0.0460975
0.0424945
0.0388169
0.0351815
0.0316201
0.0281306
0.0248069
0.0220016
0.0208062
0.0205489
0.0233992
0.0231435
0.0226022
0.0218083
0.0208331
0.0197004
0.0209315
0.0195218
0.0180067
0.0164139
0.0147642
0.0152498
0.0135071
0.0117853
0.0100822
0.00839421
0.00853816
0.0068
0.00653751
0.0073331
0.00816
0.00901163
0.010121
0.0110372
0.0119875
0.013181
0.0145178
0.0151275
0.0162458
0.0174915
0.0186826
0.0198179
0.0201603
0.0211721
0.0220992
0.0229373
0.0236796
0.024331
0.0243474
0.0248107
0.0251321
0.0253155
0.0253558
0.0248861
0.0246804
0.0243556
0.0239366
0.0233953
0.0225232
0.021758
0.020869
0.0198673
0.0187778
0.0175258
0.0160994
0.0146311
0.0130195
0.0130451
0.015378
0.017443
0.0221761
0.0274839
0.033056
0.0388811
0.0441975
0.0504655
0.0569524
0.0636521
0.0705389
0.0775964
0.0839388
0.0912654
0.0987077
0.106252
0.139783
0.146203
0.154163
0.153593
0.148453
0.139591
0.141632
0.146196
0.148047
0.147478
0.144763
0.139951
0.128906
0.119982
0.109464
0.107567
0.112734
0.11352
0.116193
0.117716
0.118006
0.117105
0.111333
0.108154
0.104007
0.0988871
0.092998
0.0923342
0.0935457
0.0906456
0.0867583
0.0819553
0.0764311
0.0729689
0.0664103
0.0596109
0.0548498
0.0522059
0.0511282
0.0481005
0.0450701
0.0420804
0.0391814
0.0364101
0.034505
0.0333986
0.0357652
0.0377345
0.039357
0.0429034
0.0438583
0.0445302
0.0449596
0.0451463
0.0470682
0.0468044
0.0463691
0.0457485
0.0449747
0.0440583
0.0446272
0.0434534
0.0421747
0.0407983
0.0393732
0.0392205
0.0376298
0.0360128
0.0343695
0.032712
0.0321454
0.0304059
0.0286498
0.0269122
0.0251722
0.0234383
0.0226168
0.0208937
0.0192079
0.0175455
0.0159372
0.0150771
0.0135049
0.0119973
0.0105374
0.00912191
0.00832929
0.00698721
0.0056987
0.00446765
0.00327288
0.00211838
0.00143638
0.000854147
0.000664492
0.00156973
0.00246304
0.00297499
0.0037798
0.00453842
0.00525918
0.00597281
0.0064095
0.00708379
0.00773541
0.00836349
0.00895368
0.00949427
0.00982904
0.0103456
0.0109685
0.0119963
0.0130157
0.0139822
0.0149507
0.0158471
0.0166523
0.0173519
0.0179195
0.018347
0.0186208
0.018739
0.0186692
0.0184297
0.0181057
0.0175316
0.0167767
0.0158859
0.0148676
0.0139522
0.0128175
0.0116931
0.0105744
0.00953315
0.0091593
0.011399
0.0141683
0.0175422
0.0216168
0.026498
0.0313037
0.0376865
0.0450418
0.0534205
0.0628665
0.071985
0.0613539
0.0751265
0.0905407
0.095069
0.0907986
0.0845186
0.0756815
0.0654203
0.0544824
0.0450996
0.0425545
0.0417059
0.0406054
0.0392391
0.0378193
0.0354196
0.0325781
0.0292961
0.0257769
0.0262588
0.0291164
0.0294009
0.0292903
0.0286203
0.0275294
0.0263656
0.0261048
0.0247068
0.0233235
0.0221026
0.0210028
0.019898
0.019097
0.018432
0.0179062
0.0174344
0.0160301
0.0154855
0.0149765
0.0144517
0.0140324
0.0136252
0.0118346
0.011797
0.0125224
0.0131687
0.0137045
0.012189
0.0125853
0.0129101
0.013173
0.0133903
0.0127452
0.0136932
0.0147903
0.0159526
0.0170528
0.0180356
0.0194739
0.0202419
0.0208945
0.0214921
0.0219648
0.0228217
0.0231292
0.0233772
0.0234535
0.0233911
0.0238076
0.0237201
0.0235526
0.023307
0.0229608
0.0225599
0.0224628
0.0218382
0.021131
0.0203834
0.0196298
0.0191898
0.0183434
0.0174827
0.0166071
0.0157028
0.0150852
0.0141244
0.0131231
0.012086
0.0110064
0.00990565
0.0090716
0.00795393
0.0072366
0.00664242
0.00608686
0.00562535
0.00525064
0.0053051
0.00535907
0.005428
0.00600415
0.00610942
0.00618012
0.00623103
0.00623945
0.00619568
0.00644758
0.0063405
0.0062659
0.006132
0.00589749
0.00588307
0.00551703
0.00507894
0.00455756
0.00394098
0.00352579
0.0027158
0.00261881
0.00268993
0.00381789
0.00567019
0.00746507
0.00964825
0.012024
0.0145938
0.0173305
0.0198769
0.0229102
0.0260934
0.0431718
0.0485955
0.0536567
0.060588
0.0635072
0.0635909
0.0619328
0.0591851
0.0544788
0.0505295
0.0463574
0.04208
0.0377689
0.0318283
0.0277326
0.0239586
0.0232788
0.0246193
0.0241894
0.0253791
0.0263896
0.0272002
0.0278083
0.028154
0.0268707
0.0267668
0.0263847
0.0257975
0.0250443
0.0230955
0.0220628
0.0209416
0.0197772
0.0184781
0.0164592
0.0151682
0.0138259
0.012497
0.0112377
0.00999104
0.00832005
0.00742384
0.00667863
0.00590966
0.00515102
0.00621907
0.00553539
0.0049345
0.00431545
0.00368361
0.00462529
0.00409891
0.00413043
0.0041231
0.00409616
0.0040389
0.00470065
0.00454233
0.00437283
0.00418209
0.00397409
0.00437318
0.00408004
0.00380002
0.00351346
0.00324818
0.00353193
0.0032037
0.00286569
0.00249033
0.00207332
0.0016342
0.00163129
0.00116835
0.00069461
0.000673756
0.000820391
0.000491105
0.000785515
0.00123832
0.00172774
0.00220323
0.00235528
0.00276162
0.00314315
0.00350104
0.00380932
0.00413105
0.00423311
0.00455251
0.00487613
0.00518967
0.00547503
0.00552643
0.00568678
0.00578532
0.00579759
0.00573176
0.00550688
0.00526597
0.00490017
0.00438929
0.00389632
0.00336941
0.00273155
0.00245608
0.00275426
0.00307634
0.00538921
0.007718
0.010827
0.014358
0.0184877
0.0233244
0.0282376
0.0346188
0.0418908
0.0500396
0.0618123
0.0719577
0.0818632
0.0863235
0.0845461
0.0781493
0.0686403
0.0552022
0.0426909
0.0347456
0.0305282
0.0266758
0.0274946
0.0275153
0.0270889
0.0274896
0.0317984
0.0347698
0.0381577
0.038774
0.0384031
0.037213
0.0354461
0.0343848
0.0318379
0.029099
0.0272618
0.026863
0.0253195
0.0242759
0.0230201
0.021549
0.0198818
0.0180521
0.0152122
0.0132668
0.0113291
0.00938317
0.0077343
0.00722367
0.00680628
0.00634491
0.00713643
0.00812903
0.00896037
0.00972879
0.0103082
0.0107427
0.0110716
0.0112762
0.0114943
0.0114897
0.0114111
0.0112301
0.0110284
0.0109569
0.0106417
0.0102872
0.0099968
0.00965923
0.00943989
0.00897565
0.00847992
0.00797608
0.00742713
0.00691631
0.00697514
0.00671291
0.00643143
0.00615177
0.00586608
0.00610757
0.00583634
0.0055792
0.00530228
0.00480808
0.00469047
0.004115
0.00364813
0.00328521
0.00298877
0.002773
0.00291279
0.00270878
0.00242604
0.00227267
0.00245535
0.00266561
0.00277655
0.00290741
0.00302882
0.00321938
0.00351767
0.00370568
0.00382853
0.00390615
0.0039472
0.00394751
0.00399844
0.00397551
0.00393009
0.00386846
0.00377436
0.00371085
0.00353277
0.00327212
0.00296703
0.00272615
0.00256252
0.00233683
0.00214988
0.00198789
0.00182091
0.00163254
0.00148697
0.00135052
0.00124733
0.00107677
0.000800133
0.000594318
0.000644892
0.000728145
0.000798076
0.000882998
0.000756681
0.00226356
0.0139195
0.0238394
0.0289525
0.026677
0.0253693
0.0242306
0.0313025
0.0381351
0.0533741
0.0673552
0.0809435
0.0938947
0.106141
0.117602
0.130412
0.139699
0.147769
0.154527
0.159758
0.164631
0.16598
0.16526
0.162385
0.157242
0.150637
0.140855
0.128989
0.123777
0.122133
0.11891
0.119234
0.13069
0.140173
0.147117
0.151199
0.157878
0.155394
0.149632
0.140995
0.130155
0.123368
0.11021
0.097141
0.0846906
0.0732237
0.0629905
0.0568224
0.0486015
0.0415863
0.0390944
0.0413675
0.0393479
0.0434521
0.0483724
0.0522056
0.0549174
0.0558886
0.0564432
0.0559511
0.054509
0.052167
0.0490998
0.0456738
0.0420408
0.038318
0.0345988
0.0310056
0.0275937
0.0244433
0.0229555
0.021665
0.0209491
0.0237326
0.0234524
0.0228851
0.0220651
0.0210776
0.0199094
0.0210927
0.0196639
0.0181565
0.016602
0.0150503
0.015641
0.0139782
0.0122819
0.0105685
0.00884198
0.00895099
0.00717133
0.00693439
0.00767659
0.00843799
0.00922479
0.0102661
0.0111196
0.0120251
0.0133773
0.0147074
0.0151417
0.0164519
0.0177195
0.0189399
0.0200973
0.0204586
0.0214931
0.0224415
0.0232896
0.0240313
0.0246533
0.024642
0.0250554
0.0253345
0.0254857
0.0255046
0.0250267
0.0248086
0.0244711
0.0240224
0.0234615
0.0225691
0.0217827
0.0208814
0.0198672
0.0187239
0.0174788
0.0160908
0.0146449
0.0131033
0.0129634
0.0152633
0.01729
0.022283
0.0275603
0.0330954
0.0388782
0.0441596
0.0503901
0.0568371
0.063489
0.0703252
0.07733
0.0836257
0.0908987
0.0982862
0.105779
0.139267
0.145647
0.153568
0.152963
0.147816
0.138972
0.141677
0.146293
0.148206
0.147569
0.144642
0.139602
0.128417
0.119417
0.108891
0.107304
0.11242
0.113146
0.115738
0.117168
0.117427
0.116492
0.110693
0.10751
0.103364
0.098391
0.0928758
0.0925945
0.0939051
0.0910149
0.087062
0.0822125
0.0766037
0.0730013
0.0663044
0.0594059
0.0546361
0.0519653
0.0508668
0.0478519
0.0448832
0.0419978
0.0392098
0.0365232
0.0346943
0.032877
0.0351411
0.0370401
0.038639
0.0421613
0.0430772
0.0436999
0.0440881
0.044245
0.0461315
0.045822
0.0453426
0.0446903
0.0439122
0.0429973
0.0435532
0.0423512
0.0410425
0.0396364
0.0381772
0.0379979
0.0363777
0.0347206
0.03303
0.0313316
0.030741
0.0289839
0.0272218
0.0254756
0.023732
0.0220189
0.0212314
0.0195559
0.0179275
0.0163216
0.01476
0.0139546
0.0124586
0.0110185
0.00962335
0.00827459
0.00754373
0.00627889
0.00506709
0.00390959
0.00279289
0.00172398
0.00114181
0.000647506
0.00077049
0.00165545
0.00249683
0.00296904
0.00373823
0.00447229
0.00517405
0.00584835
0.00624631
0.00685507
0.00743838
0.00801852
0.00856399
0.00909786
0.00943132
0.0103164
0.0113099
0.012318
0.0133086
0.0142452
0.0151555
0.0159918
0.0167469
0.0173824
0.017868
0.0182195
0.0184444
0.0184956
0.0183516
0.0180227
0.0176176
0.016965
0.016156
0.0152238
0.0141858
0.0132611
0.0121405
0.0110763
0.0100516
0.00911158
0.00849767
0.0108025
0.0137368
0.0172804
0.0214218
0.0263208
0.0312168
0.0377779
0.045272
0.0537758
0.0633268
0.0725092
0.061933
0.0757177
0.0911463
0.0957234
0.0914654
0.0852721
0.0765539
0.0663685
0.0554115
0.0442432
0.0405991
0.0398946
0.0389688
0.0378768
0.0371928
0.035125
0.0325647
0.029393
0.0281532
0.0297366
0.0325744
0.0321714
0.0315338
0.0305048
0.0290724
0.0272513
0.0259994
0.0241524
0.022476
0.02109
0.0199591
0.0188096
0.0178319
0.0169828
0.0162962
0.0157471
0.0143222
0.0138597
0.0133878
0.0130381
0.0127689
0.0138709
0.0127343
0.0136758
0.0144868
0.0151491
0.0156205
0.0139995
0.0142851
0.0145356
0.014686
0.0148134
0.0130969
0.0131524
0.0140138
0.0150191
0.0159491
0.0167271
0.0179901
0.0185932
0.0191827
0.0197324
0.0202312
0.0211443
0.0215089
0.0218198
0.0220313
0.0221508
0.022659
0.0226203
0.02249
0.0223097
0.0220441
0.0217061
0.0216734
0.0211741
0.0206572
0.0200789
0.0194274
0.0190521
0.0182707
0.0174749
0.0166488
0.015769
0.0151789
0.0142326
0.0132418
0.0122386
0.0112075
0.0101808
0.00939998
0.00832649
0.00727308
0.00625712
0.00540035
0.00496318
0.00457574
0.00458724
0.00462383
0.00461188
0.00502248
0.00496953
0.00489747
0.0047668
0.00472057
0.0047254
0.00502565
0.00497375
0.00491249
0.00484901
0.00472378
0.00476958
0.00445521
0.00406316
0.00362068
0.00315985
0.00339381
0.00353145
0.0035944
0.00389983
0.00546902
0.00720674
0.00890787
0.0109762
0.0132112
0.0156043
0.0181497
0.0205348
0.0234085
0.0264053
0.043258
0.048557
0.053503
0.0603189
0.0630966
0.0630483
0.0612153
0.0582872
0.053393
0.049192
0.0447785
0.0402874
0.0358519
0.0298608
0.0257483
0.0219597
0.0223235
0.0236907
0.0232758
0.0245398
0.025609
0.0264266
0.0270278
0.0272997
0.0259162
0.0257412
0.0253802
0.0247749
0.0240364
0.0221012
0.0211151
0.0200707
0.0189801
0.0178638
0.0159272
0.0146872
0.0134504
0.0121624
0.0109141
0.00956303
0.0083076
0.00750679
0.00683961
0.00627595
0.00558983
0.00660104
0.00584156
0.00506568
0.00434413
0.00365167
0.00450756
0.00388086
0.00364004
0.00367506
0.00367561
0.00375292
0.00456291
0.00452115
0.00439988
0.00424282
0.00406943
0.00452591
0.00429962
0.00406867
0.0037943
0.00344301
0.00362135
0.00320633
0.00278884
0.0023891
0.00200056
0.00168408
0.00181897
0.0015098
0.00117476
0.00103053
0.00102026
0.000855751
0.000820585
0.000959173
0.00113425
0.00129522
0.00133038
0.00177732
0.00216136
0.00255562
0.00288345
0.00318538
0.00327779
0.00356621
0.00382973
0.00414408
0.00439059
0.00442985
0.00459335
0.00473969
0.00486021
0.00488716
0.00473356
0.00459091
0.00432702
0.00389514
0.00328647
0.00251664
0.00174964
0.00135971
0.0014044
0.00338443
0.00578835
0.008347
0.0117519
0.015602
0.020023
0.025121
0.0301437
0.0365807
0.043898
0.0521156
0.0639767
0.0740996
0.0839233
0.0882344
0.0863683
0.0799848
0.070509
0.0570734
0.044586
0.0382245
0.033978
0.0292873
0.0299553
0.0298573
0.02938
0.0284464
0.0305831
0.0336768
0.0370711
0.0375729
0.0371377
0.0360046
0.0342892
0.0332197
0.0306712
0.0278613
0.0249675
0.0245055
0.0230803
0.022253
0.0211777
0.0198261
0.0183169
0.0167429
0.0141924
0.0126449
0.0111763
0.00969139
0.00868732
0.00851199
0.00848228
0.00832298
0.0080021
0.00839368
0.00893185
0.00931495
0.0096083
0.00978941
0.0098373
0.00974831
0.00974065
0.0095351
0.0092721
0.0089677
0.00865269
0.00852558
0.00823316
0.00793308
0.00765258
0.00736243
0.00739995
0.00707102
0.0066666
0.00616026
0.00576493
0.00534418
0.00538132
0.0049811
0.00460541
0.00431123
0.00410876
0.00444767
0.00428742
0.00412041
0.00395709
0.00376882
0.00391585
0.00357969
0.00328222
0.00302111
0.00275607
0.00252925
0.00267684
0.002497
0.0023555
0.00222075
0.00208288
0.00210042
0.00175281
0.00158763
0.00197904
0.00244479
0.00269192
0.00300571
0.00328326
0.00348993
0.00362985
0.00370912
0.00369094
0.00369887
0.00365941
0.00359984
0.00350991
0.00333631
0.00313048
0.00290203
0.0026522
0.00236535
0.00211681
0.00192492
0.00172129
0.00147618
0.00126262
0.00122882
0.00117259
0.00115059
0.00114395
0.00111209
0.00103642
0.000932544
0.000852093
0.00079149
0.000734895
0.000684679
0.000756681
0.00226356
0.0139195
0.0238394
0.0289525
0.026677
0.0253693
0.0242306
0.0313025
0.0381351
0.0533758
0.0673095
0.0809274
0.0939355
0.106297
0.117848
0.13074
0.140167
0.1484
0.155306
0.160645
0.165648
0.16719
0.166787
0.164252
0.159409
0.153114
0.143705
0.132182
0.12268
0.120985
0.117724
0.115431
0.127116
0.137019
0.144584
0.149314
0.156591
0.154865
0.149852
0.141844
0.131461
0.124961
0.111923
0.0987709
0.0861628
0.0745543
0.0641363
0.0578684
0.049724
0.0427889
0.0388623
0.0412711
0.0393588
0.0433427
0.0482863
0.052123
0.0548166
0.0557867
0.056377
0.0559162
0.0544543
0.0522235
0.0493557
0.0460975
0.0424945
0.0388169
0.0351815
0.0316201
0.0281306
0.0248069
0.0220016
0.0208062
0.0205489
0.0233992
0.0231435
0.0226022
0.0218083
0.0208331
0.0197004
0.0209315
0.0195218
0.0180067
0.0164139
0.0147642
0.0152498
0.0135071
0.0117853
0.0100822
0.00839421
0.00853816
0.0068
0.00653751
0.0073331
0.00816
0.00901163
0.010121
0.0110372
0.0119875
0.013181
0.0145178
0.0151275
0.0162458
0.0174915
0.0186826
0.0198179
0.0201603
0.0211721
0.0220992
0.0229373
0.0236796
0.024331
0.0243474
0.0248107
0.0251321
0.0253155
0.0253558
0.0248861
0.0246804
0.0243556
0.0239366
0.0233953
0.0225232
0.021758
0.020869
0.0198673
0.0187778
0.0175258
0.0160994
0.0146311
0.0130195
0.0130416
0.0153618
0.017414
0.0221635
0.0274798
0.0330586
0.0388907
0.0442093
0.050489
0.0570025
0.0637437
0.0706781
0.0777865
0.0841729
0.0915511
0.0990507
0.106656
0.140247
0.146723
0.154749
0.154253
0.149194
0.140406
0.142565
0.147051
0.148822
0.148144
0.145187
0.140117
0.128956
0.119997
0.109462
0.106642
0.111821
0.11261
0.115249
0.11671
0.116955
0.116011
0.110243
0.107081
0.103017
0.0981382
0.0931237
0.0927496
0.0940039
0.0910434
0.0870552
0.0821976
0.0766408
0.0730913
0.0664139
0.0595334
0.0548675
0.0521722
0.0510453
0.047967
0.0449005
0.0418802
0.0389419
0.0361172
0.0341492
0.0320312
0.0343402
0.0362539
0.0378419
0.0413677
0.0422974
0.0429507
0.043355
0.0435114
0.0454054
0.0451233
0.0446672
0.0440205
0.0432319
0.0422903
0.0428193
0.0416065
0.0403131
0.0389487
0.037551
0.0374336
0.0358859
0.0343089
0.0327008
0.0310906
0.0305874
0.0289499
0.027336
0.0257721
0.0242385
0.0227491
0.0221663
0.0207366
0.0193647
0.0180301
0.0167578
0.0162135
0.0150239
0.0139056
0.0128439
0.011839
0.0114151
0.010496
0.00963103
0.00882073
0.00804858
0.00732805
0.0070125
0.00634474
0.00569079
0.00507302
0.00447383
0.00417929
0.00359675
0.00305137
0.00270247
0.00235743
0.00235337
0.00201619
0.00198916
0.00230638
0.00266029
0.00303381
0.00344357
0.00390361
0.00442066
0.0049824
0.00558588
0.00621332
0.00688468
0.00749782
0.00811526
0.00878452
0.00948537
0.0101703
0.0108187
0.0114404
0.0120209
0.0125117
0.0129683
0.0132096
0.013297
0.0131639
0.0127681
0.0122966
0.011289
0.00984108
0.00799074
0.0056114
0.00318124
0.00224321
0.00445937
0.00938929
0.015071
0.0215943
0.0278932
0.0361254
0.045431
0.0557961
0.0671935
0.0779559
0.06915
0.084603
0.101488
0.107251
0.103707
0.0979214
0.0893562
0.0790413
0.0705328
0.0724906
0.0717776
0.0727868
0.0732687
0.0730528
0.0720358
0.0678155
0.0649238
0.0611696
0.0572505
0.0538014
0.0485706
0.0440949
0.0399728
0.0403575
0.0400887
0.0394344
0.0393048
0.0379193
0.0363269
0.0345638
0.0328012
0.030914
0.0289371
0.0270957
0.0254283
0.0238369
0.0213614
0.0197758
0.0183498
0.0171052
0.0159822
0.01501
0.0127568
0.0119824
0.0113146
0.0107555
0.0103494
0.0100765
0.00967862
0.00936414
0.00914491
0.00942959
0.0108612
0.0115501
0.0122486
0.0129208
0.0135556
0.0141407
0.0153587
0.0160169
0.016671
0.0172859
0.0178638
0.0188473
0.0193143
0.0196712
0.0199562
0.0201643
0.0206994
0.020732
0.0206352
0.0204523
0.0202309
0.0199709
0.0200111
0.019628
0.0191579
0.0186117
0.0179907
0.0176763
0.0169566
0.0161906
0.0153635
0.0144798
0.0138819
0.0129419
0.0119408
0.0108856
0.00979115
0.00867735
0.00788738
0.00685624
0.0058649
0.00490442
0.00410098
0.00411724
0.00418799
0.00431312
0.00441564
0.00449275
0.00502732
0.00514274
0.00523013
0.00534943
0.00540641
0.00539454
0.00568269
0.00563209
0.00558514
0.00546526
0.00542995
0.00526784
0.00501497
0.00459504
0.00402727
0.00347215
0.00310176
0.00238734
0.00196024
0.00178703
0.00325082
0.00513882
0.00698399
0.00923575
0.0116832
0.014298
0.017068
0.0196481
0.0227229
0.0259423
0.0412608
0.0466322
0.0517496
0.0588618
0.0619972
0.0624132
0.061171
0.0588172
0.0544331
0.0508656
0.0470827
0.0432292
0.0393794
0.0338335
0.0301492
0.0267639
0.0236525
0.022894
0.0221816
0.0230732
0.0238167
0.0244226
0.0248643
0.025108
0.0238411
0.0237974
0.0234875
0.0230199
0.0224657
0.020666
0.0198308
0.0189088
0.0179394
0.0169376
0.0151327
0.0141515
0.0131107
0.0120762
0.0111223
0.0102515
0.00884526
0.00794665
0.00713556
0.00639758
0.0057849
0.00614239
0.00510281
0.00420831
0.00344991
0.00278803
0.00376248
0.00316085
0.00248962
0.00180087
0.00117896
0.000716761
0.0015122
0.00110406
0.00096669
0.00117002
0.00139619
0.00116667
0.0011845
0.00129077
0.00147236
0.00163858
0.00176994
0.00199671
0.0021548
0.00231295
0.00244053
0.00256868
0.00267837
0.00282742
0.00296281
0.00314505
0.00360765
0.00370409
0.0041873
0.00465308
0.00509773
0.00558963
0.00578898
0.00635285
0.00694143
0.00752365
0.0081222
0.00873169
0.00908464
0.00967497
0.0102331
0.0107431
0.0111939
0.0113927
0.0116802
0.01186
0.0118793
0.0117565
0.0114432
0.0110691
0.0105005
0.00970714
0.00866311
0.00730901
0.00575824
0.00371204
0.00220072
0.00283848
0.00502869
0.00847454
0.0128792
0.0178967
0.023558
0.0298803
0.0359981
0.0435953
0.0519531
0.0610494
0.0734975
0.0838681
0.093669
0.0976387
0.0950241
0.0874638
0.0764825
0.0615593
0.0472509
0.0327234
0.026484
0.0217238
0.021815
0.0228571
0.0263255
0.0328416
0.0375603
0.0406048
0.0438292
0.0441023
0.0433114
0.041631
0.0392574
0.0375615
0.0341963
0.0305949
0.0269682
0.0234308
0.0207355
0.0185464
0.0175385
0.0164855
0.0154925
0.0144806
0.0124052
0.0113724
0.0104149
0.00952253
0.00872159
0.00688311
0.00616199
0.00555247
0.00561726
0.00565058
0.00493222
0.004895
0.00480711
0.00466412
0.00454417
0.00446421
0.00389397
0.00391647
0.00394061
0.00392538
0.00388539
0.00347298
0.00359914
0.00368741
0.00367892
0.00357181
0.00369811
0.00354102
0.00337842
0.00326276
0.00315511
0.0030784
0.00319481
0.00312647
0.00302377
0.00290293
0.00271991
0.00273412
0.00261986
0.00246215
0.00223872
0.001982
0.00213751
0.00195882
0.00178096
0.00180748
0.00185075
0.00188117
0.00177917
0.0017956
0.00180267
0.00179783
0.00177008
0.00165364
0.00165145
0.00163585
0.00159977
0.00156836
0.00148767
0.00155494
0.00164074
0.00168806
0.0016861
0.00165762
0.00158049
0.00157334
0.00156853
0.00156592
0.00154386
0.00148569
0.00145543
0.00140455
0.0014465
0.0015357
0.00162572
0.00171088
0.00181684
0.00186934
0.00191982
0.00195718
0.00199033
0.00199325
0.0019895
0.00205615
0.00212207
0.00214647
0.00219913
0.00227255
0.00236754
0.00248349
0.000756681
0.00226356
0.0139195
0.0238394
0.0289525
0.026677
0.0253693
0.0242306
0.0313025
0.0381351
0.0533758
0.0673095
0.0809274
0.0939355
0.106297
0.117848
0.13074
0.140167
0.1484
0.155306
0.160645
0.165648
0.16719
0.166787
0.164252
0.159409
0.153114
0.143705
0.132182
0.12268
0.120985
0.117724
0.115431
0.127116
0.137019
0.144584
0.149314
0.156591
0.154865
0.149852
0.141844
0.131461
0.124961
0.111923
0.0987709
0.0861628
0.0745543
0.0641363
0.0578684
0.049724
0.0427889
0.0388623
0.0412711
0.0393588
0.0433427
0.0482863
0.052123
0.0548166
0.0557867
0.056377
0.0559162
0.0544543
0.0522235
0.0493557
0.0460975
0.0424945
0.0388169
0.0351815
0.0316201
0.0281306
0.0248069
0.0220016
0.0208062
0.0205489
0.0233992
0.0231435
0.0226022
0.0218083
0.0208331
0.0197004
0.0209315
0.0195218
0.0180067
0.0164139
0.0147642
0.0152498
0.0135071
0.0117853
0.0100822
0.00839421
0.00853816
0.0068
0.00653751
0.0073331
0.00816
0.00901163
0.010121
0.0110372
0.0119875
0.013181
0.0145178
0.0151275
0.0162458
0.0174915
0.0186826
0.0198179
0.0201603
0.0211721
0.0220992
0.0229373
0.0236796
0.024331
0.0243474
0.0248107
0.0251321
0.0253155
0.0253558
0.0248861
0.0246804
0.0243556
0.0239366
0.0233953
0.0225232
0.021758
0.020869
0.0198673
0.0187778
0.0175258
0.0160994
0.0146311
0.0130195
0.0130451
0.015378
0.017443
0.0221761
0.0274839
0.033056
0.0388811
0.0441975
0.0504655
0.0569524
0.0636521
0.0705389
0.0775964
0.0839388
0.0912654
0.0987077
0.106252
0.139783
0.146203
0.154163
0.153593
0.148453
0.139591
0.141632
0.146196
0.148047
0.147478
0.144763
0.139951
0.128906
0.119982
0.109464
0.107567
0.112734
0.11352
0.116193
0.117716
0.118006
0.117105
0.111333
0.108154
0.104007
0.0988871
0.092998
0.0923342
0.0935457
0.0906456
0.0867583
0.0819553
0.0764311
0.0729689
0.0664103
0.0596109
0.0548498
0.0522059
0.0511282
0.0481005
0.0450701
0.0420804
0.0391814
0.0364101
0.034505
0.0333986
0.0357652
0.0377345
0.039357
0.0429034
0.0438583
0.0445302
0.0449596
0.0451463
0.0470682
0.0468044
0.0463691
0.0457484
0.0449755
0.0440662
0.0446439
0.043481
0.0422141
0.0408511
0.0394335
0.0392866
0.0377012
0.0360778
0.0344125
0.0327299
0.0321435
0.0303736
0.028587
0.0268215
0.0250621
0.0233241
0.0225016
0.0207706
0.0190831
0.0174242
0.015812
0.0149501
0.0133802
0.0118703
0.0104115
0.00899813
0.00820606
0.00686651
0.00558818
0.00437082
0.00320184
0.00208863
0.00163629
0.00110654
0.000701093
0.00148157
0.0023569
0.00286267
0.00365429
0.00438942
0.00509074
0.00576419
0.00617973
0.00683305
0.0074517
0.00805049
0.00860752
0.0091645
0.00951816
0.010266
0.0112323
0.0122192
0.013207
0.0141788
0.0151825
0.0161476
0.016996
0.0177062
0.0182592
0.0186752
0.0189149
0.0189856
0.0188922
0.0186409
0.0182963
0.0177089
0.016944
0.0160488
0.0150484
0.0141611
0.0130885
0.0120124
0.0109344
0.00989996
0.00909974
0.0109633
0.0137752
0.0172193
0.021344
0.0262265
0.0310479
0.0374803
0.0448489
0.0532289
0.0626657
0.071769
0.0611093
0.0747824
0.0900746
0.094488
0.0900585
0.083617
0.0746497
0.0643204
0.0534019
0.0424351
0.0383055
0.037713
0.038519
0.0386437
0.0377524
0.0355437
0.0329121
0.0297816
0.0263843
0.0278693
0.0307168
0.0313347
0.0313371
0.0306846
0.0295104
0.0279072
0.0265531
0.024528
0.0230539
0.0217887
0.0207287
0.0194859
0.0185551
0.0178769
0.0173453
0.016915
0.0155018
0.0149981
0.0146438
0.014375
0.014185
0.0139657
0.0122373
0.0119426
0.0123464
0.0129027
0.0133796
0.0118434
0.012268
0.0126501
0.012985
0.0132345
0.0116241
0.0126411
0.0136472
0.0146658
0.0156761
0.0166241
0.0180951
0.01895
0.0197223
0.0204329
0.021051
0.0220301
0.0223989
0.0226575
0.0228614
0.0229795
0.0234547
0.0233661
0.0231903
0.0229539
0.0226341
0.0222458
0.0221681
0.0216352
0.0210322
0.0203601
0.0196573
0.0192839
0.0184843
0.017639
0.0167727
0.0158598
0.015216
0.0142319
0.013228
0.0122003
0.0111303
0.0100468
0.0092373
0.00814637
0.00707714
0.00640086
0.00573291
0.00519546
0.00459366
0.00437191
0.00431808
0.00428436
0.00475894
0.00477066
0.00478948
0.00481018
0.00482946
0.00484556
0.00513738
0.00506184
0.00498338
0.00496349
0.00487272
0.00500332
0.00475996
0.00443188
0.00400177
0.00350012
0.00317169
0.00314228
0.00322305
0.00327959
0.00405663
0.005774
0.00745986
0.00953026
0.0117787
0.0142102
0.0168327
0.0192841
0.0222111
0.0252831
0.0424471
0.0477893
0.0528103
0.0597378
0.0625908
0.062635
0.060949
0.0581525
0.0533969
0.0493957
0.0451952
0.0409281
0.0366979
0.0308673
0.026928
0.0233102
0.0241418
0.0255677
0.0251474
0.0263182
0.0273007
0.0280086
0.0284439
0.028618
0.0271948
0.0269728
0.0265262
0.0258555
0.0250405
0.0230539
0.0219818
0.0208069
0.019523
0.0181825
0.0161101
0.014871
0.0137052
0.0124717
0.0112222
0.00990674
0.008155
0.00715798
0.00654332
0.00583482
0.00514087
0.00620199
0.00547658
0.0047681
0.00414168
0.00356865
0.00455687
0.00400382
0.00373144
0.00384611
0.0038836
0.00391439
0.00464902
0.00452879
0.00435153
0.00416983
0.0039805
0.00441407
0.00409289
0.00377526
0.00347016
0.00320553
0.00354586
0.00338031
0.00319283
0.00300495
0.0027886
0.00255159
0.00268137
0.00231458
0.00190344
0.00144934
0.00110783
0.000890195
0.000659861
0.000585712
0.000608444
0.000906803
0.00103754
0.00147642
0.00189452
0.00231355
0.00267188
0.00305106
0.00319625
0.00352684
0.00382426
0.00408126
0.00431266
0.00435055
0.00451072
0.00463963
0.00473234
0.00477303
0.00464484
0.00451404
0.00424729
0.00382047
0.00335874
0.00287649
0.00259876
0.00295242
0.00331219
0.0036616
0.00544363
0.0078266
0.0109419
0.0145469
0.0186916
0.0233986
0.0280621
0.0341225
0.0412031
0.0492878
0.0609643
0.0707791
0.0804091
0.0846623
0.0828215
0.0764935
0.0670463
0.0536723
0.041267
0.033394
0.0294955
0.0265622
0.027667
0.0278893
0.0275729
0.0282541
0.0324616
0.0352692
0.0384788
0.0389112
0.0384486
0.0371944
0.0352489
0.0339295
0.0309662
0.0278322
0.0246826
0.0230881
0.0214911
0.0203939
0.0191026
0.017635
0.0160776
0.014467
0.0118049
0.00994322
0.00806284
0.00666714
0.00651819
0.00602162
0.00709727
0.00820947
0.00913829
0.00994164
0.0106402
0.0111912
0.0115811
0.0118235
0.0118678
0.0117287
0.011701
0.0114958
0.0112415
0.0109234
0.0105649
0.0103159
0.00974035
0.0090782
0.00843185
0.00790504
0.00766128
0.00719216
0.00662667
0.0059976
0.00535119
0.00470692
0.00441569
0.00388959
0.00341818
0.00309631
0.00282601
0.0030973
0.00291941
0.00272641
0.00250119
0.00227045
0.00249469
0.00231305
0.00216615
0.00204967
0.0019853
0.00195906
0.0022406
0.00221016
0.00212787
0.0020147
0.00195652
0.00218144
0.0021988
0.0022078
0.00219984
0.00220916
0.00239062
0.00234452
0.00229697
0.00222842
0.00217059
0.00213802
0.00224911
0.00219053
0.002151
0.0020909
0.00198647
0.00195403
0.00178145
0.00156793
0.00131549
0.00101525
0.000851944
0.00078015
0.000745878
0.000788257
0.000914484
0.0010065
0.00100413
0.000990942
0.00097321
0.000986218
0.00101361
0.000967965
0.000917152
0.000879914
0.000781968
0.000665948
0.000756681
0.00226356
0.0139195
0.0238394
0.0289525
0.026677
0.0253693
0.0242306
0.0313025
0.0381351
0.0533758
0.0673095
0.0809274
0.0939355
0.106297
0.117848
0.13074
0.140167
0.1484
0.155306
0.160645
0.165648
0.16719
0.166787
0.164252
0.159409
0.153114
0.143705
0.132182
0.12268
0.120985
0.117724
0.115431
0.127116
0.137019
0.144584
0.149314
0.156591
0.154865
0.149852
0.141844
0.131461
0.124961
0.111923
0.0987709
0.0861628
0.0745543
0.0641363
0.0578684
0.049724
0.0427889
0.0388623
0.0412711
0.0393588
0.0433427
0.0482863
0.052123
0.0548166
0.0557867
0.056377
0.0559162
0.0544543
0.0522235
0.0493557
0.0460975
0.0424945
0.0388169
0.0351815
0.0316201
0.0281306
0.0248069
0.0220016
0.0208062
0.0205489
0.0233992
0.0231435
0.0226022
0.0218083
0.0208331
0.0197004
0.0209315
0.0195218
0.0180067
0.0164139
0.0147642
0.0152498
0.0135071
0.0117853
0.0100822
0.00839421
0.00853816
0.0068
0.00653751
0.0073331
0.00816
0.00901163
0.010121
0.0110372
0.0119875
0.013181
0.0145178
0.0151275
0.0162458
0.0174915
0.0186826
0.0198179
0.0201603
0.0211721
0.0220992
0.0229373
0.0236796
0.024331
0.0243474
0.0248107
0.0251321
0.0253155
0.0253558
0.0248861
0.0246804
0.0243556
0.0239366
0.0233953
0.0225232
0.021758
0.020869
0.0198673
0.0187778
0.0175258
0.0160994
0.0146311
0.0130195
0.0130451
0.015378
0.017443
0.0221761
0.0274839
0.033056
0.0388811
0.0441975
0.0504655
0.0569524
0.0636521
0.0705389
0.0775964
0.0839388
0.0912654
0.0987077
0.106252
0.139783
0.146203
0.154163
0.153593
0.148453
0.139591
0.141632
0.146196
0.148047
0.147478
0.144763
0.139951
0.128906
0.119982
0.109464
0.107567
0.112734
0.11352
0.116193
0.117716
0.118006
0.117105
0.111333
0.108154
0.104007
0.0988871
0.092998
0.0923342
0.0935457
0.0906456
0.0867583
0.0819553
0.0764311
0.0729689
0.0664103
0.0596109
0.0548498
0.0522059
0.0511282
0.0481005
0.0450701
0.0420804
0.0391814
0.0364101
0.034505
0.0333986
0.0357652
0.0377345
0.039357
0.0429035
0.043851
0.0445175
0.0449555
0.0451464
0.047061
0.0467764
0.0463253
0.0457069
0.0449641
0.0440775
0.0446579
0.0434972
0.0422442
0.040903
0.03951
0.0393798
0.0378038
0.0361795
0.0345146
0.0328346
0.0322491
0.0304794
0.0286943
0.0269218
0.0251516
0.0234037
0.0225794
0.0208607
0.0191776
0.0175175
0.015906
0.0150584
0.0134996
0.011986
0.0105176
0.00908741
0.0082882
0.00694254
0.00565264
0.0044183
0.00323156
0.00210236
0.00186097
0.00127885
0.000731301
0.00150656
0.00237997
0.00289659
0.0036997
0.00444939
0.00516341
0.00584834
0.00627588
0.00693517
0.00756527
0.00817539
0.00874813
0.00930079
0.00965156
0.0101631
0.0111177
0.0121737
0.0132188
0.0141814
0.0151255
0.0160001
0.01677
0.0174745
0.0180679
0.0185378
0.0188501
0.0189653
0.0188809
0.0186279
0.0182878
0.0176923
0.0169369
0.0160676
0.0150902
0.0142081
0.0131188
0.0120262
0.0109297
0.00992189
0.00918891
0.0112689
0.0140367
0.017456
0.0215274
0.0263798
0.0312244
0.0376797
0.0450687
0.0534579
0.0628671
0.0719047
0.0611795
0.0748581
0.0901858
0.0946448
0.0902589
0.0838136
0.0747766
0.0643264
0.0532832
0.0438063
0.0413497
0.0406584
0.0396767
0.0393135
0.038226
0.0358186
0.0329663
0.0296108
0.0267825
0.0283221
0.0311663
0.0308818
0.030031
0.0288867
0.0274473
0.0258053
0.0251176
0.0233881
0.021797
0.0203588
0.0192009
0.0180397
0.0171801
0.0165401
0.0160651
0.0157574
0.0145445
0.0144328
0.0144399
0.0144227
0.01445
0.0144988
0.0129559
0.0128193
0.0133186
0.0139078
0.0143816
0.0127644
0.0130896
0.0134742
0.0137968
0.014007
0.012307
0.0122995
0.013167
0.0141452
0.0152043
0.0162586
0.0177687
0.0186818
0.0195485
0.0203068
0.0209834
0.0220328
0.022514
0.0229019
0.0231846
0.023353
0.0238471
0.0237944
0.0236535
0.0234004
0.0230453
0.0226228
0.022512
0.0219382
0.0213112
0.0206133
0.019851
0.019374
0.0185005
0.017625
0.0167152
0.01574
0.0150665
0.0140224
0.0129304
0.011824
0.0106866
0.00955519
0.00870531
0.00757098
0.00646402
0.00541271
0.00485184
0.00502968
0.0051355
0.00527774
0.00539853
0.00549826
0.00600046
0.00605381
0.00609904
0.00612269
0.0061413
0.00617026
0.00654287
0.00652172
0.00649167
0.00647455
0.00634865
0.00637855
0.00604621
0.00561093
0.00509838
0.00449761
0.00409176
0.00333809
0.00318808
0.00313202
0.0038613
0.00567544
0.00744908
0.00960978
0.0119213
0.0143683
0.0169767
0.0194244
0.022346
0.0254114
0.04277
0.0480942
0.0530441
0.0597828
0.0624919
0.0624077
0.0606066
0.0577306
0.0528863
0.0487226
0.0443099
0.0397828
0.0352986
0.0292431
0.0250591
0.021205
0.022076
0.023423
0.0229942
0.0242372
0.0253866
0.0263674
0.0270976
0.0275389
0.0263504
0.026371
0.0261551
0.0256981
0.0249935
0.0230518
0.0219933
0.0208721
0.0197617
0.018628
0.0167876
0.0156513
0.0144578
0.0131972
0.01197
0.0108164
0.00920834
0.0085573
0.00789011
0.00721101
0.00650078
0.00754721
0.00683241
0.00612686
0.0054443
0.00479264
0.00566061
0.00501814
0.00443755
0.00393842
0.00390736
0.00386481
0.00458231
0.00448298
0.00438194
0.00427014
0.00413022
0.00466716
0.00449544
0.00426365
0.00402304
0.00374901
0.00399244
0.00365157
0.00335915
0.0030118
0.00261867
0.00225082
0.00237078
0.00205754
0.00175072
0.00151347
0.00133113
0.00148363
0.00124728
0.000962824
0.000815205
0.000591867
0.000279732
0.000408895
0.000884339
0.00135364
0.00181132
0.00231419
0.00265635
0.00320894
0.00366286
0.00406282
0.00443801
0.00460389
0.00490526
0.00514504
0.00530134
0.00537003
0.00525689
0.00514152
0.00489663
0.00448472
0.00387447
0.00307862
0.00273015
0.00306237
0.00341506
0.00378572
0.00504719
0.00740572
0.0104261
0.0138651
0.0178714
0.0226111
0.0274618
0.0337164
0.040797
0.0488197
0.0605079
0.0704155
0.0801365
0.0844362
0.0826506
0.0763507
0.066901
0.0534503
0.0410371
0.033792
0.0296308
0.0259741
0.0272865
0.0277977
0.0276661
0.0286363
0.032818
0.0356556
0.0388627
0.0393118
0.03888
0.0377538
0.0360664
0.0350674
0.0325779
0.0298367
0.0287393
0.0282933
0.0266973
0.0255156
0.0240712
0.0223925
0.0204943
0.0184747
0.0155237
0.0134622
0.011433
0.00945857
0.00753814
0.00586456
0.00552168
0.00642204
0.00755179
0.00848165
0.00932747
0.0100406
0.0105833
0.0109732
0.0113026
0.0115808
0.0118454
0.0119239
0.01186
0.0116719
0.0113681
0.0111546
0.0107051
0.0102113
0.00968501
0.00916538
0.00884789
0.00828731
0.00770643
0.00713757
0.00659275
0.00612584
0.00639877
0.00600362
0.0056293
0.00531241
0.00506395
0.00534755
0.00516972
0.0050596
0.00493056
0.00478558
0.00504637
0.00488412
0.00468358
0.00439514
0.00403348
0.00367934
0.00373122
0.00348191
0.00322358
0.00294232
0.00270233
0.00278194
0.0025797
0.00239976
0.00219454
0.00201698
0.00202149
0.00176072
0.00145459
0.0011474
0.000819117
0.000486761
0.000343546
0.000214815
0.000232786
0.000299722
0.000382349
0.000474244
0.000555441
0.000732467
0.00086616
0.000985384
0.00116566
0.00124083
0.00129873
0.00133011
0.00137435
0.00142582
0.00150907
0.00153646
0.00154997
0.00155401
0.00153388
0.0015377
0.00148585
0.00144799
0.00141157
0.00137627
