0.000757456
0.00249664
0.0158086
0.0298287
0.0410236
0.0452153
0.0519996
0.0575981
0.0622992
0.0662795
0.0631453
0.0658639
0.0681072
0.0699308
0.0712814
0.0721469
0.0660506
0.066091
0.0657283
0.0649333
0.0655449
0.0617862
0.0651557
0.0681624
0.0707491
0.072978
0.0666777
0.0681649
0.0692859
0.0701645
0.0706543
0.0708223
0.0633799
0.0629778
0.0620572
0.0605784
0.0584528
0.0503394
0.0473491
0.0437331
0.0395501
0.0348804
0.0265716
0.0216464
0.0165346
0.0113401
0.00804447
0.0056388
0.00487918
0.00915843
0.013102
0.0166834
0.0199466
0.0228825
0.025281
0.02738
0.0292338
0.0309541
0.0318018
0.0332672
0.0346595
0.0360524
0.0393743
0.0426305
0.0480958
0.0506146
0.0538518
0.0574743
0.0611396
0.0660984
0.0702465
0.0747517
0.0792932
0.0841435
0.0893677
0.0943421
0.0993601
0.104566
0.109762
0.11505
0.120235
0.125389
0.130436
0.135472
0.140441
0.145135
0.149989
0.154768
0.159489
0.164091
0.168289
0.172683
0.176989
0.181148
0.185214
0.189118
0.192536
0.196126
0.199561
0.206738
0.217904
0.229167
0.24152
0.254532
0.268307
0.282746
0.296848
0.312654
0.329218
0.346445
0.364385
0.382937
0.400336
0.420105
0.440542
0.461492
0.482935
0.502424
0.524495
0.546782
0.569306
0.591897
0.612049
0.634613
0.657138
0.679649
0.702313
0.725144
0.743925
0.759946
0.770019
0.775253
0.776991
0.776568
0.774385
0.771179
0.767479
0.763795
0.761083
0.758645
0.757088
0.756523
0.757023
0.758665
0.761005
0.764658
0.769252
0.774584
0.744182
0.749743
0.75569
0.763985
0.771805
0.778731
0.783513
0.786873
0.787821
0.78588
0.779897
0.76748
0.74989
0.726877
0.698624
0.666918
0.632806
0.598688
0.561503
0.523762
0.485897
0.448171
0.411493
0.374719
0.339046
0.304783
0.272159
0.251697
0.238177
0.225516
0.212352
0.198815
0.185067
0.169466
0.155728
0.149144
0.156047
0.161871
0.16751
0.171425
0.174578
0.177032
0.178867
0.180153
0.181263
0.18155
0.18142
0.180902
0.180051
0.178997
0.177539
0.175852
0.173993
0.171971
0.169786
0.167518
0.165177
0.162769
0.160331
0.157869
0.155242
0.152768
0.150291
0.147815
0.145367
0.142726
0.140294
0.13789
0.135547
0.133339
0.131024
0.129058
0.12721
0.125488
0.12386
0.122321
0.120608
0.119192
0.117825
0.116489
0.115186
0.113685
0.112399
0.111091
0.109739
0.108327
0.106722
0.105165
0.103496
0.101701
0.0997511
0.0976463
0.0954187
0.0930066
0.0903987
0.0876072
0.0846055
0.0816162
0.0782431
0.0819252
0.0874224
0.0932394
0.0983077
0.104759
0.111557
0.11871
0.126168
0.133923
0.140644
0.148839
0.157199
0.165699
0.174284
0.181575
0.190076
0.198396
0.206381
0.213939
0.219862
0.226184
0.231641
0.236096
0.239471
0.241748
0.242715
0.24331
0.243682
0.24554
0.25259
0.26517
0.279163
0.292229
0.304001
0.314204
0.321555
0.328349
0.333301
0.33644
0.337849
0.33784
0.336841
0.335099
0.332925
0.330587
0.328352
0.32651
0.302634
0.302312
0.302909
0.291968
0.273701
0.250991
0.225399
0.198135
0.170092
0.141956
0.113434
0.0865455
0.082771
0.0876498
0.0909475
0.0919652
0.0925645
0.0921617
0.0909347
0.0890738
0.0853005
0.0861918
0.0926734
0.0975826
0.101071
0.103316
0.105022
0.105088
0.104341
0.102853
0.100708
0.0980482
0.0948044
0.0912087
0.087342
0.0832711
0.0785371
0.074107
0.0696876
0.0652908
0.0609365
0.0566463
0.0514632
0.0473214
0.0433302
0.0395514
0.0359992
0.0313946
0.0282476
0.0253451
0.0226541
0.0201833
0.0164891
0.0144831
0.012742
0.0118681
0.0118788
0.0119701
0.0105247
0.0107762
0.011084
0.0114422
0.011853
0.0107933
0.0112853
0.0117536
0.0122114
0.0126579
0.0117725
0.0122119
0.0126181
0.0129965
0.0133262
0.0136315
0.0127984
0.0131033
0.0133889
0.0136316
0.013848
0.0137746
0.0140449
0.0142964
0.0145247
0.0147634
0.0148969
0.0151054
0.0152998
0.0154748
0.0156362
0.0157634
0.0158123
0.0158657
0.0158674
0.0158107
0.0157053
0.0155767
0.0154076
0.0152051
0.0149625
0.0146648
0.014374
0.0139951
0.0136304
0.0139091
0.0142416
0.0145916
0.014605
0.0150089
0.0153995
0.0157683
0.0161241
0.0161284
0.0168274
0.0185096
0.0202156
0.0219415
0.0232158
0.0249377
0.0266487
0.0283295
0.029964
0.0315311
0.0326569
0.0340236
0.0352635
0.0363454
0.037223
0.037658
0.0397719
0.0447193
0.0562155
0.0632542
0.0697935
0.0704782
0.0678539
0.0662049
0.0675223
0.0676933
0.0654192
0.0640448
0.0621565
0.0596898
0.0568153
0.0518107
0.048279
0.0445522
0.0406307
0.0365657
0.0305792
0.0266341
0.0230015
0.0197553
0.0168461
0.0141619
0.0102625
0.00871729
0.00732261
0.00609824
0.00501364
0.00278772
0.00262957
0.00216488
0.00159702
0.0010239
0.00268403
0.00307844
0.00339567
0.00355546
0.00364398
0.00407153
0.00558676
0.00563494
0.00685701
0.00811734
0.00919125
0.00945729
0.0101639
0.0108381
0.0113831
0.0118123
0.0119177
0.0123494
0.0127655
0.0131059
0.0133626
0.0135607
0.0134209
0.0134594
0.0134831
0.0134595
0.0134003
0.0133157
0.0135193
0.0137746
0.0140992
0.0142147
0.0139309
0.013377
0.0126553
0.0118915
0.0112637
0.0107704
0.0102757
0.00975633
0.00922425
0.0085855
0.00777066
0.0069143
0.00592959
0.00553589
0.00588097
0.00639969
0.00730925
0.00799329
0.00865858
0.00927152
0.00981857
0.0103051
0.0108551
0.0110984
0.0112049
0.0113605
0.0117324
0.0120404
0.0122735
0.0125089
0.0127139
0.0128304
0.0128573
0.0127494
0.0125737
0.0123394
0.0120205
0.0118516
0.0123556
0.0133984
0.0152511
0.0174331
0.0199471
0.0225291
0.025835
0.0295854
0.03386
0.0387104
0.0434965
0.0495872
0.0564526
0.0641602
0.0753425
0.0846812
0.0938626
0.0974932
0.0948769
0.0876315
0.0772561
0.0630765
0.0498273
0.0365213
0.0237116
0.011818
0.00678544
0.0100575
0.0177979
0.0240465
0.0288069
0.0321524
0.0358082
0.036722
0.036705
0.0358981
0.0344205
0.0334772
0.0329031
0.0321526
0.0310294
0.0295981
0.0272247
0.0253159
0.0232889
0.0211759
0.0190295
0.0168818
0.0138556
0.0117729
0.0116744
0.012788
0.0139169
0.0140476
0.0151933
0.0163308
0.0176714
0.0191002
0.0202786
0.0212654
0.0219863
0.0223778
0.0224741
0.0222996
0.022119
0.0215925
0.021367
0.020999
0.0205
0.0195307
0.0187995
0.0179547
0.0170171
0.0160237
0.0147816
0.013747
0.0127199
0.0117
0.0106684
0.00963813
0.0085136
0.00759631
0.00674489
0.00594574
0.00542095
0.0054526
0.00598553
0.00642863
0.00681943
0.00718978
0.00709119
0.00737631
0.00760435
0.00776805
0.00783335
0.00784317
0.00750411
0.00744627
0.00738412
0.00730297
0.00720268
0.00687744
0.00676449
0.00661086
0.00641306
0.00618669
0.00582621
0.00568511
0.0055673
0.00543644
0.0053025
0.00518692
0.00495413
0.00483708
0.00468543
0.00450535
0.00432311
0.00407088
0.00392966
0.00382626
0.0037472
0.00367565
0.00354703
0.00349304
0.00346127
0.00350957
0.00356089
0.00360745
0.00365248
0.00373946
0.00386105
0.00401258
0.00417981
0.00431497
0.00445555
0.0045851
0.00470605
0.00482753
0.000757456
0.00249664
0.0158086
0.0298287
0.0410236
0.0452153
0.0519996
0.0575981
0.0622992
0.0662795
0.0631453
0.0658638
0.0681087
0.0699306
0.0712736
0.0721365
0.0660807
0.0661976
0.0659074
0.0651895
0.0659404
0.0622115
0.0656171
0.0686464
0.0712885
0.0735811
0.0673748
0.0689835
0.0702402
0.0711738
0.0717587
0.0719753
0.0646245
0.0642518
0.0634071
0.0620287
0.0601195
0.0522332
0.0495756
0.0463639
0.042668
0.0384251
0.030405
0.0256621
0.02054
0.0151235
0.00947748
0.00558908
0.00406107
0.00904317
0.0147927
0.0205283
0.0262192
0.0314708
0.0367257
0.041856
0.0468461
0.0517187
0.0553362
0.0599676
0.0645974
0.0692304
0.073875
0.0785626
0.0815574
0.0862415
0.0909551
0.0956461
0.100318
0.103033
0.107558
0.111965
0.116246
0.120368
0.12249
0.126225
0.129723
0.132965
0.135913
0.138574
0.139383
0.141432
0.14312
0.144428
0.145336
0.144656
0.144797
0.144487
0.143716
0.142467
0.139974
0.137852
0.135261
0.132206
0.128698
0.124728
0.12287
0.123135
0.123159
0.122986
0.122624
0.122178
0.121456
0.120553
0.119484
0.118272
0.1171
0.115633
0.114025
0.112275
0.110383
0.108332
0.107208
0.114175
0.121542
0.129331
0.137579
0.145624
0.15479
0.164531
0.174896
0.185958
0.196563
0.209087
0.222512
0.246052
0.272058
0.298525
0.320374
0.338978
0.350719
0.357346
0.360031
0.35998
0.35738
0.352706
0.346282
0.338538
0.331184
0.322009
0.31244
0.302772
0.293234
0.284101
0.27675
0.269182
0.262936
0.258214
0.255059
0.253639
0.254591
0.257669
0.259606
0.259354
0.255084
0.249233
0.240866
0.230199
0.217502
0.203026
0.184029
0.174355
0.176997
0.178474
0.178682
0.174955
0.172205
0.167979
0.162298
0.155286
0.144171
0.134907
0.124782
0.113994
0.108167
0.108035
0.10961
0.10718
0.103818
0.099616
0.0946981
0.0928614
0.0929089
0.0920921
0.0905038
0.0882242
0.087093
0.0836505
0.0798599
0.0757841
0.0715266
0.0672003
0.0637834
0.0593199
0.05656
0.0581297
0.0593148
0.0624347
0.0628588
0.0629736
0.0628237
0.0624015
0.0637824
0.0628897
0.0618265
0.0606146
0.0592996
0.0578631
0.0579875
0.0563388
0.0546334
0.0528775
0.0510999
0.0506655
0.0487903
0.0469313
0.0450966
0.0433023
0.0426453
0.0408152
0.0389933
0.0372103
0.035459
0.0337477
0.0329646
0.0313015
0.0296929
0.0281271
0.0266375
0.0259088
0.0245131
0.0231748
0.0218822
0.0206368
0.0199937
0.0188151
0.0176703
0.0165633
0.0154789
0.0144139
0.0144413
0.0148667
0.0153519
0.0159317
0.016602
0.0175851
0.0184475
0.0194172
0.020495
0.0216635
0.0230453
0.0243808
0.0258089
0.0273094
0.0289042
0.0305591
0.0323244
0.0340831
0.035866
0.0376354
0.0393847
0.0410858
0.0426733
0.0441135
0.0453934
0.0464418
0.0473376
0.0478118
0.0478926
0.0475281
0.0466567
0.0452119
0.0436391
0.0409805
0.0462162
0.0538441
0.0612092
0.0666374
0.0718478
0.075759
0.0784383
0.0799718
0.0805008
0.0803761
0.0895201
0.100437
0.111396
0.122316
0.131647
0.142252
0.15271
0.16304
0.173241
0.181982
0.169729
0.180476
0.191477
0.190179
0.179614
0.164827
0.146339
0.125381
0.102802
0.0793697
0.0692336
0.0605158
0.0674848
0.0724918
0.0756454
0.0762101
0.0759611
0.0883318
0.101826
0.113261
0.123797
0.131094
0.136401
0.139825
0.141445
0.141431
0.140846
0.137942
0.133913
0.128983
0.12333
0.11759
0.110868
0.103865
0.0966827
0.0893853
0.081886
0.0743085
0.06663
0.058816
0.0508398
0.042701
0.0385371
0.0366967
0.0346445
0.0324196
0.030012
0.0326441
0.0352257
0.037505
0.0394226
0.0410423
0.0430287
0.0456888
0.0501154
0.0540348
0.0574173
0.0602634
0.0639552
0.0658436
0.0673391
0.0684786
0.0692276
0.071138
0.0711579
0.0708421
0.0701733
0.0691661
0.069422
0.0677834
0.065847
0.0636493
0.061242
0.058615
0.0573754
0.0543561
0.0511729
0.0478528
0.0444058
0.0423632
0.0387052
0.0350043
0.0313019
0.027626
0.025348
0.0217333
0.0182172
0.0147964
0.0119085
0.0111003
0.0102938
0.00933896
0.0082991
0.00715558
0.00589954
0.00534707
0.00639819
0.0078774
0.00906676
0.0100115
0.0100905
0.0105154
0.0106266
0.0104404
0.0100201
0.00942023
0.010085
0.0113221
0.0124996
0.0135676
0.0166259
0.0195298
0.0229424
0.0264925
0.0301405
0.0338681
0.0372087
0.041002
0.0447801
0.0484953
0.0521279
0.055635
0.0585864
0.0617231
0.0646459
0.0673416
0.0697753
0.0737804
0.0824458
0.0892752
0.11178
0.117452
0.12216
0.128266
0.13
0.1287
0.125534
0.121178
0.114975
0.109208
0.103075
0.0966673
0.0900048
0.0848362
0.0804487
0.0757844
0.0709078
0.065853
0.0594077
0.0541699
0.0489763
0.0439196
0.0390666
0.0344427
0.0284848
0.0244095
0.0206798
0.0172692
0.0158112
0.0142004
0.0137404
0.0132407
0.0127302
0.0121715
0.0104157
0.00977416
0.00908425
0.00840745
0.00777755
0.00724419
0.00787486
0.0073618
0.00722675
0.00697928
0.00671257
0.00809322
0.00754409
0.00682253
0.00607749
0.00545686
0.00642818
0.00589072
0.00548568
0.00561467
0.00577148
0.0059457
0.00637032
0.00624908
0.00604021
0.00591947
0.00583469
0.00603414
0.00570767
0.00540957
0.00511986
0.00480303
0.0050749
0.00454324
0.00399083
0.00365855
0.00348861
0.00341999
0.00339687
0.00335208
0.00320945
0.00306269
0.00290212
0.00274617
0.00265274
0.00262193
0.00266203
0.0028977
0.00340706
0.0043143
0.00523043
0.00610955
0.00691798
0.00767905
0.0080977
0.008681
0.00917327
0.00959484
0.00994868
0.0100611
0.0102482
0.0102348
0.0100541
0.00977806
0.00937324
0.00895537
0.00842421
0.00775702
0.00686336
0.0057327
0.00447124
0.0029038
0.00140728
0.00274044
0.00476623
0.00670948
0.0101749
0.0141325
0.018492
0.0233477
0.028183
0.0344095
0.0413976
0.0491799
0.0602438
0.0692584
0.0781332
0.0814383
0.0786249
0.0713932
0.0612215
0.047301
0.0436002
0.0422524
0.0393589
0.0352177
0.0335895
0.0336822
0.0329521
0.0339343
0.0377704
0.0403247
0.0433945
0.0438226
0.043598
0.0427592
0.0413328
0.0404739
0.0380767
0.0354234
0.0326374
0.0297828
0.0275985
0.0249018
0.0234755
0.0217842
0.0199108
0.0179078
0.014903
0.0127356
0.010576
0.00847927
0.00646594
0.00447783
0.0049966
0.0054996
0.0059804
0.00642514
0.00711411
0.00765181
0.00812438
0.00852314
0.00884807
0.00910124
0.010025
0.0102381
0.0103206
0.0102948
0.0101867
0.0108881
0.0106716
0.0104035
0.0100325
0.00958583
0.00988108
0.00935498
0.00882122
0.00831953
0.00791764
0.00754765
0.00742692
0.00704256
0.00664291
0.00624329
0.00586277
0.00570312
0.0053297
0.00496003
0.00459233
0.00423451
0.00408086
0.00376785
0.0034847
0.00330369
0.00324021
0.00318502
0.00343856
0.00339459
0.00338732
0.00341631
0.00348464
0.0037974
0.00395612
0.00430651
0.004706
0.00513947
0.00562027
0.00612572
0.0066745
0.00726297
0.00787728
0.00849162
0.00906922
0.00966437
0.0102544
0.0108394
0.0114088
0.0119305
0.0124502
0.0129247
0.013346
0.0137091
0.0140145
0.0142762
0.0144805
0.0146409
0.0147658
0.0148526
0.0149085
0.0149022
0.0148623
0.0147989
0.0147045
0.0146034
0.014433
0.0142334
0.0140017
0.0137531
0.000757456
0.00249664
0.0158086
0.0298287
0.0410236
0.0452153
0.0519996
0.0575978
0.0623097
0.0663275
0.0632028
0.0659383
0.0682385
0.0701102
0.0715563
0.0725647
0.0666324
0.0668955
0.0667151
0.066079
0.0669163
0.0633724
0.0669869
0.0702644
0.0731699
0.0757171
0.0697186
0.0715946
0.0730591
0.0742946
0.075128
0.0757916
0.0688061
0.0690972
0.0690181
0.0686279
0.067873
0.0611602
0.0599751
0.0583164
0.056177
0.0535277
0.0469062
0.043752
0.0401976
0.036302
0.032174
0.0279009
0.0223984
0.0185077
0.0147702
0.0132967
0.0135887
0.0128821
0.0144571
0.0150282
0.014182
0.0118026
0.0113149
0.0171288
0.0260833
0.0352582
0.04434
0.0529998
0.062158
0.0700552
0.0775578
0.0845993
0.0912497
0.0981159
0.103962
0.109437
0.114581
0.119366
0.124236
0.128239
0.131881
0.135187
0.138187
0.14089
0.143635
0.145756
0.147635
0.149232
0.150608
0.151987
0.152872
0.153532
0.154012
0.154283
0.154597
0.154479
0.154151
0.153596
0.152807
0.151781
0.150785
0.149229
0.147411
0.14534
0.143
0.140796
0.137994
0.134955
0.13167
0.128128
0.124883
0.120985
0.11699
0.112873
0.10875
0.116821
0.13195
0.149407
0.167773
0.187015
0.207117
0.225793
0.247341
0.269605
0.292554
0.316141
0.33758
0.362246
0.387521
0.41352
0.440443
0.468521
0.492678
0.513856
0.526577
0.532798
0.534217
0.532529
0.527703
0.520475
0.511154
0.500307
0.489865
0.476812
0.462921
0.448323
0.433222
0.417726
0.403908
0.387964
0.372049
0.356367
0.30824
0.30868
0.311858
0.317205
0.321393
0.323387
0.321083
0.317296
0.310573
0.300668
0.286766
0.265973
0.239462
0.233325
0.229531
0.225085
0.220188
0.212731
0.206498
0.199539
0.191851
0.183407
0.171468
0.161723
0.151427
0.140721
0.129615
0.11819
0.113915
0.121179
0.127102
0.131723
0.13511
0.138912
0.140007
0.140099
0.139292
0.137714
0.136896
0.134053
0.130726
0.12701
0.122981
0.118718
0.115393
0.119667
0.123956
0.127683
0.130834
0.13576
0.137689
0.138836
0.139266
0.139033
0.140497
0.139105
0.137288
0.141445
0.145531
0.149528
0.154422
0.158199
0.161876
0.165431
0.16887
0.172901
0.175977
0.178868
0.181554
0.18403
0.186904
0.188861
0.190535
0.191927
0.192996
0.193736
0.194781
0.19483
0.194517
0.193808
0.19271
0.191936
0.190033
0.187705
0.184936
0.181728
0.178976
0.174958
0.170545
0.165766
0.160645
0.155239
0.15059
0.144756
0.138765
0.132693
0.126577
0.121453
0.115404
0.109485
0.103739
0.0982165
0.0937739
0.0888112
0.0842403
0.0800919
0.0764361
0.0732834
0.0711015
0.0690296
0.0697074
0.0735723
0.0778075
0.0817329
0.0866275
0.0919536
0.0977116
0.103894
0.109587
0.116689
0.124355
0.132581
0.141313
0.150488
0.158672
0.168283
0.177697
0.186388
0.192533
0.194583
0.20539
0.213322
0.218095
0.219727
0.218711
0.215039
0.209017
0.201095
0.191726
0.181356
0.171822
0.160781
0.154954
0.156336
0.158946
0.16218
0.144866
0.151876
0.160442
0.15805
0.147614
0.134215
0.118216
0.100765
0.0934511
0.0963057
0.102726
0.107049
0.109625
0.110675
0.11041
0.108567
0.106211
0.103197
0.0996752
0.0958019
0.0904444
0.0860561
0.0816333
0.0772501
0.0762987
0.0760023
0.0758798
0.0742552
0.0721942
0.0697642
0.0670568
0.0641729
0.0609371
0.0576256
0.0542744
0.0509128
0.0469662
0.0436205
0.0403968
0.037376
0.0345516
0.031914
0.0282512
0.0259383
0.023846
0.0219815
0.0207568
0.0187416
0.0187133
0.0187716
0.0188796
0.0190129
0.0173777
0.0175836
0.0177886
0.0179978
0.0181874
0.0183821
0.0169618
0.0171696
0.0173496
0.0175114
0.0176411
0.0162682
0.016329
0.0163358
0.0163001
0.0162187
0.0148347
0.0146952
0.0145096
0.0142828
0.0140057
0.0137219
0.0123761
0.0120988
0.0119118
0.0119432
0.0120049
0.011004
0.0111041
0.0111793
0.0112965
0.0114768
0.0107679
0.0110624
0.0113397
0.0116218
0.0119304
0.0122461
0.0117768
0.0121323
0.0125024
0.012921
0.0134018
0.0132353
0.013822
0.0144449
0.015112
0.0158408
0.015996
0.0168123
0.0176506
0.0185264
0.0194365
0.0203617
0.0208099
0.0218243
0.0228498
0.0238639
0.0248509
0.0253534
0.026231
0.0270397
0.0277559
0.0284053
0.0286773
0.0291944
0.0296343
0.0299597
0.0301102
0.0301107
0.0298438
0.0296415
0.0293403
0.0289606
0.028493
0.0278893
0.0290168
0.0333416
0.0445893
0.0515826
0.0582079
0.0589504
0.0644398
0.0669851
0.0676085
0.0669166
0.0637788
0.0613733
0.0584834
0.0552585
0.0518116
0.046432
0.0427197
0.0389939
0.035305
0.0320802
0.0298871
0.0294514
0.0289548
0.0284101
0.0277561
0.0269879
0.0240892
0.0231109
0.0220298
0.0208161
0.0194099
0.0178584
0.0170851
0.0160127
0.0146742
0.013071
0.0123496
0.0102452
0.007987
0.0066694
0.00624416
0.00565186
0.00637047
0.0054941
0.00448785
0.00463574
0.00575747
0.00634097
0.00750015
0.00858697
0.00965325
0.0107135
0.0112473
0.0122189
0.0131764
0.0140431
0.0148328
0.0155371
0.0159013
0.0165413
0.0172227
0.0180481
0.018923
0.019667
0.0206626
0.0215722
0.022361
0.0230514
0.0234204
0.0237843
0.0239936
0.0241047
0.0241133
0.0240083
0.0237549
0.0233354
0.0227673
0.022097
0.0212776
0.0204829
0.0195792
0.0186413
0.0176886
0.0167064
0.0157958
0.0147607
0.0137506
0.0127898
0.0125777
0.0123088
0.0123004
0.0120283
0.0118233
0.0116287
0.0114669
0.011505
0.0113287
0.0111049
0.0108906
0.0105338
0.0102761
0.00985549
0.00945033
0.00899266
0.00851814
0.00812688
0.00800157
0.00841232
0.0105493
0.013038
0.0159314
0.0189425
0.0228567
0.0273698
0.0324955
0.03823
0.043812
0.0507453
0.0583352
0.0666259
0.0782792
0.0878302
0.0969106
0.100068
0.096687
0.0884304
0.0768014
0.0613902
0.0466578
0.031869
0.0235096
0.0181976
0.0124928
0.0185431
0.0264778
0.0325409
0.0368545
0.0396542
0.0428358
0.0432174
0.0426777
0.0413837
0.0394974
0.0382972
0.035589
0.0327383
0.0298145
0.028286
0.0267632
0.0258502
0.0248097
0.0236709
0.0224603
0.0212144
0.0189368
0.017661
0.0164279
0.01524
0.0140889
0.0119325
0.0108802
0.00989029
0.0089716
0.00829276
0.00792599
0.0078136
0.00766838
0.00748533
0.00726369
0.00701192
0.00647804
0.00619665
0.00590497
0.00559583
0.00525612
0.00557232
0.00580049
0.00603795
0.00629824
0.0065648
0.00715476
0.00745302
0.00778973
0.00816822
0.00858378
0.00902727
0.00968459
0.0101461
0.0106133
0.0111525
0.0120148
0.0126359
0.0134154
0.0141392
0.0148209
0.0154744
0.0159376
0.0165669
0.017242
0.017997
0.0187565
0.0194986
0.0200737
0.0208361
0.0215925
0.0223227
0.0230155
0.02354
0.024181
0.0247722
0.0253296
0.0258669
0.0262684
0.026765
0.0272327
0.0276553
0.0280218
0.0283518
0.0285883
0.0288656
0.0291004
0.0293128
0.0295431
0.0297158
0.0299021
0.0300382
0.0301361
0.0302107
0.0302483
0.0302993
0.0303408
0.0303583
0.0303656
0.030375
0.0303811
0.0303919
0.0303853
0.0303581
0.0303453
0.0303574
0.0303325
0.0302576
0.0301526
0.0300344
0.000757456
0.00249664
0.0158086
0.0298287
0.0410236
0.0452153
0.0519996
0.0575981
0.0622992
0.0662795
0.0631453
0.0658638
0.0681087
0.0699293
0.0712682
0.0721276
0.0660635
0.0661791
0.0658747
0.065119
0.0656047
0.0617831
0.0650511
0.0679959
0.070543
0.0727787
0.0664596
0.0679336
0.0689934
0.0697618
0.0701367
0.0701636
0.0625894
0.0619586
0.0608049
0.0591672
0.0569791
0.0489017
0.0460037
0.0425156
0.0384556
0.0338754
0.0255536
0.0204826
0.0150568
0.00935233
0.00579713
0.0074591
0.00961716
0.0153152
0.0209638
0.0265336
0.0319777
0.036933
0.041741
0.0462999
0.0506033
0.0546323
0.0573468
0.0607712
0.06407
0.0672889
0.0704469
0.0735374
0.0750517
0.0779309
0.0807357
0.0834098
0.085989
0.0868403
0.0892217
0.0914783
0.0936118
0.0955971
0.0958651
0.0975022
0.0989352
0.100141
0.101077
0.101754
0.100858
0.100986
0.100783
0.100227
0.0993087
0.0970581
0.0954267
0.09337
0.0917575
0.0930332
0.094175
0.0949546
0.0954854
0.0957659
0.0957803
0.095539
0.0952335
0.0945019
0.0934944
0.092221
0.0906685
0.0954041
0.101694
0.108367
0.115435
0.122927
0.130604
0.138758
0.147243
0.156055
0.165216
0.174721
0.183878
0.193952
0.204362
0.215138
0.226317
0.23689
0.248891
0.261389
0.274411
0.287979
0.300642
0.323773
0.347839
0.372721
0.398176
0.423671
0.444298
0.461033
0.470262
0.473912
0.473398
0.470478
0.464601
0.456699
0.447123
0.436357
0.426523
0.414607
0.402364
0.390141
0.378148
0.366639
0.357254
0.347375
0.338774
0.331694
0.326181
0.322736
0.321392
0.322141
0.321597
0.318935
0.312551
0.304066
0.292972
0.279646
0.264231
0.246914
0.225419
0.205238
0.202578
0.200116
0.196336
0.189113
0.182398
0.174315
0.164966
0.154503
0.140536
0.128265
0.115423
0.102211
0.0888519
0.0874285
0.0903679
0.0895765
0.0930992
0.0980494
0.10163
0.106245
0.107222
0.107116
0.106037
0.10409
0.103098
0.0996361
0.0956463
0.091228
0.0864901
0.0815243
0.0774442
0.0721599
0.0674826
0.0681119
0.0683709
0.0706915
0.0702387
0.0695192
0.0685857
0.0674179
0.0681757
0.0666139
0.0649152
0.0630583
0.0611003
0.0590534
0.0586903
0.0565123
0.0543174
0.0521151
0.0499462
0.049205
0.0470262
0.0449071
0.0428419
0.0408456
0.0400538
0.0381392
0.0363027
0.0345652
0.0329069
0.0313348
0.0307045
0.0292247
0.027793
0.026395
0.0250635
0.0244569
0.0231675
0.0219113
0.0206764
0.0194682
0.0188404
0.0176541
0.0164757
0.015302
0.0141141
0.0129259
0.012165
0.0109557
0.00972963
0.00850476
0.00870149
0.00969142
0.0105846
0.0116202
0.0127867
0.0140836
0.0156148
0.0171412
0.0187866
0.0205347
0.0223957
0.0243374
0.0263644
0.0284398
0.0305681
0.0327188
0.0348476
0.0368982
0.0389118
0.040814
0.0425948
0.0441967
0.0456221
0.0467632
0.0475653
0.0479702
0.0479039
0.0472574
0.0463468
0.0443606
0.0451925
0.0537919
0.0622219
0.0686084
0.0750409
0.0802636
0.0842566
0.0870706
0.0886756
0.0947931
0.10499
0.115052
0.124875
0.134441
0.142447
0.151422
0.160085
0.168433
0.176525
0.18335
0.168795
0.177172
0.185802
0.182214
0.169721
0.152919
0.13249
0.109693
0.08632
0.0787346
0.0691673
0.0660375
0.0734293
0.0788036
0.082253
0.0831034
0.0980509
0.114077
0.128015
0.139833
0.150668
0.158207
0.163675
0.167204
0.168898
0.168944
0.168405
0.165554
0.161591
0.156717
0.151104
0.145398
0.138679
0.131658
0.124428
0.117052
0.109469
0.101805
0.094059
0.086196
0.0781755
0.0699768
0.0611471
0.0525745
0.0483664
0.0474065
0.0462038
0.0460751
0.044411
0.0425694
0.0405405
0.038358
0.037192
0.0352137
0.036503
0.0406969
0.0455501
0.0498551
0.0548252
0.0580586
0.0607366
0.0628893
0.0644893
0.0669665
0.0674714
0.0674951
0.0670478
0.0661643
0.0664716
0.0648599
0.0629246
0.0606576
0.0580986
0.0553079
0.0539358
0.0507905
0.0475157
0.0441569
0.0407428
0.0387905
0.0353112
0.031849
0.0284244
0.0250663
0.023099
0.0198418
0.0166852
0.0136578
0.010792
0.00808898
0.006617
0.0042301
0.00320022
0.00359466
0.0045214
0.00472485
0.00549052
0.00616874
0.00675891
0.00725786
0.00713619
0.00739633
0.00754382
0.00761995
0.0076795
0.00776003
0.00882864
0.0107799
0.0129847
0.0154395
0.0181107
0.0206439
0.0236501
0.0268251
0.0301307
0.0335528
0.0366584
0.0402208
0.0438316
0.04744
0.0510044
0.054505
0.0575255
0.0608411
0.0640239
0.0670575
0.0699423
0.0772212
0.0865148
0.0938031
0.116454
0.121985
0.126411
0.132121
0.133418
0.131652
0.128005
0.123187
0.116623
0.110532
0.104191
0.0977349
0.0912586
0.0840119
0.0799853
0.0757847
0.0714427
0.0669941
0.0611361
0.056573
0.0520785
0.0477139
0.0434995
0.0394564
0.0339647
0.0303288
0.0269452
0.0238107
0.020923
0.0164404
0.0140165
0.0118154
0.00983632
0.008684
0.00698893
0.00645165
0.00587995
0.00532242
0.00486676
0.00453345
0.00348868
0.00384879
0.00431295
0.00488828
0.00552981
0.00616705
0.00641366
0.00708701
0.00769039
0.00822017
0.0082637
0.00861264
0.00889985
0.0091502
0.009342
0.00951822
0.00945958
0.00967439
0.00990506
0.0101371
0.0103328
0.0103757
0.0106086
0.0109001
0.0113466
0.0119101
0.0123784
0.0130855
0.0139296
0.0148848
0.0158507
0.0166551
0.0171278
0.0175976
0.017973
0.0182173
0.0183805
0.0184208
0.0183643
0.0181695
0.0177734
0.0172083
0.0167043
0.0161025
0.0153046
0.0143831
0.0134642
0.0127214
0.0122211
0.0118946
0.0116957
0.011638
0.0116713
0.0117241
0.0117477
0.0117357
0.0117208
0.0117161
0.0117055
0.0114577
0.0109019
0.0102556
0.00961049
0.00894967
0.00841214
0.0077692
0.00709824
0.00731567
0.00948349
0.0116302
0.0144075
0.0175493
0.0210656
0.025018
0.0288277
0.0336361
0.0404454
0.0486122
0.060501
0.0706086
0.0804298
0.0847466
0.0828561
0.0763792
0.0668087
0.0534086
0.0410774
0.0365037
0.0333318
0.0289285
0.0273718
0.0273232
0.0267512
0.0273109
0.0315791
0.0345878
0.0381099
0.0390915
0.0393358
0.0389315
0.0380064
0.0376489
0.035823
0.0352229
0.0355615
0.0353293
0.033805
0.0326394
0.0311158
0.0293165
0.0273113
0.0251669
0.0220463
0.0197635
0.0174923
0.0152681
0.01312
0.0101393
0.00954646
0.00966915
0.00978112
0.00987843
0.0092507
0.00933436
0.00938836
0.00941864
0.00943059
0.00941101
0.00882664
0.00875521
0.00863475
0.00845683
0.00822225
0.00754979
0.00724837
0.00691324
0.00655144
0.00617123
0.0059312
0.0057328
0.00555003
0.00538507
0.00524101
0.00512874
0.00542906
0.00528747
0.00516385
0.00515908
0.00518286
0.00546673
0.00542167
0.00545034
0.00548244
0.005514
0.00568134
0.00571284
0.00576612
0.00586243
0.00600271
0.00616966
0.00643313
0.00659357
0.00673823
0.00688583
0.00706348
0.00734428
0.00755885
0.00776784
0.00801422
0.00828342
0.00860941
0.00892518
0.00925894
0.00959641
0.00990401
0.0101913
0.0104798
0.0107435
0.0110141
0.011297
0.0115857
0.0118819
0.0121683
0.0124107
0.0125915
0.012728
0.0128067
0.0128095
0.012778
0.0127358
0.0126945
0.0126585
0.0126569
0.0126232
0.0125653
0.0124488
0.0122386
0.0120053
0.011682
0.0113367
0.0109804
0.0106294
0.000757456
0.00249664
0.0158086
0.0298287
0.0410236
0.0452153
0.0519996
0.0575981
0.0622992
0.0662795
0.0631453
0.0658638
0.0681087
0.0699306
0.0712736
0.0721365
0.0660807
0.0661976
0.0659074
0.0651894
0.065943
0.0622235
0.0656388
0.0686713
0.0713329
0.0736578
0.0674604
0.0691001
0.07039
0.0713894
0.0720006
0.072264
0.0649173
0.0645876
0.0637767
0.0624384
0.0605193
0.052592
0.0498592
0.0465435
0.0427531
0.0384812
0.0304955
0.0258425
0.0208706
0.0156116
0.0101846
0.00625391
0.00467519
0.00722601
0.0124058
0.0175262
0.0225549
0.0271859
0.0316705
0.0360249
0.0402614
0.0443726
0.0472727
0.0510323
0.0547446
0.058507
0.0623381
0.0662559
0.0686132
0.0726367
0.0767514
0.0809139
0.0851321
0.0875189
0.0917473
0.0959422
0.100083
0.104137
0.106246
0.110023
0.113617
0.117009
0.120171
0.123113
0.124223
0.12668
0.128839
0.130701
0.132269
0.132247
0.133226
0.13385
0.134131
0.134051
0.132681
0.131912
0.130722
0.129099
0.127042
0.124532
0.124836
0.125941
0.126816
0.12747
0.127904
0.128137
0.12814
0.127915
0.127445
0.126738
0.125921
0.124775
0.123418
0.121897
0.120207
0.118344
0.116532
0.114323
0.114165
0.121733
0.129802
0.13773
0.146806
0.156483
0.166801
0.177827
0.188411
0.200923
0.214353
0.229752
0.255978
0.282618
0.30463
0.323597
0.335693
0.342566
0.345416
0.345424
0.342809
0.33805
0.33148
0.323567
0.316082
0.306717
0.296929
0.287066
0.277354
0.268092
0.260678
0.253099
0.246894
0.242293
0.239394
0.23832
0.239757
0.243427
0.246021
0.246483
0.242921
0.237986
0.230561
0.220773
0.208974
0.195389
0.181824
0.185568
0.188079
0.189234
0.188892
0.184517
0.18089
0.175678
0.168964
0.160901
0.148857
0.138584
0.127549
0.115969
0.104053
0.0991791
0.101023
0.0989746
0.0960598
0.0928546
0.0951472
0.0987917
0.0988431
0.0979835
0.0963188
0.0939471
0.0927212
0.0891389
0.0851688
0.0808735
0.076345
0.0716625
0.0678844
0.0629892
0.0581417
0.0578721
0.0589319
0.061931
0.0621966
0.0621397
0.0618046
0.0612007
0.0624039
0.0612945
0.0599916
0.0585143
0.0569266
0.0552397
0.0551708
0.0533062
0.0513879
0.0494215
0.0474466
0.046849
0.0448017
0.0427752
0.0407747
0.0388285
0.038077
0.0361906
0.0343687
0.0326318
0.0309608
0.0293744
0.0287375
0.0272685
0.0258868
0.0245816
0.0233682
0.0228859
0.0217835
0.0207596
0.0197918
0.0188702
0.0185034
0.0176379
0.0168106
0.0160124
0.0152161
0.0144295
0.0140365
0.013258
0.0124737
0.0117022
0.0114069
0.0121752
0.0127573
0.0134014
0.0140866
0.0147984
0.0157252
0.016462
0.0172167
0.0179503
0.0186851
0.0193865
0.0202496
0.0209018
0.0215266
0.022102
0.0226369
0.0232853
0.0237233
0.0240977
0.0244458
0.0257421
0.0271732
0.0288438
0.0306267
0.0351173
0.0410103
0.0474381
0.0533793
0.0608389
0.0688919
0.0777904
0.0871953
0.0955588
0.106006
0.116784
0.127566
0.138178
0.14712
0.157156
0.166821
0.17607
0.184918
0.193402
0.200408
0.208182
0.215495
0.222378
0.22883
0.234016
0.217355
0.223403
0.229479
0.223143
0.208153
0.188434
0.165064
0.13936
0.112243
0.100998
0.104991
0.119318
0.131572
0.141775
0.149975
0.154873
0.159366
0.162252
0.163669
0.16382
0.161278
0.163553
0.171557
0.17758
0.181695
0.184038
0.185364
0.184443
0.182135
0.178589
0.173933
0.168742
0.162278
0.155202
0.147677
0.139843
0.13183
0.123756
0.115863
0.108247
0.100996
0.094137
0.0869279
0.0807345
0.0749337
0.0695274
0.0644945
0.0586922
0.0543218
0.0503265
0.0466406
0.0432434
0.0387719
0.0359037
0.033283
0.0309085
0.0287156
0.0266819
0.0260529
0.0281398
0.0301831
0.0321581
0.03514
0.039157
0.0427769
0.0459961
0.0488149
0.0512136
0.0534064
0.0549744
0.0561132
0.0568537
0.05719
0.0571604
0.0571738
0.0565
0.055517
0.0542782
0.0527992
0.0515705
0.0496528
0.0475579
0.0453087
0.0429135
0.0409231
0.0383564
0.0357271
0.0330676
0.0303833
0.0277083
0.0255294
0.0229166
0.0203518
0.0178569
0.0154445
0.0135201
0.0113025
0.0111392
0.0117593
0.0133506
0.0146643
0.016052
0.017332
0.0184928
0.019525
0.0204301
0.0210952
0.0216284
0.0219369
0.0220097
0.0218248
0.0214665
0.0207605
0.0197295
0.0183708
0.016656
0.0167492
0.0178476
0.0189299
0.019959
0.0208748
0.023689
0.027618
0.0326733
0.0380909
0.0438912
0.0502087
0.0560994
0.0620035
0.0655275
0.0737568
0.0767366
0.079623
0.0764561
0.0729368
0.0736558
0.0726657
0.0705186
0.0662104
0.0625198
0.0583349
0.053771
0.048898
0.042214
0.0369819
0.0317253
0.0264915
0.0244139
0.0218491
0.0210844
0.0203095
0.0195228
0.0187667
0.0202815
0.023619
0.0255516
0.0271776
0.0285208
0.0295812
0.0314168
0.0318916
0.0320401
0.0318427
0.0313266
0.0315545
0.0305088
0.0292223
0.0277206
0.0260457
0.0242094
0.0231825
0.0221419
0.0211688
0.0201781
0.0191719
0.0193314
0.0180595
0.0166532
0.0152014
0.0136774
0.0132538
0.0117864
0.0103659
0.00900572
0.00766987
0.00691478
0.00813969
0.00992493
0.0115803
0.0131095
0.0145301
0.0155919
0.0169021
0.0181123
0.0192332
0.0202419
0.0208801
0.0215685
0.0221183
0.022561
0.0228872
0.0230115
0.0228893
0.02261
0.0221999
0.0216575
0.0209799
0.0202886
0.0194209
0.0185042
0.0175578
0.0167025
0.0160668
0.0154345
0.0148594
0.0143154
0.0137296
0.0130577
0.0123784
0.0115774
0.0106997
0.00975858
0.00878745
0.00793214
0.00695088
0.00615096
0.00605847
0.00590789
0.00587323
0.00564974
0.00541089
0.00518459
0.00501391
0.00492079
0.00602768
0.00786357
0.0100823
0.0126938
0.0157372
0.0188288
0.0227573
0.0272134
0.032259
0.0379276
0.043456
0.0503682
0.0579745
0.0663052
0.077996
0.0875977
0.0967377
0.099996
0.0967243
0.088586
0.0770908
0.0618241
0.047283
0.032661
0.0204509
0.0151227
0.0109098
0.0172833
0.0253325
0.031664
0.0363449
0.0394703
0.0428412
0.0433985
0.0430426
0.0419692
0.0403471
0.0394051
0.0370166
0.0345081
0.0319718
0.0294326
0.0275241
0.0254771
0.0245576
0.0236001
0.0226147
0.0216461
0.0196426
0.0186698
0.0177307
0.0168628
0.0160797
0.0142864
0.0136907
0.0131859
0.0127629
0.0123844
0.011003
0.0107871
0.0106618
0.0106041
0.0105887
0.0105946
0.00961179
0.00954005
0.00940314
0.00943685
0.00994667
0.0102433
0.0107397
0.0112559
0.0117969
0.0123732
0.0127583
0.0133645
0.0139432
0.0144799
0.0150127
0.0155443
0.0158687
0.0163515
0.0168234
0.0172769
0.0176853
0.0179063
0.0182811
0.0186593
0.0190412
0.0194249
0.0196708
0.0200704
0.0204754
0.0208314
0.0211093
0.0213544
0.0214939
0.0220625
0.0226611
0.0232417
0.0238047
0.0243593
0.0248208
0.02517
0.0254387
0.0256357
0.0258195
0.0258795
0.0258812
0.0259005
0.0261372
0.0262329
0.0261908
0.0261119
0.0259875
0.0258322
0.0256655
0.0254659
0.0252131
0.0249138
0.0245651
0.0241542
0.0237258
0.0232019
0.0226233
0.0219582
0.0212054
0.0203739
0.0196247
0.0187941
0.0179959
0.0172195
0.0164316
0.0157287
0.0149204
0.014122
0.0133456
0.012613
0.000757456
0.00249664
0.0158086
0.0298287
0.0410236
0.0452153
0.0519996
0.0575981
0.0622992
0.0662795
0.0631453
0.0658638
0.0681087
0.0699306
0.0712736
0.0721365
0.0660807
0.0661976
0.0659073
0.0651897
0.0659492
0.0622266
0.0656304
0.0686952
0.0713822
0.0737365
0.0675592
0.0692118
0.0705213
0.0715419
0.0721556
0.0724433
0.0650799
0.0646712
0.0637421
0.0622986
0.0602778
0.0523205
0.0495929
0.0462921
0.0424977
0.038234
0.0302685
0.0256919
0.0208317
0.0157604
0.0105602
0.0059919
0.00342572
0.00611001
0.0110635
0.0159328
0.0206909
0.0250666
0.0292466
0.0332056
0.0369187
0.0403771
0.0426621
0.0456817
0.0485931
0.0514041
0.0541356
0.0568158
0.0579808
0.0605013
0.0630099
0.065459
0.067879
0.0686231
0.0709193
0.0731396
0.0752816
0.0773164
0.0776551
0.0794058
0.0809761
0.0823435
0.0834572
0.0843199
0.0835816
0.0838915
0.0838861
0.083553
0.0828714
0.0808408
0.0801606
0.0818151
0.0832788
0.0845314
0.0856744
0.0864727
0.0870219
0.0873181
0.0873488
0.0870977
0.0867377
0.0859325
0.0848456
0.0843136
0.0897827
0.0957568
0.10158
0.107625
0.113901
0.120438
0.127177
0.134206
0.141544
0.149208
0.157182
0.165485
0.173616
0.182574
0.191943
0.20174
0.211968
0.221712
0.232777
0.244362
0.256518
0.269308
0.28683
0.309704
0.333623
0.35847
0.384002
0.409613
0.430432
0.447632
0.457483
0.461705
0.461679
0.459103
0.453546
0.44589
0.43646
0.425783
0.416033
0.404147
0.391902
0.379605
0.367487
0.355856
0.346401
0.33649
0.327905
0.320888
0.3155
0.31218
0.310986
0.311948
0.311759
0.309311
0.303045
0.294892
0.284171
0.271104
0.255938
0.238959
0.217716
0.197689
0.191552
0.189768
0.186672
0.180091
0.174154
0.166857
0.158259
0.148486
0.13506
0.123357
0.111053
0.098367
0.0880848
0.0886813
0.090979
0.0894757
0.0949559
0.0997028
0.103118
0.107619
0.108505
0.108328
0.107203
0.105225
0.104229
0.100805
0.0968947
0.0925852
0.0879891
0.083189
0.0792651
0.0741428
0.069777
0.0704769
0.0707784
0.0731227
0.0726626
0.0718981
0.0708732
0.0696033
0.0702474
0.0685304
0.0666631
0.0646569
0.0625604
0.0603817
0.0598828
0.0575393
0.0551603
0.0527698
0.0504047
0.0494948
0.0471132
0.0447858
0.0425078
0.040301
0.0393313
0.0372179
0.0351837
0.0332407
0.0313682
0.029592
0.0287951
0.027167
0.0256484
0.024206
0.0228277
0.0221874
0.0208797
0.0196265
0.0184173
0.0172398
0.0166267
0.0154544
0.0142945
0.0131348
0.0119598
0.0107983
0.0100696
0.00981337
0.0102902
0.0108831
0.0115879
0.0126167
0.0135461
0.0145947
0.0157554
0.0170188
0.0185052
0.0199569
0.0215007
0.0231148
0.0248163
0.0265702
0.0284225
0.0302792
0.0321733
0.0340798
0.0359925
0.0378759
0.039744
0.0415569
0.0433142
0.0449647
0.0465155
0.0479098
0.0491052
0.0500549
0.0506848
0.0508891
0.0508387
0.0499122
0.0481015
0.0504918
0.0586172
0.0647545
0.0709663
0.0760451
0.0799512
0.0861973
0.0944058
0.103899
0.113272
0.122458
0.13141
0.140112
0.147395
0.155617
0.163644
0.171481
0.179138
0.185674
0.170869
0.179074
0.187569
0.183869
0.171314
0.154454
0.133964
0.11108
0.0866931
0.0757838
0.0663062
0.0688054
0.0763996
0.0819477
0.085548
0.0864961
0.0989565
0.115232
0.129395
0.141388
0.15235
0.160008
0.165544
0.169051
0.170658
0.170535
0.169796
0.166649
0.162316
0.156986
0.150863
0.144669
0.1374
0.129882
0.122229
0.11453
0.106755
0.0989701
0.0912532
0.0836779
0.0761974
0.0687649
0.0607524
0.0532397
0.045706
0.0429377
0.0427507
0.043552
0.0429974
0.042279
0.0414039
0.0403768
0.0402155
0.0389175
0.0375435
0.036106
0.0346046
0.0340887
0.0366344
0.0388351
0.0405803
0.0418657
0.0427166
0.0446825
0.0447606
0.0444697
0.0438365
0.0428645
0.0431865
0.0416737
0.0399562
0.0380241
0.035916
0.0336247
0.0327582
0.0302707
0.0277354
0.0251662
0.0225992
0.0214334
0.0188923
0.0168954
0.015673
0.014424
0.0135533
0.0123684
0.0112246
0.0101204
0.00905476
0.00846509
0.00870816
0.00958807
0.0103109
0.0109204
0.011429
0.0112459
0.0115352
0.011686
0.0117178
0.0116301
0.0110252
0.0107534
0.0104424
0.0101254
0.00982489
0.0095427
0.00987887
0.0116456
0.013629
0.0158433
0.0182863
0.0206311
0.0234341
0.0264341
0.0295976
0.0328891
0.0358692
0.0392873
0.0427483
0.0462168
0.0496769
0.0531062
0.0560812
0.0593585
0.0625266
0.0655616
0.0684462
0.0708877
0.0765999
0.0835158
0.105955
0.111406
0.115854
0.121614
0.122989
0.121458
0.118168
0.11369
0.107355
0.101439
0.0951535
0.0888119
0.0846429
0.0791682
0.0743757
0.069428
0.0643815
0.0592922
0.0529289
0.0478598
0.0429253
0.0381586
0.0335798
0.0292452
0.0235514
0.0197455
0.0162635
0.0131496
0.0113433
0.0101364
0.0101414
0.010105
0.010027
0.00990094
0.00854191
0.00839779
0.00823768
0.00822676
0.00842841
0.00847951
0.00776166
0.00761418
0.00743926
0.0072559
0.00708541
0.00868179
0.00851557
0.00829309
0.00802112
0.00772592
0.00883581
0.00839443
0.00799429
0.00761934
0.00721094
0.00676783
0.0075245
0.0069546
0.00630627
0.00556579
0.00537037
0.00561021
0.00613865
0.006769
0.00742532
0.00806428
0.00850898
0.00917305
0.00989468
0.0106373
0.0113941
0.0121211
0.0127878
0.0138016
0.0148208
0.0156492
0.0163345
0.0167287
0.0170069
0.0170722
0.0169215
0.0165985
0.0162585
0.0158959
0.015497
0.0150163
0.0144529
0.0139898
0.0136058
0.01304
0.0124098
0.0118271
0.0115652
0.0111872
0.0109468
0.0107813
0.0106326
0.0104452
0.0101927
0.0100952
0.0100335
0.00987387
0.00950904
0.00883888
0.00790152
0.00652651
0.004835
0.00308467
0.00228396
0.00417373
0.00674094
0.00964323
0.0138702
0.0192892
0.0246927
0.0315977
0.0392411
0.0476654
0.0595752
0.0695993
0.079304
0.0835709
0.0817042
0.0752668
0.065754
0.052435
0.0449088
0.0434193
0.0403531
0.0360348
0.0306508
0.0273646
0.026424
0.0265178
0.0305561
0.0333892
0.03676
0.0374819
0.0374255
0.036685
0.035376
0.0346924
0.0325436
0.0301629
0.0277917
0.0278025
0.0265039
0.0256224
0.0244108
0.0229315
0.0212573
0.019464
0.0166767
0.0148007
0.0129494
0.0111287
0.00937015
0.00670618
0.0050931
0.00405484
0.00478372
0.00553536
0.00548363
0.00621963
0.0069131
0.00755656
0.00815073
0.0086889
0.00857487
0.00901318
0.00937691
0.00966907
0.00988764
0.00959131
0.00969228
0.00972804
0.00970545
0.00963974
0.00921088
0.00908986
0.00893509
0.00874263
0.00850657
0.00821894
0.00767067
0.00741002
0.00726277
0.00714567
0.00705722
0.00716984
0.00712731
0.00710562
0.00708267
0.00705911
0.0071772
0.00714374
0.00711718
0.00712152
0.00717448
0.0072771
0.00751108
0.00768526
0.00788628
0.00810796
0.00833477
0.00862026
0.00887434
0.00919004
0.00958455
0.0100268
0.0104984
0.0109362
0.0113333
0.0116974
0.0120307
0.0123389
0.0126449
0.0129027
0.0131097
0.0132708
0.0134023
0.013549
0.0136636
0.0137674
0.0138573
0.0139267
0.0139931
0.0139851
0.0139282
0.0138547
0.0137845
0.0137189
0.0136714
0.0135446
0.0133693
0.0131846
0.0129938
0.0128321
0.0126111
0.0123803
0.0121463
0.0119121
0.000757456
0.00249664
0.0158086
0.0298287
0.0410236
0.0452153
0.0519996
0.0575981
0.0622992
0.0662795
0.0631453
0.0658638
0.0681087
0.0699306
0.0712736
0.0721365
0.0660807
0.0661976
0.0659073
0.0651897
0.0659492
0.0622266
0.0656337
0.0687051
0.0713813
0.0737115
0.0675048
0.0691298
0.0704113
0.0714018
0.0719818
0.072199
0.0648134
0.0644683
0.0635947
0.0621342
0.0600128
0.0518851
0.04883
0.0450819
0.0407308
0.0358519
0.0272837
0.0219956
0.0164189
0.0106772
0.00699301
0.00466028
0.00787064
0.0133047
0.0186099
0.0238173
0.0289123
0.0336491
0.0383643
0.0430883
0.0478278
0.0525534
0.0560595
0.0606595
0.0653554
0.070148
0.0750052
0.0799815
0.083262
0.0883516
0.0935147
0.0987474
0.10402
0.107323
0.11257
0.117772
0.122907
0.127957
0.130935
0.135711
0.140305
0.144706
0.148859
0.152777
0.154724
0.158124
0.161217
0.16399
0.166413
0.167107
0.168867
0.170249
0.171282
0.171952
0.171231
0.171224
0.170835
0.170065
0.168899
0.16732
0.16474
0.162368
0.159551
0.156289
0.156393
0.15703
0.157464
0.157643
0.157559
0.157223
0.156708
0.15587
0.154747
0.153331
0.151607
0.149577
0.14752
0.144944
0.142122
0.139051
0.135756
0.13264
0.128943
0.12507
0.131697
0.142773
0.153422
0.166012
0.179521
0.194009
0.209522
0.230921
0.253664
0.27369
0.287121
0.295539
0.300044
0.301585
0.30079
0.297906
0.293272
0.287332
0.281582
0.274246
0.266533
0.258736
0.251055
0.243785
0.238074
0.232377
0.227957
0.225043
0.223711
0.223906
0.226689
0.231634
0.235461
0.237082
0.234521
0.230719
0.224517
0.216078
0.205714
0.193599
0.182116
0.187318
0.191194
0.193661
0.194585
0.191286
0.188838
0.184776
0.179181
0.172115
0.160844
0.151304
0.140761
0.129467
0.117664
0.107231
0.109019
0.10687
0.10387
0.100138
0.0957158
0.0931493
0.0875398
0.0845498
0.0832361
0.0812597
0.0804163
0.077317
0.0738857
0.0701807
0.0662867
0.0622702
0.0591024
0.0549307
0.0508099
0.0505002
0.0517932
0.0550011
0.0555144
0.0557082
0.0556276
0.055276
0.0567045
0.0558704
0.0548687
0.053719
0.0524634
0.051095
0.0512871
0.0497128
0.0480905
0.0464493
0.0448282
0.044567
0.0429122
0.0412904
0.0396913
0.0381267
0.0376795
0.0361269
0.034609
0.0331529
0.0317409
0.0303758
0.0298952
0.0285803
0.0273168
0.0260916
0.0249182
0.0244524
0.0233193
0.0221816
0.0210366
0.0198966
0.0193071
0.0181548
0.0169875
0.0158055
0.0145961
0.0133771
0.0125799
0.0116219
0.0119778
0.0124423
0.0129811
0.0138503
0.0145736
0.0154053
0.0163404
0.017375
0.0186413
0.0198434
0.0211384
0.022514
0.0239879
0.0255332
0.0272109
0.028878
0.0305956
0.0323414
0.0340949
0.035845
0.037544
0.0391634
0.0406836
0.0420526
0.0433024
0.0442914
0.0450138
0.0454081
0.0454379
0.0450085
0.0443879
0.0428318
0.0404631
0.0450485
0.0521554
0.0573636
0.0624464
0.0663162
0.069004
0.0734639
0.081506
0.0909589
0.10047
0.110003
0.119511
0.129047
0.137223
0.146681
0.156153
0.165673
0.175208
0.183515
0.170806
0.181153
0.191737
0.190064
0.179166
0.164108
0.145299
0.124017
0.101124
0.0773958
0.0596568
0.0663595
0.0737296
0.0791787
0.0827764
0.0838186
0.0841255
0.0899295
0.103103
0.114173
0.124387
0.131256
0.136121
0.139079
0.140264
0.139855
0.13899
0.135849
0.131725
0.126823
0.121327
0.115831
0.109503
0.103037
0.096481
0.0898986
0.0830681
0.0763061
0.0694766
0.0625465
0.055469
0.048243
0.0402842
0.0327385
0.0265298
0.025894
0.0250681
0.0253268
0.027487
0.0295385
0.0313245
0.0329029
0.0349149
0.0360686
0.0390736
0.0428037
0.0460176
0.0487196
0.0523455
0.0541446
0.055529
0.0565048
0.0571031
0.0588839
0.05873
0.0581657
0.0572339
0.0559622
0.0560151
0.0541715
0.0520881
0.0497517
0.0472025
0.0444682
0.043193
0.0402019
0.0371223
0.0339714
0.0307753
0.0290209
0.0257712
0.022546
0.0193937
0.0163677
0.0147382
0.0119086
0.00922811
0.00668828
0.00434901
0.00299605
0.00267827
0.00231578
0.00203087
0.0032835
0.00439473
0.00455055
0.00525281
0.0057366
0.00601939
0.00616167
0.00565508
0.00548619
0.00508394
0.00521845
0.00608738
0.00696604
0.00774558
0.00866678
0.0095847
0.0116795
0.0144213
0.0170062
0.0200611
0.0232769
0.0266139
0.0300533
0.033166
0.0367336
0.0403376
0.0439489
0.0475525
0.0511047
0.0541443
0.0574483
0.0605923
0.0635693
0.0663737
0.0687323
0.0744332
0.0814941
0.104148
0.109963
0.114882
0.121329
0.123463
0.122612
0.119929
0.116064
0.110318
0.105132
0.0996527
0.0939779
0.0881752
0.0808219
0.0749345
0.069623
0.0647237
0.0598289
0.0536955
0.0489394
0.0443739
0.0400426
0.0359572
0.0321458
0.0269084
0.0236513
0.0207611
0.0187583
0.0170669
0.0154971
0.016114
0.0165568
0.0168304
0.0169705
0.0161011
0.0161304
0.0161573
0.0161221
0.0159979
0.015772
0.0149041
0.0146457
0.0143733
0.0140775
0.013704
0.012847
0.012451
0.0121028
0.0117953
0.0115012
0.0109574
0.0107665
0.0105857
0.0103753
0.0101048
0.009784
0.00927888
0.00892596
0.00870972
0.00866172
0.00868272
0.00860107
0.00867838
0.00874422
0.00886115
0.0090215
0.00909004
0.00924107
0.00931829
0.00937699
0.00940952
0.00951345
0.00956938
0.00968046
0.00970352
0.00973126
0.0097242
0.00966596
0.00958233
0.0094837
0.00932112
0.00913505
0.00900251
0.00943764
0.00987928
0.0102885
0.0106781
0.011058
0.011163
0.0113567
0.0114771
0.0115956
0.0116757
0.011603
0.0116526
0.0115783
0.0113794
0.0110613
0.0105601
0.00997537
0.0092455
0.00833984
0.00719368
0.0057949
0.00430283
0.00240515
0.0010675
0.00300086
0.00547537
0.00851699
0.0123621
0.0166816
0.0215466
0.0270214
0.0324325
0.0392818
0.0468998
0.0553283
0.0672219
0.077201
0.0868089
0.0906855
0.088107
0.0808188
0.0704255
0.0562703
0.0456681
0.0444867
0.041858
0.03807
0.0331996
0.0278756
0.025885
0.0285527
0.0332657
0.036627
0.0403671
0.0414805
0.0417699
0.0413323
0.0402977
0.0398219
0.0379117
0.0357605
0.0334529
0.031026
0.0291201
0.0265352
0.0239992
0.0215429
0.0191833
0.0169171
0.0150374
0.0129852
0.0110939
0.00936627
0.00779974
0.00739047
0.00822407
0.0090313
0.00978366
0.010455
0.0112692
0.011819
0.0123205
0.0127383
0.0130391
0.0132194
0.0135914
0.0136075
0.0135799
0.0135227
0.0134121
0.0135443
0.0133742
0.0131915
0.0129929
0.0127669
0.0127688
0.0124381
0.0120948
0.011773
0.0114866
0.0112406
0.0112565
0.0110636
0.0108785
0.0107138
0.0106049
0.0107251
0.0107226
0.010766
0.0108493
0.0109448
0.0111552
0.0112106
0.0112654
0.0113181
0.0113865
0.0114725
0.0116711
0.0117821
0.0119085
0.0120428
0.0121889
0.0124088
0.0125581
0.0126988
0.0128127
0.0128899
0.0130094
0.0130551
0.0131031
0.0131762
0.0132713
0.0133839
0.0135366
0.0136132
0.0136348
0.0136444
0.0136525
0.0136803
0.0136408
0.0135745
0.0134746
0.0133326
0.0132014
0.0129651
0.0127172
0.0124924
0.0122667
0.0120228
0.0117849
0.0114135
0.0110048
0.0105822
0.010172
0.00986539
0.00955068
0.00928141
0.00903389
0.00879546
0.000757456
0.00249664
0.0158086
0.0298287
0.0410236
0.0452153
0.0519996
0.0575981
0.0622992
0.0662795
0.0631453
0.0658638
0.0681087
0.0699306
0.0712736
0.0721365
0.0660807
0.0661976
0.0659073
0.0651897
0.0659492
0.0622266
0.0656337
0.0687051
0.0713813
0.0737115
0.0675048
0.0691298
0.0704113
0.0714018
0.0719818
0.072199
0.0648134
0.0644685
0.0635955
0.0621391
0.0600206
0.0518846
0.0487922
0.0449696
0.0404757
0.0353803
0.0265967
0.0210431
0.0151902
0.0100482
0.00641613
0.00487047
0.0105216
0.0163433
0.0220145
0.0275175
0.0328261
0.0376121
0.0421991
0.0464974
0.0504995
0.0542012
0.0566313
0.059676
0.0624322
0.0649109
0.0671467
0.0691476
0.0695598
0.0710525
0.0724012
0.0737538
0.0751949
0.0751899
0.0767228
0.0782918
0.0799011
0.0815642
0.0817094
0.0834009
0.0850691
0.0867045
0.0882378
0.0896853
0.0895912
0.0907867
0.0917919
0.0925872
0.093122
0.0922258
0.0941044
0.0965413
0.0989274
0.101246
0.103414
0.105491
0.107414
0.109186
0.110772
0.112181
0.113361
0.114405
0.115237
0.115847
0.116217
0.116376
0.116279
0.115972
0.115426
0.114634
0.119944
0.126041
0.1325
0.139328
0.146503
0.154047
0.161544
0.169808
0.178509
0.187685
0.197372
0.206728
0.217451
0.228808
0.240845
0.253615
0.265746
0.280027
0.295226
0.31138
0.328497
0.35564
0.378068
0.397056
0.408649
0.414598
0.41627
0.41512
0.411083
0.404859
0.396807
0.387455
0.378783
0.368119
0.357094
0.346041
0.335171
0.324777
0.31637
0.307639
0.300211
0.294332
0.290085
0.287782
0.287789
0.29004
0.291243
0.290297
0.285527
0.279235
0.270523
0.259542
0.24657
0.23178
0.215671
0.217066
0.216905
0.215158
0.211776
0.204726
0.198022
0.189798
0.180156
0.169243
0.154791
0.141902
0.128405
0.11456
0.100577
0.0867059
0.085835
0.0864559
0.0932128
0.0985888
0.102614
0.107638
0.109068
0.109374
0.108648
0.106994
0.106204
0.102939
0.0991183
0.0948195
0.0901429
0.0851795
0.0810668
0.0756937
0.070284
0.0649155
0.0647298
0.0669425
0.0663193
0.0653762
0.064178
0.062742
0.0632575
0.0614201
0.0594617
0.0574035
0.055277
0.0530849
0.0525912
0.0502854
0.047969
0.0456688
0.0434088
0.0426091
0.0403727
0.0382031
0.0360842
0.0340409
0.0332167
0.0312764
0.0294178
0.0276682
0.0260037
0.0244361
0.0238158
0.0223795
0.0210474
0.0197999
0.0186472
0.0182314
0.0171959
0.0162159
0.015278
0.014379
0.0140238
0.0131601
0.0123125
0.0114799
0.0106386
0.00987441
0.0104359
0.0107812
0.0112022
0.0117323
0.0123505
0.0132832
0.0140754
0.0149658
0.0159304
0.0169696
0.0182145
0.0193643
0.020572
0.0218363
0.0231662
0.0245274
0.026004
0.0274129
0.0288499
0.0302979
0.0317379
0.0332237
0.0346553
0.036069
0.0374838
0.038882
0.0403005
0.0416755
0.0430219
0.0443374
0.045593
0.0467185
0.0477459
0.0483961
0.0485037
0.0475637
0.0525519
0.0577674
0.0630546
0.0673293
0.073257
0.0821299
0.0897794
0.0985803
0.107306
0.115943
0.12452
0.133067
0.140404
0.148881
0.157361
0.165827
0.174254
0.181549
0.167744
0.177073
0.186752
0.184272
0.172831
0.157271
0.138146
0.116716
0.0938222
0.070169
0.0608613
0.0703368
0.077778
0.0832823
0.0869465
0.0880467
0.088477
0.0938456
0.106335
0.11673
0.126352
0.132551
0.136783
0.139189
0.139926
0.139196
0.138151
0.134956
0.130905
0.126196
0.120987
0.115826
0.109944
0.103959
0.0978926
0.0917815
0.0853331
0.0789539
0.0724398
0.0657741
0.0588971
0.0518204
0.0439505
0.0364884
0.0289408
0.0282446
0.0278903
0.0285219
0.0277579
0.0285738
0.030275
0.0317631
0.0336567
0.0346828
0.0354959
0.0385496
0.0417408
0.0444551
0.0480991
0.0498824
0.0511668
0.0520285
0.0524675
0.0540809
0.0537374
0.053044
0.0519868
0.0506018
0.0505691
0.0486626
0.0465438
0.0442366
0.041796
0.0392079
0.0380742
0.035261
0.032391
0.0295137
0.0266576
0.0252646
0.0224919
0.019785
0.0171455
0.0145934
0.0133475
0.0109491
0.0086828
0.00654738
0.0045541
0.00312089
0.00238634
0.00206585
0.00251386
0.00283756
0.00322952
0.00335813
0.00406324
0.00457625
0.00490097
0.00507621
0.00461539
0.00456593
0.00435453
0.00466418
0.00549332
0.0063642
0.00718578
0.00818177
0.00999854
0.0123558
0.0149394
0.017408
0.020352
0.0234709
0.0267244
0.0301051
0.033188
0.0367598
0.0404118
0.0440804
0.0477358
0.0513626
0.0545118
0.0579762
0.0613201
0.0645475
0.0676609
0.0703417
0.0734115
0.079009
0.102012
0.108205
0.113373
0.120027
0.122241
0.121341
0.118491
0.114459
0.108557
0.10323
0.0976159
0.0918262
0.0859829
0.079974
0.0752653
0.0703619
0.0653334
0.060273
0.0539527
0.0489717
0.0441835
0.0396236
0.0353179
0.0312766
0.0258415
0.0223236
0.0195512
0.0175107
0.015741
0.012347
0.0110506
0.00995561
0.00903325
0.00829891
0.00753942
0.00767677
0.00773254
0.00772589
0.00765393
0.0075177
0.00670088
0.0064971
0.00629313
0.00610948
0.00593894
0.00535644
0.0052674
0.00517699
0.00507649
0.00495839
0.00452385
0.00447518
0.00447385
0.00449277
0.00469937
0.00486425
0.00433014
0.00432083
0.00424609
0.00417902
0.00416413
0.00410639
0.00452124
0.00508065
0.00577279
0.00665044
0.00746585
0.00863816
0.00988229
0.0110988
0.0122054
0.0131393
0.0137783
0.014395
0.0147935
0.0150318
0.0150583
0.0148593
0.0145105
0.0140749
0.0135093
0.0127735
0.0120316
0.0112177
0.0105093
0.00984744
0.00918519
0.00853014
0.00807419
0.00775626
0.0075965
0.00755998
0.0075939
0.00759812
0.00742342
0.00720616
0.00707484
0.00699391
0.00689846
0.00673784
0.00652709
0.00623346
0.00577408
0.00508242
0.00434526
0.00536148
0.00680083
0.00852515
0.0110424
0.0137709
0.017246
0.0212243
0.025719
0.0307227
0.0356333
0.0418724
0.0489451
0.056984
0.0687144
0.0786124
0.0881725
0.092101
0.0897036
0.0826716
0.072475
0.0584368
0.045319
0.0379671
0.0353073
0.0314758
0.0265839
0.0228504
0.0227672
0.0260038
0.0298912
0.0322842
0.0351118
0.0351657
0.0345918
0.033403
0.0316416
0.0305433
0.0279774
0.0252654
0.02513
0.0248456
0.0233286
0.0222496
0.0209028
0.019354
0.0176548
0.0158646
0.0149491
0.0142812
0.0134047
0.0123643
0.0112059
0.00988147
0.00861114
0.00734228
0.00740156
0.00804225
0.00864008
0.00908998
0.00944194
0.00970522
0.00988531
0.00999174
0.0101753
0.0101617
0.010089
0.00996098
0.00977513
0.00971633
0.00944322
0.00913194
0.00878319
0.00840271
0.00818887
0.00776747
0.00732645
0.00690287
0.00669903
0.00645673
0.00596502
0.00568533
0.00539649
0.00510135
0.00481316
0.00440076
0.00467786
0.00495872
0.0052442
0.00555144
0.00596109
0.00626433
0.0065679
0.00686797
0.00715508
0.00743461
0.00779058
0.00807311
0.00836642
0.00867704
0.0090104
0.00940184
0.00976098
0.0101347
0.0105304
0.0109394
0.011378
0.0118067
0.0122395
0.0126737
0.0131035
0.0135211
0.013907
0.0142264
0.014474
0.0146595
0.0148057
0.0149501
0.015061
0.0151626
0.0152717
0.0153833
0.0155117
0.0156069
0.0156732
0.015717
0.0157335
0.0157265
0.015719
0.0156618
0.0155688
0.0154364
0.0152655
0.0151089
0.0149013
0.0147224
0.0145749
0.0144529
0.000757456
0.00249664
0.0158086
0.0298287
0.0410236
0.0452153
0.0519996
0.0575981
0.0622992
0.0662795
0.0631453
0.0658638
0.0681087
0.0699306
0.0712736
0.0721365
0.0660807
0.0661976
0.0659073
0.0651897
0.0659492
0.0622266
0.0656337
0.0687051
0.0713813
0.0737115
0.0675048
0.0691298
0.0704113
0.0714018
0.0719818
0.072199
0.0648134
0.0644683
0.0635947
0.0621342
0.0600128
0.0518851
0.04883
0.0450819
0.0407308
0.0358519
0.0272837
0.0219956
0.0164189
0.0106772
0.00699301
0.00466028
0.00787064
0.0133047
0.0186099
0.0238173
0.0289123
0.0336491
0.0383643
0.0430885
0.0478221
0.0525393
0.0560237
0.0604884
0.0649224
0.0693833
0.0738746
0.0784231
0.0812911
0.0858417
0.0904208
0.0950013
0.099582
0.102253
0.106774
0.111242
0.115644
0.119963
0.122311
0.12637
0.13026
0.133966
0.137432
0.140671
0.142035
0.144783
0.147288
0.149542
0.15152
0.151897
0.153436
0.154745
0.155826
0.15666
0.156174
0.156517
0.156542
0.156228
0.155547
0.154463
0.152326
0.150447
0.149712
0.151298
0.15264
0.153648
0.154515
0.155125
0.155472
0.155561
0.155408
0.154978
0.154272
0.153298
0.152062
0.150574
0.149035
0.147099
0.144946
0.142601
0.140076
0.137673
0.134814
0.131793
0.128633
0.136788
0.146163
0.157236
0.169158
0.181995
0.195787
0.210404
0.22773
0.245807
0.257594
0.264552
0.267764
0.268277
0.266374
0.262444
0.256823
0.249956
0.243451
0.235293
0.226797
0.218273
0.209941
0.202094
0.199697
0.200113
0.200104
0.19978
0.225205
0.224493
0.224373
0.215923
0.203248
0.194305
0.192219
0.189067
0.183658
0.176182
0.166936
0.157201
0.162755
0.169197
0.174378
0.1782
0.180466
0.178301
0.177046
0.174068
0.169433
0.163221
0.152572
0.143648
0.133704
0.123003
0.111783
0.105993
0.107381
0.104794
0.101374
0.0972348
0.0924207
0.0895414
0.0869445
0.085595
0.0835798
0.080982
0.0796524
0.0760474
0.0721549
0.0680376
0.0637888
0.0594864
0.0561216
0.0517808
0.0475611
0.0460689
0.0472074
0.050319
0.050758
0.0508918
0.0507688
0.0503966
0.0518269
0.0510112
0.0500482
0.0489559
0.0477727
0.046499
0.0468003
0.0453514
0.0438556
0.0423282
0.040812
0.0406334
0.0390732
0.0375392
0.0360188
0.0345299
0.0341612
0.0327027
0.0312952
0.0299753
0.0287251
0.027557
0.0272795
0.0262146
0.025224
0.0242633
0.0233485
0.0230961
0.022202
0.0213176
0.0204252
0.0195232
0.0191332
0.0181843
0.0172097
0.0162023
0.0151647
0.0141547
0.013541
0.0124752
0.011372
0.0114522
0.0120675
0.0129722
0.0137109
0.0145293
0.0154235
0.0163857
0.0175769
0.0186655
0.0198183
0.0210221
0.0222989
0.0236115
0.0250698
0.0264669
0.0279079
0.0293705
0.030846
0.0323541
0.0338045
0.0352105
0.0365882
0.0379053
0.0392004
0.04036
0.0413761
0.0422089
0.0428063
0.0430658
0.0431439
0.0424958
0.0413201
0.0493082
0.0570608
0.0627342
0.0684314
0.0752733
0.0841571
0.0932035
0.101044
0.110065
0.118976
0.127752
0.136368
0.144822
0.151962
0.160089
0.168059
0.175853
0.183486
0.189973
0.175055
0.183067
0.191335
0.18741
0.174646
0.157589
0.136969
0.114016
0.0896313
0.0697734
0.0689867
0.0790276
0.0869401
0.0927757
0.0965934
0.097688
0.0979108
0.109674
0.123298
0.134728
0.145165
0.152219
0.157183
0.160152
0.161232
0.160607
0.159449
0.155883
0.151192
0.145582
0.13926
0.132946
0.125628
0.118187
0.110787
0.1035
0.0962123
0.089115
0.0821915
0.075388
0.0686533
0.0619355
0.0545254
0.0476577
0.0407
0.0347473
0.0350401
0.0362541
0.0361323
0.035831
0.0353303
0.0346456
0.0347411
0.033706
0.0325445
0.0322798
0.0343921
0.0380549
0.0424809
0.0451335
0.0472991
0.0489884
0.0501817
0.0524147
0.0527295
0.0526348
0.0521499
0.0513018
0.0516972
0.050251
0.0485719
0.0467025
0.044664
0.0424572
0.0416345
0.0391565
0.0365904
0.033967
0.0313197
0.0300682
0.0274044
0.0247693
0.0221835
0.0196773
0.0184631
0.0160664
0.0137503
0.0115157
0.00939833
0.00741291
0.00653832
0.00495186
0.00423148
0.00364385
0.00367596
0.00388423
0.00413863
0.00443692
0.00478613
0.00519522
0.00558715
0.00608395
0.00659924
0.00712563
0.00765609
0.00816507
0.00915032
0.010801
0.0126327
0.0146527
0.0168659
0.0189909
0.0215383
0.0242716
0.0271743
0.0302395
0.0330568
0.0362985
0.0395967
0.042919
0.046242
0.0495464
0.052442
0.0556735
0.0588251
0.0618679
0.0647831
0.0672804
0.0701723
0.0764795
0.0990478
0.104723
0.109451
0.11565
0.117569
0.116546
0.113719
0.109735
0.103903
0.0986271
0.0930619
0.0873516
0.0830483
0.077972
0.0736485
0.0691888
0.0646485
0.0600853
0.0542083
0.0497154
0.0453788
0.0412145
0.0372253
0.0334431
0.0281923
0.0248775
0.0218328
0.0190423
0.0164963
0.0123458
0.0120881
0.0117746
0.0114121
0.0110079
0.00938817
0.0089352
0.00850419
0.00826624
0.00836207
0.00844722
0.00785113
0.00780955
0.00768229
0.00754252
0.00737488
0.00674986
0.00662727
0.0065787
0.00663892
0.00675707
0.00723217
0.00707832
0.00682226
0.00694302
0.00708276
0.00726098
0.00725628
0.00754954
0.00796839
0.00849001
0.00905091
0.00947747
0.0101793
0.0108806
0.0115576
0.0121716
0.0125268
0.0129265
0.0132333
0.0135128
0.0137994
0.0140455
0.0141904
0.0143488
0.0143663
0.0142102
0.0139108
0.0136112
0.0132706
0.0129309
0.0126007
0.0123116
0.0121379
0.0125796
0.0130407
0.013479
0.0138139
0.0140438
0.0140515
0.0142684
0.0144538
0.0145863
0.0145943
0.0143748
0.0141654
0.0138442
0.0134917
0.0130727
0.0125384
0.0118982
0.01105
0.00992514
0.00896835
0.00842229
0.00867541
0.0100662
0.0115453
0.0131755
0.0150595
0.0169852
0.0195282
0.0224744
0.0258812
0.0297687
0.033562
0.0400336
0.0475786
0.0558995
0.0676848
0.077548
0.0871029
0.091101
0.0888942
0.0822049
0.0725913
0.0591543
0.0468152
0.0344409
0.0292529
0.0249194
0.020274
0.0200438
0.0191644
0.0224677
0.0270069
0.0303294
0.034088
0.0352026
0.0354724
0.0350538
0.0340525
0.0341076
0.03563
0.0364926
0.0367588
0.0364932
0.0349489
0.0337636
0.0322279
0.0304195
0.0284115
0.026269
0.0231709
0.0209254
0.0186791
0.0164695
0.0143247
0.0113293
0.00940695
0.00766981
0.00611115
0.00472346
0.00388497
0.00419569
0.00446469
0.00468588
0.00486439
0.00499684
0.00454301
0.00461951
0.00469398
0.0047074
0.0046483
0.00469816
0.0045422
0.00432482
0.00404009
0.00368759
0.00384751
0.0036369
0.00342664
0.00323036
0.00303116
0.00296694
0.00324732
0.00316674
0.00323445
0.003355
0.00352183
0.00386447
0.00407699
0.00429496
0.00452551
0.00479265
0.00519788
0.00551997
0.00582619
0.00609499
0.00640453
0.00681297
0.00715357
0.00747049
0.00777356
0.00800982
0.00818133
0.00823081
0.00836082
0.00850834
0.0086915
0.00892796
0.00925313
0.00957517
0.00990224
0.0102318
0.0105511
0.0108137
0.0110477
0.0112196
0.0113687
0.0115053
0.0116353
0.0117847
0.0119111
0.0120483
0.0121928
0.0123272
0.012463
0.0125656
0.012652
0.0127223
0.012778
0.0128139
0.0128557
0.0128704
0.0128638
0.0128138
0.012745
0.012701
0.0126292
0.0125549
0.0124472
0.012315
0.000757456
0.00249664
0.0158086
0.0298287
0.0410236
0.0452153
0.0519996
0.0575981
0.0622992
0.0662795
0.0631453
0.0658638
0.0681087
0.0699306
0.0712736
0.0721365
0.0660807
0.0661976
0.0659073
0.0651897
0.0659492
0.0622266
0.0656337
0.0687051
0.0713813
0.0737115
0.0675048
0.0691298
0.0704113
0.0714018
0.0719818
0.072199
0.0648134
0.0644685
0.0635955
0.0621391
0.0600206
0.0518846
0.0487922
0.0449696
0.0404757
0.0353803
0.0265967
0.0210431
0.0151902
0.0100482
0.00641613
0.00487047
0.0105216
0.0163433
0.0220149
0.0275139
0.0328082
0.037577
0.0421162
0.0463465
0.0502798
0.0539444
0.056355
0.0594941
0.0625891
0.0656643
0.0687348
0.0717946
0.07333
0.0763071
0.0793064
0.0823263
0.0854199
0.0868396
0.0900031
0.093198
0.0964284
0.0996845
0.101195
0.104398
0.107528
0.110559
0.113429
0.116143
0.117101
0.119437
0.121525
0.123342
0.124855
0.12478
0.125683
0.126207
0.126342
0.126066
0.124477
0.123412
0.12451
0.126567
0.12837
0.129935
0.131176
0.13219
0.132883
0.133264
0.133335
0.133209
0.132724
0.13193
0.13083
0.1295
0.128128
0.126349
0.124331
0.122303
0.129491
0.137073
0.144625
0.152985
0.161821
0.17117
0.18107
0.190644
0.20165
0.213326
0.225717
0.238876
0.251368
0.266061
0.281656
0.298197
0.315915
0.344403
0.36784
0.38788
0.400492
0.407471
0.410189
0.409944
0.406927
0.401694
0.39461
0.386182
0.378279
0.368471
0.358282
0.348026
0.337927
0.328255
0.320452
0.312355
0.305508
0.300132
0.296298
0.294283
0.294536
0.296934
0.298166
0.297154
0.292259
0.285751
0.27676
0.265447
0.252091
0.236918
0.217137
0.209984
0.21011
0.208801
0.206003
0.199571
0.193685
0.186392
0.177749
0.167776
0.154072
0.141947
0.129153
0.115945
0.102533
0.0931103
0.0956592
0.0944676
0.0924407
0.0896544
0.0928378
0.0974913
0.0985419
0.0985233
0.0975432
0.0957097
0.0948339
0.0915152
0.0876793
0.0834248
0.0788547
0.0741125
0.0702765
0.0652989
0.0653807
0.0666094
0.0674316
0.0702231
0.0702557
0.0699692
0.0694225
0.0686157
0.0696447
0.0683322
0.06686
0.0652448
0.0635454
0.0617479
0.0615805
0.0595945
0.0575447
0.0554675
0.0534141
0.0527658
0.050668
0.0486137
0.0466199
0.044683
0.0439444
0.0420661
0.0402545
0.0385194
0.0368444
0.0352132
0.0345032
0.0329214
0.03139
0.0298433
0.0283068
0.0274869
0.0259324
0.0243848
0.0228371
0.0212858
0.0203395
0.0187749
0.017208
0.0156465
0.0140808
0.0129772
0.0133938
0.0136181
0.0139567
0.0144234
0.0149901
0.0158913
0.0166676
0.0175624
0.0185555
0.0196222
0.0209058
0.0221115
0.0234074
0.0247999
0.0262822
0.0278194
0.0294775
0.0311076
0.0327746
0.0344589
0.0361351
0.0378076
0.0394291
0.0410001
0.0425136
0.0439362
0.0453005
0.0465294
0.0475991
0.0484771
0.049093
0.0493585
0.0493976
0.0486358
0.0470273
0.0481922
0.056389
0.0625493
0.0688272
0.0739886
0.0779707
0.0847342
0.0928259
0.102167
0.111371
0.120382
0.129201
0.137831
0.145078
0.153315
0.161384
0.169312
0.177103
0.18377
0.169118
0.177497
0.18618
0.182713
0.170384
0.153815
0.133672
0.1112
0.0872767
0.0714774
0.0621353
0.0719791
0.0797338
0.0854527
0.0892206
0.0903062
0.0933281
0.108895
0.122358
0.133663
0.14402
0.150995
0.15589
0.158788
0.159819
0.159165
0.158016
0.154468
0.149828
0.144305
0.138096
0.131926
0.124784
0.117463
0.110084
0.102722
0.0952832
0.0879105
0.0805846
0.0732697
0.0659529
0.0585943
0.0505907
0.0430378
0.0354064
0.0313842
0.0312877
0.0321381
0.0316074
0.0308886
0.0299849
0.0303952
0.0323428
0.0334577
0.0350759
0.0397815
0.0439262
0.0474771
0.0517766
0.0542757
0.0562469
0.0576625
0.0585276
0.0604442
0.060392
0.0598968
0.0589052
0.0574593
0.0572822
0.0551297
0.0526696
0.0499588
0.0470342
0.0439118
0.0422739
0.038884
0.0354284
0.0319514
0.0284652
0.026509
0.0230907
0.0197783
0.0165748
0.0135037
0.0118473
0.0104582
0.00939571
0.00837259
0.00735768
0.00637809
0.00570332
0.00522079
0.00498169
0.00476411
0.00564294
0.00564108
0.00612302
0.00633581
0.00631708
0.00611534
0.00527348
0.00474109
0.00421854
0.00449049
0.00483982
0.00546136
0.00677498
0.00842297
0.0102685
0.0123188
0.0145701
0.0167387
0.0193373
0.0221249
0.0250609
0.028129
0.0309342
0.0341587
0.0374179
0.04067
0.0438982
0.0471031
0.0498921
0.0529521
0.0558906
0.0587033
0.0613678
0.0656382
0.0744015
0.0809574
0.102867
0.107777
0.111771
0.117061
0.118036
0.116104
0.112427
0.107724
0.101368
0.0955975
0.0896177
0.0845677
0.0809589
0.076015
0.0718291
0.0674712
0.0629888
0.0584357
0.0525221
0.0479612
0.0435271
0.0392365
0.0351346
0.0312727
0.0259952
0.0226789
0.0196604
0.0169052
0.0144248
0.0109817
0.0106288
0.0102559
0.00984036
0.0093893
0.00772348
0.00716053
0.0065223
0.00585273
0.00575431
0.00574944
0.00549183
0.0058548
0.00609132
0.00623065
0.00630631
0.00796141
0.00785243
0.00771224
0.00753803
0.00731606
0.00853508
0.0082003
0.00781421
0.00738577
0.00696016
0.00653743
0.0073486
0.00700992
0.00675397
0.00653065
0.00634658
0.00716835
0.00700805
0.00686484
0.00670747
0.00695871
0.00720708
0.00757725
0.0079462
0.0082843
0.00864801
0.00904498
0.00937409
0.00975999
0.010071
0.010267
0.0103564
0.0103547
0.0103104
0.0102728
0.0102357
0.0101439
0.0100431
0.00984355
0.00956017
0.00921544
0.00910524
0.00950716
0.00974917
0.0102715
0.010779
0.0112546
0.0116792
0.01187
0.0121978
0.0124448
0.0125699
0.0125395
0.0122993
0.012047
0.0116316
0.0110409
0.0102732
0.0093068
0.00826528
0.00781802
0.0075229
0.0071335
0.00891496
0.0112568
0.0142204
0.0174588
0.0210071
0.0248675
0.0284873
0.0329833
0.0397457
0.0486215
0.060999
0.0713217
0.0811624
0.0854267
0.0834939
0.0770515
0.0675919
0.054372
0.0422646
0.0362266
0.0333325
0.0292567
0.0241161
0.0190911
0.0198076
0.0253917
0.0296259
0.0326206
0.0360858
0.0369011
0.0368909
0.0361541
0.0348216
0.0341076
0.0319271
0.0319946
0.0325755
0.032655
0.0314494
0.0306899
0.0295919
0.028217
0.0266431
0.0249354
0.0221878
0.020305
0.0184447
0.0166172
0.0148303
0.0121472
0.0105762
0.00915879
0.00897875
0.00937739
0.00898442
0.00931191
0.00961792
0.00990367
0.0101407
0.0102971
0.00984129
0.00989324
0.00988036
0.00979081
0.00961933
0.00897968
0.00868613
0.00832453
0.0079
0.00742647
0.00664166
0.00612655
0.00560269
0.00506505
0.0045135
0.0039643
0.00321859
0.00292483
0.00306186
0.00325191
0.00346041
0.00378484
0.00393578
0.00407377
0.00462869
0.005193
0.00556943
0.00610121
0.00662333
0.00708465
0.00746857
0.00779922
0.00799464
0.00830795
0.00860479
0.00888267
0.00913122
0.00926787
0.00946738
0.00964163
0.00979261
0.00991558
0.00995193
0.0100086
0.0100134
0.00996879
0.0100262
0.0101551
0.0103221
0.0104627
0.0105885
0.0106652
0.0106938
0.0107268
0.0106857
0.010612
0.0105101
0.0103816
0.0102825
0.0101178
0.0099466
0.00978628
0.0096425
0.00948869
0.00935894
0.0091686
0.0089628
0.00875272
0.00854333
0.00840083
0.00826532
0.00817031
0.0081024
0.00805576
