0.000757456
0.00249721
0.015281
0.0269165
0.0341789
0.0339786
0.0349738
0.0342714
0.0322305
0.0290809
0.0194394
0.0143289
0.00937146
0.00854516
0.0127242
0.0179785
0.0293237
0.0394174
0.0502595
0.0617157
0.0737436
0.0899677
0.10227
0.114453
0.126196
0.137154
0.149281
0.157501
0.164085
0.168891
0.171876
0.172961
0.177669
0.187602
0.196321
0.20378
0.209782
0.219531
0.22232
0.223535
0.223141
0.22121
0.222227
0.217271
0.211105
0.203903
0.195829
0.187042
0.180663
0.17159
0.170054
0.168721
0.167723
0.170217
0.169958
0.170146
0.170755
0.17168
0.175128
0.175972
0.176546
0.176704
0.176305
0.175243
0.175533
0.172716
0.168987
0.164409
0.159141
0.155433
0.149156
0.142618
0.13594
0.129211
0.124299
0.122008
0.120834
0.119237
0.117267
0.114903
0.114887
0.111871
0.108527
0.10485
0.100872
0.0990987
0.0944699
0.0895445
0.084351
0.0789195
0.0756151
0.0697045
0.0635806
0.0572699
0.0507856
0.0441785
0.0395928
0.0327908
0.0269819
0.0256414
0.0248028
0.0252924
0.025442
0.0259525
0.0267534
0.0277489
0.0292889
0.0304171
0.0315631
0.0326565
0.0336556
0.0344633
0.035418
0.0356576
0.0354934
0.0348558
0.0337682
0.0328203
0.0308839
0.0285385
0.0268454
0.0258551
0.0249323
0.0236726
0.0222321
0.0206303
0.0188797
0.0170161
0.0166433
0.0177128
0.0183756
0.0186031
0.0225636
0.0256241
0.0289558
0.0318306
0.0341985
0.0360274
0.0370318
0.037827
0.0380189
0.0375246
0.0364664
0.0347646
0.0372005
0.0429593
0.0491375
0.0557068
0.0888397
0.0972969
0.108271
0.111485
0.110682
0.106526
0.0983604
0.0903023
0.0829328
0.0910484
0.100619
0.111348
0.121579
0.133648
0.145834
0.160829
0.18914
0.220567
0.249309
0.277563
0.304924
0.331014
0.358438
0.38102
0.401425
0.419459
0.434961
0.447882
0.461205
0.469004
0.47425
0.477036
0.477236
0.477766
0.472836
0.465513
0.455998
0.44445
0.434169
0.419169
0.402773
0.385179
0.366602
0.347274
0.330283
0.309891
0.289237
0.268585
0.248181
0.243584
0.23521
0.226447
0.217433
0.20827
0.202134
0.192835
0.183614
0.174487
0.165518
0.156803
0.150909
0.14275
0.134944
0.127527
0.120561
0.115978
0.1098
0.104098
0.0988872
0.0942054
0.0914461
0.0877082
0.0845064
0.0818652
0.0797676
0.07821
0.0779565
0.0773206
0.0771562
0.0774381
0.0792753
0.0836416
0.0882662
0.0929213
0.0975638
0.102175
0.106537
0.111062
0.115519
0.119848
0.123963
0.127833
0.131328
0.134673
0.137706
0.140445
0.142863
0.145021
0.146806
0.14823
0.149278
0.149968
0.150565
0.150542
0.154183
0.158349
0.162138
0.165512
0.168218
0.170924
0.173251
0.175187
0.17677
0.177907
0.178777
0.179253
0.179343
0.17907
0.178648
0.177805
0.176666
0.175236
0.173547
0.171606
0.169821
0.167441
0.164859
0.162041
0.159007
0.156275
0.152806
0.14906
0.145045
0.14068
0.136638
0.131488
0.125866
0.119727
0.113041
0.10577
0.0998533
0.0977747
0.095662
0.0934652
0.0912679
0.0893634
0.0853485
0.0835905
0.0817921
0.092364
0.106796
0.122254
0.137499
0.151638
0.164071
0.174469
0.182636
0.188742
0.192705
0.194452
0.200512
0.214618
0.224743
0.232935
0.239137
0.243323
0.247607
0.247824
0.24618
0.242794
0.23777
0.231252
0.225106
0.21598
0.205843
0.194843
0.183162
0.172201
0.15993
0.148229
0.136952
0.126158
0.116101
0.106419
0.0976012
0.0893282
0.0816959
0.074843
0.0679972
0.0629822
0.0620592
0.0613783
0.0608216
0.0613335
0.0605849
0.0599755
0.0616704
0.0628322
0.0642463
0.0641912
0.0633211
0.0616752
0.0594745
0.0567366
0.0547123
0.0513403
0.0477902
0.0441902
0.040695
0.0383313
0.0352354
0.0324268
0.029974
0.02777
0.0263931
0.0244599
0.0227325
0.0212461
0.0200102
0.0189842
0.0184981
0.0176775
0.0170169
0.0165342
0.0162582
0.0169641
0.0194999
0.0221148
0.0248003
0.0275078
0.0290918
0.0318326
0.034549
0.0371993
0.0397703
0.0423246
0.0439546
0.0466103
0.0492372
0.0518482
0.0545166
0.0563652
0.0591777
0.0620867
0.0650448
0.0680816
0.0703111
0.0732656
0.0761469
0.0789855
0.0818107
0.0845945
0.0866805
0.0893615
0.0919017
0.0943246
0.0966409
0.0983299
0.100475
0.102543
0.104528
0.106453
0.107903
0.109722
0.111503
0.113267
0.115007
0.116759
0.118224
0.120088
0.121991
0.123949
0.12599
0.127744
0.129934
0.132256
0.151531
0.154671
0.157443
0.161453
0.161089
0.157639
0.152334
0.145823
0.137677
0.129635
0.121225
0.112651
0.104096
0.0992246
0.0951091
0.0908372
0.0864924
0.0821292
0.0764068
0.0719983
0.0675778
0.0631837
0.0588598
0.0546567
0.0489678
0.0450673
0.0413829
0.0380483
0.0351847
0.0371099
0.0379544
0.0385837
0.038785
0.0384278
0.0388518
0.0381473
0.037316
0.0363411
0.0352145
0.0339759
0.0334574
0.0320149
0.0305012
0.0289368
0.0272942
0.026258
0.0245043
0.022741
0.0209666
0.0191853
0.0179509
0.0161407
0.0143483
0.013106
0.0120985
0.0110359
0.0106907
0.0095324
0.00838623
0.00858083
0.0101504
0.0109772
0.0127232
0.0145099
0.0163302
0.0181972
0.01936
0.0213272
0.023322
0.0253666
0.0274708
0.0296328
0.0311769
0.033467
0.0358153
0.0382018
0.0406015
0.0423982
0.044822
0.0472282
0.0495825
0.0518812
0.0535958
0.0557625
0.0578667
0.0599125
0.0618716
0.0637085
0.065015
0.0665942
0.0680381
0.0693456
0.0705099
0.0712811
0.0721274
0.0727223
0.0731381
0.0734055
0.0734205
0.0734039
0.0732017
0.0727442
0.0720156
0.0710409
0.0699242
0.0684875
0.066808
0.064881
0.0625977
0.0601895
0.0570374
0.0533709
0.049128
0.0445586
0.0438746
0.0431013
0.0422678
0.0415687
0.049467
0.05568
0.0618702
0.0605304
0.0552823
0.0478651
0.0394325
0.0364762
0.0411631
0.0567275
0.0718833
0.0860763
0.100619
0.111763
0.121067
0.12845
0.1339
0.13749
0.140974
0.141205
0.139989
0.137514
0.133966
0.130943
0.125763
0.120031
0.113889
0.107491
0.102064
0.0954381
0.0888712
0.0824414
0.07627
0.0704966
0.0658103
0.0608604
0.0563934
0.0524023
0.0488506
0.0459299
0.0428768
0.0400553
0.0374759
0.0351562
0.0331572
0.0311167
0.0292016
0.0273624
0.0256514
0.0240425
0.0225337
0.0210248
0.0195899
0.0182495
0.0170128
0.0158643
0.0155219
0.0157315
0.0158954
0.0160591
0.016511
0.0165725
0.0166051
0.0166493
0.016709
0.016777
0.0171546
0.0174309
0.0177313
0.0179651
0.0180948
0.0183122
0.0182306
0.0180655
0.0179295
0.0179306
0.0181018
0.0180504
0.0179288
0.0177477
0.0175046
0.0171973
0.0169935
0.0165948
0.0161721
0.0157349
0.0152529
0.0148516
0.0142408
0.0135994
0.0130194
0.012541
0.0122056
0.0117595
0.0113251
0.0108848
0.0104676
0.0101255
0.00998865
0.00983007
0.00965172
0.00944209
0.00918558
0.00898376
0.0087233
0.00849245
0.0083054
0.00816812
0.0081201
0.0081016
0.00816201
0.00829218
0.0084928
0.00913112
0.00985096
0.0107418
0.0116984
0.0126993
0.0137202
0.014582
0.0153953
0.0160418
0.0165593
0.0169791
0.000757456
0.00249834
0.0154587
0.0276171
0.0352843
0.0351375
0.0359685
0.0347297
0.0318598
0.0277154
0.0169671
0.0104255
0.00801444
0.0133076
0.0191234
0.0248107
0.0404425
0.0519607
0.0643519
0.0774427
0.0910145
0.108508
0.122219
0.135554
0.148464
0.160435
0.173336
0.18239
0.189812
0.195418
0.19913
0.200881
0.201795
0.208428
0.217717
0.225789
0.232491
0.242809
0.24614
0.247839
0.247896
0.246321
0.247549
0.242711
0.23653
0.229151
0.220751
0.211593
0.204887
0.19441
0.183473
0.172718
0.171512
0.173693
0.172851
0.17218
0.171598
0.171014
0.172976
0.172125
0.17106
0.16965
0.167689
0.165083
0.164065
0.159877
0.154834
0.148907
0.142189
0.137127
0.12919
0.120882
0.112434
0.104006
0.101474
0.100328
0.0984275
0.0960022
0.0931862
0.0900242
0.0893574
0.0856332
0.0816727
0.0774948
0.0731099
0.0710916
0.0663044
0.0613792
0.0563512
0.0512782
0.0484829
0.0434218
0.0384688
0.0378139
0.0374344
0.0371614
0.0378574
0.0378685
0.0380651
0.0383735
0.0387267
0.0397762
0.0402002
0.0406502
0.0410489
0.0413276
0.0420198
0.0418524
0.0413553
0.0404966
0.0392406
0.0374655
0.0359069
0.0331325
0.0299408
0.0263906
0.0225338
0.0192798
0.0167291
0.0162955
0.015877
0.0153999
0.0150351
0.0145727
0.0158682
0.018892
0.0228302
0.0272233
0.0306399
0.0345631
0.0381785
0.0414424
0.044391
0.0465113
0.0487938
0.0506868
0.0522234
0.0533816
0.0539007
0.0542468
0.0542144
0.0536423
0.0526803
0.0511242
0.0491919
0.0495179
0.0562769
0.0633503
0.0943558
0.10277
0.113683
0.116913
0.116299
0.112555
0.104913
0.0974969
0.0924443
0.100601
0.109975
0.120299
0.129879
0.141075
0.152187
0.16574
0.191473
0.220585
0.246662
0.272258
0.296986
0.320461
0.345573
0.365537
0.383365
0.398893
0.412035
0.422688
0.433997
0.439478
0.442383
0.442769
0.440742
0.439558
0.432995
0.424409
0.41394
0.401758
0.391188
0.376128
0.359921
0.342759
0.324828
0.306348
0.290272
0.27113
0.251917
0.241289
0.234009
0.229594
0.221311
0.212666
0.203786
0.194771
0.188779
0.179676
0.170692
0.16189
0.153388
0.145227
0.139853
0.132374
0.12536
0.118839
0.112846
0.109186
0.104158
0.0997135
0.0958476
0.0925226
0.0908739
0.088241
0.085929
0.0839316
0.0821939
0.0807248
0.0803507
0.0793769
0.0786579
0.078113
0.0821553
0.0862102
0.0904013
0.0945737
0.0987111
0.102779
0.106631
0.11051
0.114259
0.117861
0.121269
0.124477
0.127444
0.130231
0.132714
0.134899
0.136772
0.138454
0.139688
0.140578
0.141107
0.141296
0.141501
0.143923
0.148369
0.152422
0.15601
0.159147
0.161636
0.164062
0.166108
0.167779
0.169103
0.170071
0.17086
0.17127
0.171242
0.170813
0.170217
0.169119
0.167711
0.166042
0.164113
0.161927
0.159938
0.157313
0.154446
0.151333
0.148008
0.145035
0.141344
0.137418
0.133208
0.128683
0.124568
0.119454
0.114009
0.108199
0.102009
0.0968603
0.0959212
0.0949409
0.0939737
0.0930644
0.0922122
0.0913956
0.0884376
0.0875239
0.0863343
0.0973381
0.112057
0.127747
0.143121
0.157347
0.169972
0.180733
0.189333
0.195955
0.200298
0.202305
0.20193
0.214516
0.225102
0.233766
0.240405
0.244996
0.249588
0.250101
0.248673
0.245409
0.240424
0.233894
0.227689
0.21841
0.208052
0.196834
0.184941
0.173779
0.161252
0.149287
0.137741
0.126635
0.116341
0.106397
0.0973192
0.0889976
0.0812979
0.0741555
0.0666459
0.0609116
0.0597414
0.0589928
0.0584832
0.0591764
0.0587034
0.0582891
0.058885
0.0602997
0.061901
0.0623003
0.0621446
0.0614092
0.060061
0.0581937
0.0568763
0.054245
0.0514066
0.0485147
0.0456936
0.0438742
0.041357
0.0390697
0.0370469
0.0351646
0.0340908
0.032524
0.0311496
0.0299741
0.0289258
0.0280361
0.0277371
0.0271875
0.0268212
0.0265549
0.0268909
0.027825
0.029861
0.0317573
0.0335392
0.0353101
0.0360694
0.0378575
0.0397017
0.0415849
0.0434908
0.0454303
0.0465759
0.0487138
0.0509279
0.0532347
0.0556413
0.0572961
0.0599073
0.0626037
0.0653339
0.068092
0.0700648
0.0728614
0.0756809
0.0785291
0.0812884
0.0839089
0.0858376
0.0883929
0.0908305
0.0930951
0.0952638
0.0968474
0.098919
0.101009
0.103078
0.1051
0.106646
0.108596
0.110529
0.112433
0.114291
0.116096
0.117512
0.119259
0.121029
0.122849
0.1247
0.126251
0.128213
0.130351
0.149461
0.152436
0.155103
0.159125
0.158909
0.155631
0.150326
0.143636
0.135245
0.126855
0.118003
0.108867
0.0996605
0.0901877
0.0858496
0.081665
0.0776619
0.0738468
0.0687457
0.0652581
0.0620638
0.0591272
0.0563977
0.0538909
0.0498105
0.0477258
0.0457184
0.0439255
0.0424108
0.0444216
0.0464169
0.048132
0.0491644
0.0491908
0.0496185
0.0486444
0.0472923
0.0455757
0.043591
0.0413979
0.0400128
0.0375437
0.0349298
0.0321989
0.0293754
0.0273911
0.0246389
0.0219899
0.0194313
0.0169869
0.0152717
0.01409
0.0131284
0.0121834
0.0112161
0.0102977
0.0101796
0.00940867
0.0101503
0.0116585
0.0132309
0.0140379
0.0157702
0.0175896
0.0194802
0.0214178
0.0226377
0.0246789
0.0267572
0.0288801
0.031033
0.0332016
0.0347205
0.0369163
0.0390887
0.0412362
0.0433679
0.044906
0.047002
0.0490601
0.0510658
0.053008
0.0543931
0.0561734
0.0578751
0.0594884
0.0609886
0.0624006
0.0634113
0.0647157
0.0659195
0.0669937
0.0679432
0.0685507
0.0693002
0.0699329
0.0704539
0.0708301
0.0708927
0.0708638
0.0706073
0.0701246
0.0694166
0.0684821
0.0673951
0.0659545
0.064179
0.0620249
0.0594662
0.0568412
0.0534665
0.0496001
0.0451424
0.0400895
0.0394631
0.0392338
0.0390733
0.0424243
0.0509974
0.0578344
0.0644454
0.0633879
0.0583056
0.0509292
0.0424232
0.0374785
0.0412849
0.0564471
0.0720402
0.0866401
0.101516
0.113013
0.122638
0.130307
0.136018
0.139832
0.143483
0.14388
0.142815
0.140479
0.137059
0.134126
0.129011
0.123316
0.117196
0.110798
0.105351
0.0986787
0.0920516
0.0855493
0.0792939
0.0734342
0.06868
0.063608
0.0589146
0.0545785
0.0505624
0.0472435
0.0438676
0.0408321
0.038112
0.0356439
0.0335058
0.0313483
0.0293951
0.027683
0.02618
0.0248563
0.023712
0.0227346
0.0219268
0.0212387
0.0206105
0.0199834
0.0195162
0.0191383
0.0188543
0.0186446
0.0183867
0.0182783
0.0182051
0.0182313
0.0183589
0.018544
0.0185673
0.0186715
0.0187104
0.0186332
0.0184047
0.0180668
0.0178444
0.017603
0.0173344
0.0170416
0.016681
0.0163669
0.0160642
0.0157704
0.0154679
0.0151517
0.014811
0.0145462
0.014342
0.0142411
0.0142177
0.0141718
0.0142509
0.0143476
0.0143553
0.0142792
0.0143468
0.0142774
0.014148
0.0139688
0.0137717
0.0135823
0.0134542
0.0132
0.012934
0.0126798
0.0124666
0.0123609
0.0122383
0.0121265
0.0120517
0.0120263
0.0120821
0.0122771
0.012561
0.0129271
0.0133812
0.0139088
0.0144566
0.0151921
0.0160211
0.0169594
0.017991
0.0188844
0.0197924
0.0206074
0.021326
0.0219541
0.000757456
0.00227757
0.0143567
0.0254515
0.0320063
0.0309027
0.0304691
0.0280091
0.0241222
0.0191455
0.00864309
0.00832042
0.00826755
0.0147491
0.024081
0.0344705
0.0508799
0.0629573
0.0758105
0.0893603
0.103394
0.121377
0.135705
0.149815
0.163432
0.17604
0.189468
0.198987
0.206733
0.212485
0.216188
0.217835
0.218566
0.218742
0.228563
0.236971
0.243755
0.254104
0.257472
0.259156
0.259049
0.257205
0.25814
0.252904
0.24623
0.238262
0.229145
0.219042
0.211258
0.199442
0.18718
0.174669
0.169641
0.171017
0.169298
0.167823
0.166591
0.165592
0.167389
0.166564
0.165752
0.16483
0.163601
0.161896
0.16174
0.158568
0.154515
0.149538
0.143699
0.13934
0.132183
0.124697
0.117068
0.109425
0.109408
0.108736
0.107401
0.105504
0.103134
0.100352
0.0999271
0.0963874
0.0925322
0.0884149
0.0840717
0.0820229
0.0771055
0.0719364
0.0665493
0.0609244
0.0574208
0.0512291
0.0448111
0.0382998
0.0317344
0.0251456
0.0235497
0.0217405
0.0207445
0.0234669
0.0258285
0.0275698
0.029254
0.0306052
0.03164
0.0323706
0.0343356
0.0381169
0.0412307
0.043523
0.0450231
0.0457781
0.0452873
0.0448204
0.0436958
0.0419166
0.0396426
0.0391375
0.038275
0.0368423
0.0348272
0.0322491
0.0294906
0.026027
0.0222458
0.0183244
0.0143667
0.0111479
0.0100316
0.0096273
0.00985602
0.0105109
0.0115178
0.0125177
0.0142771
0.0174157
0.0201584
0.0223762
0.0237349
0.0248279
0.02524
0.0249033
0.0255734
0.0259183
0.0259882
0.0255901
0.0244486
0.025707
0.0611877
0.0701292
0.0817952
0.0858721
0.0863258
0.0838231
0.0771708
0.0708044
0.0633903
0.0551249
0.0518624
0.0641266
0.0756179
0.0892172
0.102939
0.121436
0.15017
0.182182
0.211826
0.241132
0.269593
0.29683
0.325295
0.349114
0.370784
0.390061
0.406704
0.420635
0.434714
0.443217
0.449027
0.452299
0.453028
0.454035
0.449617
0.442784
0.433815
0.422907
0.413302
0.399211
0.383869
0.367469
0.350233
0.332373
0.316762
0.298117
0.279434
0.260882
0.242596
0.23664
0.228916
0.220875
0.212583
0.204081
0.19849
0.189822
0.18125
0.172816
0.164619
0.156701
0.151494
0.144154
0.13723
0.130757
0.124775
0.121078
0.115946
0.11134
0.107275
0.103782
0.102058
0.099434
0.0972716
0.0956048
0.0944143
0.0936194
0.0938425
0.0935906
0.0936529
0.0939175
0.0943477
0.0953394
0.0958928
0.0964628
0.0977468
0.102577
0.107073
0.111621
0.11596
0.120046
0.123844
0.127349
0.130497
0.133426
0.135981
0.138182
0.140014
0.141645
0.142838
0.143715
0.144315
0.144659
0.145047
0.144925
0.144567
0.143966
0.143151
0.145427
0.148178
0.151015
0.153578
0.155823
0.15774
0.159206
0.160511
0.161564
0.162393
0.162978
0.163356
0.163463
0.163314
0.162908
0.162231
0.161292
0.160391
0.158964
0.157287
0.155329
0.153128
0.151111
0.148427
0.145392
0.142036
0.138297
0.134791
0.130269
0.125317
0.119906
0.114003
0.107571
0.103006
0.101728
0.100459
0.0992316
0.0980917
0.0971475
0.0941594
0.09322
0.0920685
0.103173
0.118031
0.133949
0.149603
0.16411
0.177044
0.188139
0.197055
0.204155
0.209256
0.212428
0.216064
0.230592
0.2412
0.249872
0.256574
0.261319
0.266139
0.267037
0.266119
0.263438
0.259064
0.253125
0.24738
0.238549
0.228534
0.2175
0.205641
0.194402
0.182005
0.170456
0.158966
0.147598
0.136895
0.126122
0.115342
0.104856
0.0949092
0.0859237
0.0809889
0.0778009
0.0745468
0.0713019
0.0678853
0.0628477
0.0620271
0.0616265
0.0611094
0.0604162
0.0603947
0.059127
0.0574704
0.0554514
0.0530388
0.0502704
0.048303
0.0451335
0.0419312
0.0388645
0.0360426
0.0343249
0.0319931
0.0299248
0.0281423
0.0266591
0.02603
0.0250491
0.0261937
0.0281074
0.0302255
0.0325306
0.033588
0.0361813
0.0388441
0.0415242
0.0442282
0.0456602
0.0484194
0.0511879
0.0539356
0.0566622
0.0583153
0.0611834
0.0641343
0.0671989
0.0703689
0.0736517
0.0759725
0.0794714
0.0830139
0.0865541
0.0900739
0.0925592
0.0958943
0.0991591
0.102379
0.105578
0.107895
0.110983
0.113915
0.116713
0.119359
0.121818
0.123516
0.125697
0.127677
0.129461
0.131062
0.132069
0.133394
0.134605
0.135672
0.13661
0.137165
0.137991
0.138755
0.139443
0.140049
0.140568
0.140835
0.141227
0.141585
0.141929
0.142304
0.142644
0.14329
0.14415
0.16205
0.163906
0.165657
0.168621
0.16732
0.163004
0.156765
0.149262
0.140227
0.131125
0.121695
0.11215
0.102617
0.0920732
0.0826798
0.0736309
0.0649689
0.0579356
0.0526069
0.0487934
0.0452724
0.0420972
0.0392814
0.0368396
0.0349751
0.0386641
0.0418372
0.044494
0.0466351
0.0492497
0.0504757
0.051282
0.0514412
0.0507985
0.0507794
0.0493944
0.0477399
0.045981
0.0442461
0.0423835
0.0412658
0.0390623
0.0366619
0.0340221
0.031239
0.0291606
0.026113
0.0230465
0.0199956
0.0169634
0.0177571
0.0178167
0.017952
0.0181443
0.0184146
0.0187569
0.0197272
0.0201634
0.0210427
0.0230027
0.0248984
0.0258696
0.0276633
0.0293998
0.0310731
0.0326733
0.0334995
0.0349754
0.0363961
0.0377533
0.0390352
0.0402408
0.040822
0.0418647
0.0428078
0.0436573
0.0444171
0.044704
0.0453286
0.0458726
0.0463366
0.0467163
0.0467325
0.0469716
0.0471342
0.0472091
0.0472185
0.0471815
0.046942
0.0468289
0.0466729
0.0464862
0.0462792
0.04595
0.0457041
0.0454099
0.0450524
0.0446083
0.0440285
0.0433673
0.042589
0.0416502
0.0405013
0.039131
0.0376619
0.035762
0.0335091
0.0308615
0.0277914
0.0247088
0.0208266
0.0182851
0.0171842
0.0160044
0.0149446
0.0136891
0.0148085
0.020758
0.0301901
0.0385587
0.046488
0.0482257
0.0432797
0.0333003
0.0340502
0.0395497
0.0442646
0.0483195
0.0517431
0.0641729
0.0800489
0.0926649
0.103398
0.112175
0.119008
0.123955
0.128587
0.130107
0.130157
0.12891
0.126575
0.124593
0.120567
0.115964
0.110932
0.105605
0.101063
0.0953742
0.0896876
0.0840855
0.0786666
0.0735307
0.069308
0.0647486
0.0604908
0.0565305
0.0528549
0.0497923
0.0466489
0.0437755
0.0411725
0.0388186
0.0368333
0.0349231
0.0332288
0.0317088
0.0303357
0.0290779
0.0279365
0.0269036
0.0259635
0.0251147
0.0243931
0.0237373
0.0232763
0.0229491
0.0227461
0.0226441
0.0224705
0.0224391
0.0224311
0.0224705
0.022581
0.0227703
0.0228807
0.0232083
0.0235336
0.0237955
0.0240121
0.0240391
0.024093
0.024075
0.0239905
0.0238809
0.0237141
0.0236746
0.0236515
0.0236338
0.0236126
0.0235933
0.0235098
0.0235245
0.0235527
0.0236036
0.0236664
0.0236797
0.0237978
0.0239434
0.0241347
0.0243655
0.0245499
0.0249235
0.0253687
0.0257986
0.0262146
0.0266705
0.0270529
0.0275063
0.0279185
0.0282822
0.0285758
0.0287593
0.0289392
0.029067
0.0291622
0.029234
0.0292687
0.0293069
0.0293581
0.0294422
0.0295815
0.0297779
0.0299959
0.0303253
0.0306647
0.0309513
0.0312613
0.0315877
0.0320493
0.0325868
0.0331219
0.0336076
0.000757456
0.00249778
0.0152816
0.0270926
0.0344292
0.0339658
0.0344109
0.0329374
0.0298799
0.0252812
0.0141778
0.00963816
0.0090704
0.0107791
0.0175704
0.0277467
0.0439035
0.0557036
0.0682147
0.0812832
0.0949143
0.112548
0.126478
0.140334
0.153603
0.165914
0.1789
0.187969
0.195195
0.200492
0.203886
0.205415
0.206158
0.203783
0.212486
0.22051
0.227103
0.237357
0.240697
0.242438
0.242508
0.24094
0.242136
0.237207
0.230884
0.223348
0.214774
0.205343
0.198232
0.187154
0.175555
0.165154
0.163497
0.165244
0.163954
0.16297
0.162282
0.161841
0.164129
0.163832
0.163463
0.162871
0.161881
0.160298
0.160129
0.156821
0.15261
0.147497
0.141597
0.137284
0.13026
0.122911
0.115448
0.108
0.109903
0.10876
0.10697
0.104716
0.102131
0.0992359
0.0988114
0.0953755
0.0917048
0.0878086
0.0836994
0.081907
0.0774023
0.0727594
0.0680138
0.063183
0.0605508
0.0556258
0.0507805
0.0460452
0.0415618
0.0407957
0.0410713
0.0405237
0.0400757
0.0397051
0.0394374
0.0399859
0.0398062
0.0396504
0.0395572
0.0394458
0.039874
0.0394987
0.0388822
0.0379912
0.0367876
0.0352358
0.0339955
0.0315475
0.028624
0.0253125
0.0217563
0.0188463
0.01625
0.0162747
0.0161721
0.0160838
0.0160084
0.0158183
0.0178201
0.0205798
0.0233184
0.0261095
0.0284018
0.0312402
0.0339622
0.0370866
0.0401414
0.0424561
0.0450449
0.0473606
0.0493792
0.0510851
0.0521762
0.0532191
0.0538351
0.0539833
0.0536386
0.0527615
0.0514271
0.0506096
0.0586271
0.0671316
0.0987148
0.108291
0.120673
0.125323
0.126072
0.12355
0.116716
0.110037
0.113974
0.124173
0.135657
0.14802
0.159345
0.172423
0.185193
0.208535
0.238041
0.270292
0.299719
0.328379
0.355869
0.381809
0.408873
0.430779
0.450205
0.467013
0.481101
0.492377
0.504018
0.509564
0.512314
0.512351
0.509657
0.507619
0.499767
0.489598
0.477308
0.463081
0.450532
0.433035
0.414225
0.394272
0.37339
0.351779
0.332848
0.31035
0.287689
0.264894
0.254987
0.249376
0.239619
0.229385
0.2188
0.207946
0.200265
0.189197
0.178218
0.167408
0.156889
0.146737
0.139695
0.130408
0.121678
0.113545
0.106065
0.101187
0.0948332
0.0890982
0.0839771
0.079487
0.0769357
0.0734204
0.0704363
0.0680069
0.0661141
0.0647639
0.0646461
0.0640241
0.0675057
0.0716446
0.0758697
0.0799958
0.0843494
0.0887279
0.0931002
0.0974597
0.101579
0.105763
0.109787
0.113603
0.117191
0.120555
0.123618
0.126487
0.129068
0.131341
0.13323
0.134885
0.136087
0.136977
0.137541
0.137733
0.137894
0.140918
0.144818
0.148287
0.151381
0.154125
0.156296
0.158392
0.160171
0.161653
0.162879
0.163809
0.164522
0.164907
0.165013
0.164839
0.164541
0.163825
0.1628
0.161492
0.159953
0.158158
0.156462
0.154177
0.151715
0.149049
0.146199
0.143664
0.140457
0.137007
0.133301
0.129263
0.125567
0.120868
0.115753
0.110175
0.104155
0.0976735
0.0917282
0.0903644
0.0892271
0.0881963
0.0873121
0.086637
0.0840257
0.0835428
0.0829305
0.0946351
0.110058
0.126624
0.142906
0.158049
0.171611
0.183323
0.192751
0.20037
0.205926
0.209357
0.210529
0.223888
0.234995
0.244169
0.25133
0.256454
0.261521
0.262587
0.261708
0.258994
0.254558
0.248551
0.242756
0.233878
0.223811
0.212762
0.200885
0.189596
0.176877
0.164661
0.152572
0.140673
0.129488
0.118021
0.107049
0.0967066
0.0870774
0.0782022
0.0695871
0.0621392
0.0561876
0.0539148
0.0522415
0.053203
0.0547759
0.0562892
0.0577227
0.0590157
0.060775
0.0614474
0.0615486
0.0610434
0.0599636
0.0583091
0.057094
0.0545444
0.0516661
0.0485482
0.0453538
0.0431512
0.0401408
0.0372788
0.0345834
0.0320969
0.0305478
0.0284366
0.0264868
0.0247606
0.0232268
0.0242064
0.0246423
0.0265549
0.028595
0.0307318
0.0329627
0.0340305
0.0364214
0.0389131
0.0414777
0.0440489
0.0455215
0.048157
0.0508501
0.0536305
0.0565017
0.0594473
0.0614401
0.0645554
0.0677662
0.0710721
0.074469
0.0769747
0.0804858
0.0839564
0.0874239
0.0909127
0.0934789
0.0968553
0.100161
0.103384
0.10652
0.109579
0.111872
0.114779
0.117555
0.120209
0.122711
0.124522
0.126733
0.128805
0.13075
0.132559
0.13382
0.135345
0.136745
0.138007
0.139146
0.140205
0.140971
0.141982
0.143034
0.144113
0.145217
0.146125
0.147327
0.148623
0.166868
0.168998
0.170936
0.174059
0.17288
0.168668
0.162488
0.15499
0.145959
0.136916
0.12752
0.117968
0.108442
0.0980145
0.093653
0.0902153
0.0868971
0.0835205
0.0786928
0.0753737
0.0720821
0.0688034
0.0655851
0.0624336
0.0576487
0.0547389
0.051962
0.0493301
0.0467914
0.0488359
0.0499152
0.0505313
0.0504598
0.0494978
0.0491729
0.0474238
0.0455355
0.0436647
0.0417705
0.0398905
0.038824
0.0366946
0.0343493
0.0317819
0.0290438
0.026998
0.0240743
0.0212161
0.0183761
0.0154923
0.0133572
0.0116727
0.0110618
0.0104998
0.0099455
0.00943259
0.00967268
0.00930487
0.00933838
0.0108313
0.0123197
0.0130235
0.0146348
0.0163059
0.0179953
0.0197292
0.0207642
0.0225575
0.0243534
0.0261612
0.0279705
0.0297719
0.0309558
0.0327764
0.0345928
0.0363837
0.0381277
0.0393165
0.0409933
0.0426018
0.0441353
0.0455883
0.0465644
0.0479068
0.049181
0.0503828
0.051529
0.0526336
0.0533886
0.0544124
0.0553931
0.0563324
0.0572132
0.0577904
0.0585365
0.0591917
0.059751
0.0602151
0.0604377
0.0607014
0.06084
0.0608286
0.0606178
0.0601379
0.059415
0.0583779
0.0570003
0.0552523
0.0530953
0.0507972
0.0477861
0.0442419
0.0401082
0.0353549
0.0306392
0.0246905
0.0275969
0.0333296
0.0422123
0.049414
0.056397
0.0558215
0.0512334
0.0444501
0.0376707
0.0421956
0.0458985
0.0540885
0.0697334
0.0843688
0.0992563
0.110762
0.1204
0.1281
0.133867
0.137758
0.141464
0.141912
0.140885
0.138568
0.135142
0.132185
0.127034
0.1213
0.115131
0.108664
0.103141
0.0963764
0.0896508
0.0830547
0.0766992
0.0707066
0.0657896
0.0604971
0.0555942
0.0510888
0.0469895
0.0436432
0.0402673
0.0372455
0.0345535
0.032156
0.0301454
0.0282153
0.0265319
0.0251184
0.0239753
0.0230369
0.0221806
0.021489
0.0209371
0.0205223
0.0202017
0.0198329
0.0196181
0.0194724
0.019384
0.0192909
0.0190405
0.0188838
0.0187445
0.0186746
0.0186879
0.0187536
0.0186881
0.0187883
0.0189469
0.019159
0.0194207
0.0195755
0.0199085
0.0202444
0.0205429
0.0208452
0.0210369
0.0213497
0.0216463
0.0219818
0.0223459
0.0227185
0.0229726
0.0233444
0.0237225
0.0241187
0.0245557
0.0249183
0.0254676
0.0260705
0.0266891
0.0273121
0.0278159
0.0284462
0.0290955
0.0297457
0.0303964
0.0310537
0.031596
0.0322539
0.0328829
0.0334752
0.0340504
0.0345157
0.0351145
0.0357535
0.0363463
0.0368176
0.0370681
0.0372722
0.0373573
0.0373048
0.0371734
0.0370104
0.0368486
0.0366646
0.0365056
0.0363747
0.0362733
0.0362176
0.036202
0.0362491
0.0364021
0.0366697
0.000757456
0.00245588
0.0150675
0.0268927
0.0342311
0.0338061
0.0341381
0.0324
0.02912
0.0246789
0.0137964
0.0097079
0.0090813
0.0116088
0.0179847
0.0280654
0.0441216
0.0559731
0.0686381
0.082002
0.0959328
0.113691
0.12774
0.141617
0.1548
0.167055
0.180116
0.189249
0.196603
0.202055
0.205531
0.207046
0.20772
0.207402
0.217087
0.225537
0.232593
0.24326
0.247004
0.249036
0.249289
0.247804
0.24905
0.244183
0.237917
0.230395
0.221774
0.212234
0.20505
0.193999
0.182573
0.170984
0.168918
0.171268
0.170729
0.170497
0.17049
0.170647
0.173353
0.173373
0.173178
0.17265
0.171605
0.169823
0.16941
0.165783
0.161178
0.155639
0.149291
0.144633
0.137177
0.129292
0.12119
0.112993
0.106828
0.102077
0.10068
0.0987656
0.0964243
0.0936363
0.0931804
0.0896369
0.0858109
0.0817312
0.0775034
0.0756787
0.0711875
0.0665779
0.0618538
0.0570777
0.0544902
0.049553
0.0445454
0.0394643
0.0379247
0.0370115
0.0372534
0.036748
0.0364618
0.0363134
0.0362347
0.0369335
0.0369895
0.0371087
0.0373516
0.0378224
0.038901
0.0394088
0.0398191
0.0400261
0.0399205
0.0394413
0.0391146
0.037646
0.0355322
0.0326784
0.0291389
0.0259595
0.0214459
0.0200133
0.0201731
0.0201848
0.0202567
0.0203507
0.0241634
0.0281321
0.0319964
0.0357369
0.038565
0.0417691
0.0446963
0.0473419
0.0498378
0.0517651
0.0537637
0.0553817
0.0566347
0.0575223
0.0579697
0.0582685
0.0582327
0.0578201
0.057032
0.055847
0.054486
0.0525727
0.0582104
0.0676431
0.103955
0.113439
0.12553
0.129765
0.129973
0.126951
0.119731
0.112577
0.104257
0.109648
0.119766
0.130975
0.141374
0.153433
0.16528
0.185937
0.213225
0.243415
0.270342
0.296363
0.321101
0.344181
0.368664
0.387591
0.404032
0.417826
0.428886
0.437142
0.446178
0.448893
0.448965
0.446536
0.441713
0.438152
0.428898
0.41768
0.404693
0.390132
0.377568
0.360368
0.342174
0.323135
0.303444
0.283277
0.265805
0.245189
0.234224
0.226938
0.219061
0.214146
0.205325
0.196182
0.18683
0.177357
0.17099
0.161492
0.152156
0.143051
0.134284
0.125908
0.120421
0.112907
0.105931
0.0995211
0.0937308
0.0902985
0.0855214
0.081274
0.0775516
0.0743733
0.0728999
0.0705154
0.0685455
0.0670153
0.0659091
0.0652493
0.0657173
0.065846
0.0682659
0.0727143
0.077269
0.081667
0.0863095
0.0909719
0.0956155
0.100192
0.104466
0.108817
0.112996
0.116949
0.120634
0.124053
0.127136
0.129977
0.132486
0.134686
0.136547
0.138209
0.139429
0.140308
0.140888
0.141149
0.141424
0.145222
0.149359
0.153031
0.156319
0.159221
0.161531
0.163774
0.16566
0.167211
0.168457
0.169387
0.170111
0.170526
0.170681
0.170557
0.170314
0.169642
0.168629
0.167325
0.165764
0.163949
0.162288
0.160016
0.157526
0.154819
0.151911
0.149298
0.145986
0.142426
0.138622
0.134524
0.130798
0.126051
0.120829
0.11508
0.108825
0.102053
0.0988438
0.0970159
0.0952121
0.0934285
0.0915818
0.0898549
0.0859102
0.0840777
0.0820597
0.0923122
0.106396
0.121363
0.136016
0.149468
0.161245
0.17104
0.178623
0.18395
0.187064
0.188055
0.197358
0.211197
0.221037
0.228961
0.2349
0.238856
0.24298
0.243055
0.241303
0.237828
0.232746
0.226222
0.220097
0.211026
0.201016
0.190249
0.178842
0.168122
0.156134
0.144573
0.13325
0.122293
0.112086
0.101984
0.0923353
0.083346
0.0751512
0.0678153
0.0652754
0.0633472
0.0618973
0.0609534
0.0605951
0.0617666
0.0621441
0.0644392
0.0666409
0.0684441
0.0705342
0.0716032
0.0720846
0.0718874
0.070893
0.0691525
0.0677626
0.0649124
0.0617289
0.0583183
0.0546547
0.0519242
0.0482257
0.0446188
0.0411726
0.0378408
0.0355073
0.0325304
0.0297922
0.0273144
0.0251041
0.0231952
0.0221042
0.0206693
0.0193314
0.0180926
0.0186009
0.0192154
0.0211112
0.0230358
0.025013
0.0269746
0.0278845
0.0298871
0.0319256
0.0340158
0.0361446
0.0382964
0.0395622
0.0418282
0.0441521
0.04649
0.0488798
0.0504515
0.0528967
0.0553895
0.0579129
0.0604891
0.0623478
0.0650485
0.0677961
0.0705954
0.0734577
0.0763575
0.0786173
0.0816237
0.0846422
0.0876731
0.0906836
0.0930042
0.0959139
0.0987888
0.101593
0.104338
0.1065
0.109145
0.111742
0.114285
0.116809
0.119331
0.121416
0.123972
0.126548
0.129161
0.131802
0.134054
0.136778
0.139562
0.159268
0.16287
0.166102
0.170664
0.170855
0.167902
0.162858
0.156389
0.148137
0.13981
0.130942
0.121734
0.11233
0.101792
0.0943544
0.0896005
0.0847455
0.0800004
0.0740838
0.0695983
0.0652752
0.0611828
0.0573264
0.0536987
0.0485199
0.0452318
0.0422297
0.0394265
0.0367955
0.0362593
0.0373562
0.0381274
0.0384068
0.0380721
0.0384719
0.0377452
0.0368412
0.035761
0.0345232
0.0331619
0.0325277
0.0309886
0.0294428
0.0278625
0.0262457
0.0252677
0.0235861
0.0219036
0.0202342
0.0190156
0.0192494
0.0184958
0.0177252
0.0169085
0.0160783
0.0151917
0.0149496
0.0138934
0.0139296
0.0158545
0.0178606
0.0190486
0.0212108
0.0234413
0.0257422
0.0281218
0.0297633
0.032311
0.0348971
0.0375241
0.040193
0.0429062
0.0449073
0.0476389
0.0503163
0.0529341
0.0554994
0.0573915
0.0598643
0.0622708
0.0645863
0.0667994
0.0684102
0.0704225
0.0722929
0.0740067
0.07556
0.0769526
0.0778702
0.0789889
0.079957
0.0807469
0.08133
0.0815741
0.0818522
0.0819453
0.0818287
0.0814576
0.0808322
0.0800118
0.078981
0.0777455
0.0763205
0.0746954
0.0730458
0.0710426
0.0687476
0.0661242
0.0631771
0.0602683
0.0565718
0.0523439
0.0475826
0.0461239
0.0453002
0.0443866
0.0434853
0.0426508
0.0499144
0.0561893
0.0624056
0.0610709
0.0557973
0.0482891
0.0396633
0.0332095
0.0373149
0.0530196
0.0683098
0.0826019
0.0971942
0.108374
0.117692
0.125071
0.130512
0.134085
0.137534
0.137725
0.136477
0.133958
0.130359
0.127289
0.12205
0.116282
0.110157
0.103829
0.0985048
0.0920295
0.0856621
0.0794759
0.0736148
0.0682683
0.0640191
0.0595202
0.0554358
0.0517422
0.0483318
0.0454065
0.042327
0.0394388
0.0367393
0.0342524
0.0321132
0.0299435
0.0279588
0.026135
0.0244088
0.0228066
0.0213785
0.0200292
0.0188162
0.0177182
0.0166794
0.0161033
0.0167823
0.0175115
0.0183212
0.0189976
0.0198389
0.0203205
0.0207129
0.0211172
0.0214546
0.0215181
0.0215887
0.0211895
0.0206993
0.0202138
0.019771
0.0196563
0.0193706
0.0191653
0.0189692
0.0187645
0.0187272
0.0184669
0.0181722
0.017842
0.0174734
0.01709
0.0168651
0.0164766
0.0160994
0.015745
0.0154211
0.0152554
0.0150005
0.0147934
0.0146042
0.0144945
0.0145605
0.0145357
0.0144286
0.0143123
0.0141815
0.0140746
0.0140919
0.0140812
0.0140839
0.0140641
0.0140049
0.0139615
0.0138363
0.0136833
0.0135197
0.0133299
0.0131517
0.012895
0.0126375
0.0123975
0.0122118
0.0120855
0.0120219
0.0119397
0.0118538
0.011786
0.0117535
0.0117738
0.011823
0.0119057
0.0122454
0.0125782
0.000757456
0.00249778
0.0152816
0.0270926
0.0344298
0.0339428
0.0343088
0.0325706
0.0291272
0.0243169
0.0130647
0.00905821
0.00806171
0.0117474
0.0201276
0.0307253
0.0472461
0.0594728
0.0724698
0.0860927
0.100257
0.118279
0.132682
0.146999
0.160624
0.173365
0.186666
0.195964
0.203419
0.208862
0.212277
0.213648
0.214157
0.211898
0.221549
0.229941
0.236883
0.247374
0.250919
0.252776
0.25283
0.251151
0.252228
0.247149
0.240611
0.23277
0.223856
0.214063
0.206652
0.195319
0.183535
0.171423
0.16765
0.169141
0.167505
0.166124
0.164987
0.164033
0.165781
0.164765
0.163637
0.162277
0.160512
0.158199
0.1575
0.153697
0.149032
0.143489
0.137118
0.132359
0.12472
0.116679
0.108439
0.100178
0.0985641
0.0977099
0.0963811
0.0946135
0.0924576
0.089896
0.0895908
0.0860263
0.0820699
0.0777738
0.0731977
0.0709663
0.0659161
0.0607065
0.0553551
0.0498745
0.0466193
0.0409734
0.0378433
0.0365051
0.0353307
0.0343273
0.0345448
0.0342034
0.0342519
0.034675
0.0353445
0.0367902
0.0377427
0.0387781
0.039855
0.0409173
0.0423733
0.0431361
0.0435715
0.0435959
0.0431405
0.0421255
0.0411995
0.0389663
0.0360601
0.0325264
0.0283716
0.0246577
0.0196052
0.0142685
0.0121474
0.0122255
0.0134543
0.0172436
0.0214246
0.0257235
0.0297772
0.0336517
0.0366559
0.0401044
0.0432273
0.0460127
0.0484376
0.0502132
0.0521847
0.053831
0.0551348
0.0560965
0.0565892
0.0569062
0.0568949
0.0565475
0.0558405
0.0547544
0.0534752
0.0531266
0.0620634
0.0718085
0.108311
0.11794
0.130274
0.134704
0.135087
0.132233
0.125065
0.117879
0.112261
0.122121
0.133282
0.145331
0.156409
0.169153
0.181737
0.202431
0.23156
0.263359
0.292162
0.320073
0.346677
0.37159
0.397612
0.418186
0.436195
0.451487
0.463922
0.473423
0.483423
0.487055
0.487857
0.485944
0.481425
0.477966
0.468707
0.457338
0.444081
0.429102
0.416102
0.3983
0.379386
0.359537
0.338929
0.317711
0.299254
0.277456
0.255631
0.240556
0.232259
0.226906
0.217517
0.20772
0.197582
0.187197
0.179923
0.169315
0.15882
0.148506
0.138483
0.128804
0.122134
0.113224
0.104835
0.0970057
0.0897879
0.0851088
0.0789595
0.0734316
0.068522
0.0642433
0.0618973
0.0587028
0.0561044
0.0541188
0.0527252
0.0549774
0.05848
0.062308
0.0663711
0.0706189
0.0750524
0.0794497
0.0841811
0.0890349
0.0939402
0.0988509
0.103484
0.108314
0.113069
0.117696
0.12213
0.126325
0.130093
0.133723
0.136986
0.139896
0.14241
0.144585
0.146304
0.147622
0.148571
0.149165
0.149925
0.154423
0.158463
0.162034
0.16521
0.167963
0.170073
0.172033
0.173578
0.17478
0.175674
0.176281
0.176629
0.176649
0.17632
0.17566
0.174913
0.173691
0.172195
0.170449
0.168475
0.166276
0.164301
0.161717
0.158951
0.155986
0.152851
0.150063
0.146558
0.142806
0.138782
0.134404
0.13035
0.125227
0.119709
0.113795
0.107478
0.100725
0.0971163
0.0959063
0.0946714
0.0934276
0.0922213
0.0911954
0.0881812
0.087393
0.0865209
0.0979511
0.113031
0.129038
0.144614
0.158938
0.171586
0.18228
0.190731
0.197177
0.201556
0.203979
0.206373
0.220894
0.231527
0.24031
0.247152
0.252008
0.256884
0.257769
0.256769
0.253987
0.249574
0.243711
0.238122
0.229566
0.219895
0.209247
0.19777
0.186822
0.174489
0.162635
0.151158
0.140259
0.130076
0.11973
0.109442
0.0992498
0.0892417
0.0797272
0.0704612
0.0663315
0.0643253
0.062294
0.0611509
0.0623447
0.0623901
0.0622931
0.0619839
0.0613437
0.0613571
0.0600748
0.0584003
0.0563172
0.053857
0.0510723
0.049099
0.0459771
0.0427905
0.03979
0.0371241
0.0355408
0.0333223
0.031326
0.0294996
0.0277784
0.0267754
0.027138
0.0290128
0.0309001
0.0328782
0.0350235
0.0359337
0.0383169
0.0407713
0.0432861
0.0459081
0.0473656
0.0501662
0.0529514
0.0557732
0.0586132
0.060331
0.0632723
0.0662561
0.0692975
0.0724245
0.0756504
0.0779011
0.0813155
0.0848269
0.0884306
0.0920986
0.0948094
0.0985823
0.102421
0.106301
0.110247
0.113302
0.117328
0.121338
0.12528
0.129144
0.132859
0.135634
0.139032
0.142231
0.145212
0.147928
0.14984
0.152076
0.154094
0.155893
0.157474
0.158495
0.159741
0.160876
0.161881
0.162783
0.163593
0.164128
0.164826
0.165469
0.166056
0.166619
0.167055
0.167726
0.168548
0.18634
0.188016
0.189586
0.192318
0.190704
0.185979
0.179236
0.171121
0.161484
0.151705
0.141528
0.131115
0.120628
0.109288
0.0990839
0.0893161
0.0801059
0.0754924
0.0697796
0.0655972
0.0617117
0.0581832
0.0550266
0.0522178
0.0478844
0.0456536
0.0437637
0.0421043
0.0421357
0.0451866
0.0470497
0.048557
0.0494016
0.0493456
0.0496995
0.0485638
0.0470659
0.0453792
0.0435462
0.0415683
0.0402703
0.0376762
0.0349082
0.032083
0.0292354
0.0271841
0.0242042
0.0211745
0.0181769
0.0152166
0.0140075
0.0140412
0.0141043
0.0141471
0.0142165
0.0143523
0.0151482
0.016816
0.0187381
0.020626
0.0224785
0.0234437
0.0252499
0.0270358
0.0288074
0.0305573
0.0315448
0.0332365
0.034873
0.036472
0.0380366
0.0395736
0.040485
0.0419182
0.0432617
0.0445119
0.0456622
0.0462902
0.0472927
0.0482017
0.0490318
0.0497878
0.0501497
0.0507925
0.0513754
0.0518957
0.0523455
0.0527026
0.0527577
0.0529461
0.0530647
0.0531316
0.0531552
0.0530114
0.0529753
0.0528933
0.052742
0.0525108
0.0521236
0.0516962
0.051153
0.0504854
0.0496819
0.0487189
0.0476328
0.0461493
0.0442763
0.0419894
0.0392935
0.0365465
0.0330555
0.0290927
0.0246259
0.0208214
0.0198678
0.0186096
0.0202838
0.0260357
0.0349269
0.0421653
0.0491882
0.0486765
0.0440991
0.0372451
0.0372941
0.0424395
0.0468007
0.05054
0.0588162
0.0740493
0.089446
0.101503
0.111651
0.119826
0.126041
0.130361
0.134441
0.135315
0.13472
0.132846
0.129881
0.127339
0.122661
0.117398
0.111704
0.105719
0.100621
0.0943344
0.0880716
0.0819009
0.0759556
0.0703957
0.0658673
0.0610286
0.0565865
0.0525278
0.0488454
0.0458182
0.0427188
0.0399159
0.0374074
0.0351507
0.0332192
0.0313543
0.0297184
0.0282855
0.0270175
0.0259048
0.0249002
0.024029
0.0232908
0.0226785
0.0221898
0.0217245
0.0214848
0.0214098
0.0215098
0.0217524
0.0219213
0.0223434
0.0228167
0.0233171
0.0238471
0.0243931
0.0247768
0.025387
0.0259897
0.0265882
0.0271974
0.0276238
0.0282395
0.0288631
0.0294656
0.0300279
0.0304033
0.0309124
0.031416
0.0319253
0.0324477
0.0329965
0.0334222
0.0339906
0.0344903
0.034932
0.0353648
0.0357067
0.0362011
0.0367424
0.0373453
0.0379982
0.0385332
0.0392258
0.039933
0.0406508
0.0413774
0.0421311
0.0427711
0.0435754
0.0444076
0.0452792
0.0461976
0.0469967
0.0479199
0.0488499
0.0497757
0.0506486
0.0513572
0.0521006
0.052737
0.0533092
0.0538341
0.0543042
0.0546662
0.0550388
0.0553865
0.0557215
0.0560623
0.0563756
0.056762
0.0571061
0.0573345
0.0575339
0.000757456
0.00245972
0.0151777
0.0274789
0.0355939
0.0358771
0.0371743
0.0365775
0.0346395
0.0315688
0.021737
0.0161421
0.00936261
0.0072535
0.0104633
0.0178237
0.0341279
0.04612
0.0589139
0.0723875
0.0863017
0.104061
0.118036
0.131786
0.145056
0.157394
0.170649
0.180023
0.187693
0.193484
0.197342
0.199221
0.200201
0.209572
0.219435
0.228014
0.235121
0.245828
0.249556
0.251504
0.251754
0.250339
0.251662
0.246856
0.240553
0.232881
0.223973
0.214042
0.206421
0.194751
0.182483
0.175753
0.173651
0.174838
0.172663
0.170525
0.16842
0.166361
0.167107
0.164976
0.16279
0.160454
0.157837
0.154821
0.153614
0.149342
0.144315
0.138466
0.131843
0.12683
0.118908
0.110605
0.102127
0.095047
0.096976
0.0954174
0.0933898
0.0909024
0.0880661
0.0849105
0.084247
0.0805414
0.0766447
0.0725735
0.0683193
0.0663875
0.0616493
0.0566631
0.051447
0.0460998
0.0429721
0.0402335
0.0386728
0.0373261
0.036158
0.035166
0.0352772
0.0345801
0.0341289
0.0341139
0.0345152
0.0358239
0.036651
0.0375477
0.0383999
0.0390497
0.0399628
0.0399624
0.0394973
0.038476
0.036824
0.0345174
0.0324261
0.0288397
0.0246516
0.0228097
0.022913
0.0229429
0.0227879
0.0223921
0.0230629
0.0265148
0.0291499
0.0322441
0.0350637
0.0375434
0.0398638
0.0420583
0.0437799
0.0460089
0.0481653
0.0501612
0.0519805
0.0538314
0.0561883
0.0582875
0.060064
0.0615631
0.0625438
0.0634994
0.064075
0.0641341
0.0637044
0.0626514
0.0611169
0.058737
0.0613055
0.0681628
0.095481
0.104066
0.11542
0.119107
0.118992
0.115849
0.108673
0.101816
0.094973
0.102682
0.111742
0.121897
0.131404
0.142511
0.153455
0.171913
0.196686
0.22478
0.249479
0.273431
0.296186
0.317388
0.340307
0.35755
0.372479
0.384941
0.394821
0.402073
0.41041
0.412549
0.41227
0.409678
0.404864
0.401441
0.392474
0.381697
0.369287
0.355421
0.34358
0.327333
0.31026
0.292539
0.274331
0.255816
0.239866
0.230424
0.224196
0.217312
0.209904
0.205438
0.19714
0.18853
0.179747
0.170854
0.164985
0.156072
0.147338
0.138834
0.130642
0.122801
0.117732
0.110633
0.10403
0.0979648
0.0924979
0.0893478
0.0849499
0.081177
0.0779637
0.0752668
0.0742473
0.0725115
0.0713047
0.0706087
0.0703739
0.0705899
0.0717498
0.0724803
0.0760948
0.0805853
0.0851621
0.0895833
0.0942365
0.0989223
0.103621
0.10828
0.112657
0.117112
0.121372
0.125379
0.129075
0.132432
0.135412
0.138054
0.140221
0.141928
0.143136
0.144134
0.144558
0.144631
0.144367
0.14377
0.144586
0.147937
0.15096
0.153628
0.155913
0.157813
0.159259
0.160566
0.161529
0.162122
0.16242
0.162523
0.162345
0.161904
0.161213
0.160254
0.159311
0.157906
0.156259
0.154381
0.152295
0.150011
0.148016
0.145508
0.142917
0.140213
0.137372
0.13487
0.131731
0.12837
0.12479
0.120934
0.117428
0.113008
0.108249
0.103013
0.0986643
0.0980119
0.0973802
0.0966567
0.0959285
0.0951549
0.0942501
0.0932945
0.0901377
0.088965
0.0875251
0.0982938
0.112834
0.128355
0.143607
0.157756
0.170368
0.181179
0.189851
0.196649
0.201457
0.204403
0.205529
0.214781
0.225364
0.233999
0.240608
0.245209
0.249868
0.250523
0.249295
0.246252
0.241477
0.235117
0.229016
0.219854
0.20964
0.198541
0.186679
0.175471
0.163096
0.151696
0.14088
0.130625
0.121118
0.111939
0.103361
0.0953788
0.0879674
0.081135
0.0741687
0.0725403
0.0703716
0.0679529
0.0656983
0.0658417
0.0674193
0.0684578
0.0688905
0.0686876
0.0687386
0.0671313
0.0648422
0.0618591
0.0582447
0.0540942
0.0508702
0.0462585
0.041692
0.0373129
0.0332058
0.0304524
0.0270587
0.0240407
0.0213807
0.0189927
0.0175074
0.0155366
0.0138696
0.0124288
0.011095
0.00997787
0.0112195
0.0138527
0.0164167
0.0189741
0.0216666
0.023131
0.0257833
0.028374
0.0309265
0.0334767
0.0349928
0.0376851
0.0403578
0.0430258
0.0457281
0.0484897
0.0502979
0.053107
0.055913
0.0587385
0.0615717
0.0635106
0.0663464
0.0692253
0.0720283
0.0747848
0.0767683
0.0795261
0.0822529
0.0849453
0.0876273
0.0902879
0.0922752
0.094881
0.0973685
0.0997559
0.10207
0.103735
0.105807
0.107786
0.109675
0.111485
0.112825
0.114526
0.116154
0.117732
0.119332
0.120969
0.122297
0.123951
0.125587
0.127258
0.128986
0.130459
0.13232
0.13428
0.153205
0.156086
0.158734
0.162703
0.162362
0.158934
0.153513
0.146736
0.138309
0.129947
0.121202
0.112274
0.103271
0.0931846
0.0843833
0.0798387
0.0756741
0.0715365
0.0661629
0.0624204
0.058938
0.055659
0.0525885
0.0498238
0.0455191
0.0431586
0.0407893
0.0385902
0.0405648
0.0435202
0.0453679
0.0468919
0.0478222
0.0480039
0.0486091
0.0478053
0.0467711
0.0454506
0.0437216
0.0415995
0.0401534
0.0374722
0.0346309
0.0317069
0.02876
0.0266037
0.023529
0.0204565
0.0174283
0.0144707
0.012265
0.00950371
0.00693728
0.00541914
0.00478153
0.00431486
0.00463726
0.0043252
0.00540771
0.00672667
0.00809366
0.0087095
0.010218
0.0117842
0.0133939
0.0150569
0.0160327
0.0178253
0.0196969
0.0216348
0.0236055
0.0255703
0.0268946
0.0288882
0.0308914
0.0328987
0.0348889
0.0363053
0.0382715
0.0402072
0.0420939
0.0439294
0.0452463
0.0469937
0.0486899
0.0503376
0.051933
0.0534824
0.0546294
0.0561162
0.0575656
0.058961
0.0602754
0.0612259
0.0623864
0.0634529
0.0643988
0.0651843
0.0656277
0.0660553
0.0662781
0.066288
0.0660546
0.0655255
0.0647391
0.0636141
0.0621413
0.0602855
0.0580269
0.0556403
0.0525099
0.0488419
0.0445868
0.0397032
0.0348375
0.0303743
0.0301757
0.0356454
0.0443662
0.0514003
0.0582492
0.0575887
0.0529335
0.0459721
0.0378886
0.0386117
0.0421949
0.0538666
0.0693242
0.0838063
0.0985892
0.109981
0.119496
0.127067
0.132694
0.136441
0.140026
0.140356
0.139217
0.136778
0.133227
0.130162
0.124884
0.119015
0.112702
0.106086
0.100435
0.0935187
0.0866395
0.0798795
0.0733858
0.0673159
0.0623709
0.0571063
0.0522783
0.0478691
0.0438711
0.0406114
0.0373357
0.0344275
0.0318492
0.0295756
0.0277059
0.025967
0.0244818
0.0232649
0.0223203
0.0216115
0.0209838
0.0205157
0.0201557
0.0199207
0.0198169
0.019667
0.0197351
0.0198929
0.0201337
0.0204222
0.0205869
0.0210531
0.0216163
0.0221877
0.0226884
0.0231731
0.0234737
0.0239629
0.0244841
0.0250122
0.0255155
0.0258459
0.0263349
0.0267835
0.0272094
0.0276393
0.0279328
0.0283824
0.0288391
0.0293288
0.0298402
0.030343
0.0307101
0.0312435
0.031796
0.0323725
0.0329657
0.0334422
0.0340559
0.0346598
0.0352246
0.0356767
0.0359066
0.0361368
0.0363057
0.0364006
0.0364047
0.0363707
0.036302
0.0362523
0.0361969
0.0361493
0.0361317
0.0361268
0.0361908
0.0363022
0.0364272
0.0365644
0.0367094
0.0369442
0.0372677
0.0376789
0.0381346
0.0385577
0.0388938
0.0392658
0.0395875
0.0398221
0.0399988
0.0401129
0.0402038
0.0402774
0.0403546
0.0404541
0.000757456
0.00249849
0.0153124
0.0270565
0.0342161
0.0335561
0.0335839
0.0314663
0.0276452
0.0226333
0.0113442
0.00974807
0.00868851
0.012721
0.022879
0.0340398
0.0510852
0.0639788
0.0776288
0.091915
0.106632
0.125019
0.139731
0.154236
0.167996
0.180735
0.194114
0.203605
0.211302
0.217066
0.220839
0.222564
0.223319
0.220862
0.228449
0.237014
0.244098
0.254673
0.25819
0.259963
0.259952
0.258199
0.259182
0.253963
0.247261
0.239249
0.230051
0.21987
0.212102
0.200324
0.188039
0.175456
0.170128
0.171427
0.169676
0.168309
0.167259
0.166449
0.168404
0.167759
0.167152
0.166444
0.165409
0.163828
0.163727
0.16058
0.156528
0.151535
0.14569
0.141318
0.134098
0.12643
0.118529
0.110539
0.104565
0.101844
0.100066
0.0979417
0.0955888
0.0930013
0.0928523
0.0897205
0.0863516
0.0827502
0.0789197
0.0773356
0.073022
0.0685663
0.0639609
0.05919
0.0564811
0.0512448
0.0458468
0.0404307
0.0372332
0.0361769
0.0363789
0.0359753
0.0358725
0.036019
0.0363656
0.0375207
0.0380795
0.0386892
0.0393012
0.0398227
0.0407581
0.0409404
0.040852
0.0404218
0.0395637
0.0381944
0.0369843
0.0344739
0.0313968
0.0277875
0.0236598
0.020055
0.015192
0.0118306
0.0115707
0.0113201
0.0111849
0.0136673
0.0169303
0.0202973
0.0247072
0.0291403
0.0325251
0.0363418
0.0398088
0.0429736
0.045779
0.0478147
0.0500018
0.0518489
0.0533554
0.0545268
0.0551444
0.0556509
0.0557368
0.0553848
0.0545684
0.0532129
0.0514681
0.0583661
0.0667051
0.0754249
0.109189
0.118215
0.129762
0.133428
0.133156
0.129537
0.121677
0.113859
0.114122
0.122717
0.132623
0.143638
0.153936
0.165715
0.1771
0.193501
0.221351
0.252134
0.279902
0.306923
0.332794
0.357137
0.382852
0.40333
0.421506
0.437217
0.450381
0.460949
0.47216
0.477488
0.480192
0.480393
0.478084
0.476549
0.469469
0.460225
0.448929
0.435768
0.424246
0.408025
0.390609
0.372215
0.353087
0.333403
0.316222
0.295818
0.27533
0.254825
0.242192
0.237157
0.228162
0.218798
0.209171
0.199378
0.192693
0.182793
0.173013
0.16344
0.154174
0.145256
0.139258
0.131116
0.123491
0.116429
0.109991
0.106
0.100647
0.0959324
0.091861
0.0884659
0.0869561
0.0847928
0.0833115
0.0825306
0.082416
0.082948
0.0844767
0.0855844
0.0868114
0.0880791
0.089386
0.0910204
0.0921766
0.0932402
0.0946653
0.0997458
0.10448
0.109361
0.114088
0.118591
0.122807
0.126714
0.130184
0.133442
0.136317
0.138785
0.140801
0.142495
0.14366
0.14444
0.144834
0.144814
0.144785
0.144113
0.144637
0.147974
0.150915
0.153463
0.155475
0.157441
0.159065
0.160341
0.161264
0.161852
0.162227
0.162312
0.162082
0.161488
0.160804
0.159666
0.158284
0.156686
0.154894
0.152917
0.151151
0.148814
0.146305
0.143556
0.140545
0.13785
0.134475
0.13086
0.127002
0.12286
0.119104
0.114403
0.109368
0.103963
0.0981589
0.0919294
0.0890455
0.0883495
0.0876324
0.0868612
0.0860877
0.0853687
0.082515
0.0816381
0.0804833
0.0915055
0.106238
0.121951
0.137346
0.151589
0.16426
0.175076
0.183684
0.190376
0.195028
0.197681
0.201661
0.216276
0.226961
0.23572
0.242499
0.247295
0.252125
0.252966
0.25194
0.249172
0.244763
0.238843
0.233152
0.224416
0.214517
0.203662
0.192074
0.181155
0.169298
0.158719
0.148579
0.138872
0.129736
0.120437
0.111074
0.102025
0.0948431
0.0935345
0.0898079
0.0873422
0.0841877
0.080477
0.0764559
0.0708099
0.0664427
0.0631355
0.0627977
0.0621623
0.0620981
0.0606536
0.0586392
0.0560316
0.0528958
0.0493274
0.0466121
0.0426485
0.0387741
0.0351171
0.0318292
0.029818
0.0272564
0.0250502
0.0235198
0.0249059
0.0250523
0.0268218
0.0286119
0.0304679
0.0324113
0.0345055
0.0353744
0.0377416
0.0401812
0.042695
0.0452261
0.046531
0.0491312
0.0517397
0.0543774
0.0570496
0.0586346
0.0613932
0.0641965
0.0670322
0.0699168
0.0728849
0.0749127
0.0780475
0.0812407
0.0845232
0.0878939
0.0903758
0.0939184
0.0975065
0.101135
0.104799
0.107573
0.111235
0.114848
0.118412
0.121917
0.125333
0.127928
0.131182
0.134311
0.137315
0.140171
0.142241
0.144682
0.146943
0.148979
0.150854
0.152231
0.15389
0.155394
0.156728
0.157903
0.158927
0.159585
0.160351
0.161011
0.161602
0.162135
0.162495
0.16303
0.163642
0.181163
0.182536
0.183785
0.186085
0.184049
0.178967
0.171961
0.163734
0.154121
0.144474
0.134533
0.124491
0.114503
0.103658
0.0986515
0.0938136
0.0887805
0.0837598
0.0775046
0.0725516
0.0678062
0.0633124
0.0590186
0.0549649
0.0495063
0.0459206
0.0426434
0.0438478
0.0458672
0.0483876
0.049507
0.0503299
0.0506432
0.0503023
0.0505626
0.0494572
0.0480298
0.0462938
0.0442716
0.0420874
0.0407886
0.0384728
0.0360155
0.0334316
0.0307624
0.0287439
0.0257939
0.0228072
0.0197743
0.0167358
0.0144361
0.0122788
0.0116762
0.0111335
0.0106603
0.0103087
0.0107325
0.0105704
0.0106342
0.0122417
0.0137876
0.0144763
0.0159897
0.0175292
0.0190558
0.0205591
0.0213448
0.0228214
0.0242612
0.0256771
0.0270721
0.028448
0.0292429
0.0306038
0.0319359
0.0332197
0.0344571
0.0351779
0.0363108
0.0374064
0.0384585
0.0394591
0.040044
0.0409524
0.0418172
0.0426265
0.0433747
0.0440756
0.0444799
0.0451241
0.0457461
0.0463398
0.046892
0.0472163
0.0477106
0.0481468
0.0485102
0.0487994
0.0488903
0.049017
0.0490253
0.0488947
0.0485481
0.0479015
0.0470251
0.0457726
0.0441178
0.042038
0.0394509
0.0366776
0.0330248
0.0288145
0.024058
0.0192867
0.0183796
0.017292
0.0184836
0.0246508
0.0339323
0.041527
0.0488384
0.0485613
0.0441562
0.0374386
0.0381484
0.0434984
0.0480501
0.0519667
0.0579755
0.0734443
0.0890476
0.101338
0.111717
0.120116
0.126551
0.131078
0.135323
0.136384
0.135968
0.134256
0.131432
0.128997
0.124423
0.119252
0.113635
0.107709
0.102645
0.0963774
0.0901372
0.0839909
0.0780331
0.0723989
0.0677677
0.0627935
0.058195
0.0539587
0.050085
0.0468917
0.0436291
0.040677
0.0380069
0.0355788
0.0335256
0.0315176
0.0296883
0.0280687
0.0266729
0.0254503
0.0243745
0.0234433
0.0226502
0.0220485
0.0216348
0.0212718
0.0211662
0.0211926
0.0213114
0.0214985
0.0215828
0.0218865
0.0222101
0.022488
0.0227475
0.0230199
0.0231354
0.0233983
0.023666
0.0239289
0.0241893
0.0243234
0.0246299
0.024969
0.0253386
0.0257395
0.0260226
0.0264868
0.0269694
0.0274442
0.0279073
0.0284035
0.0288128
0.029425
0.0300922
0.0308099
0.0314887
0.0319133
0.0323938
0.0328223
0.0332233
0.0335791
0.0337731
0.0339848
0.0341482
0.034276
0.0343957
0.03453
0.0346215
0.0347646
0.0348994
0.035006
0.0350873
0.0351235
0.0352119
0.0353463
0.0355221
0.0357101
0.0358739
0.0361219
0.0364249
0.0367766
0.0371822
0.0376652
0.0381465
0.0387413
0.039389
0.0400788
0.040786
0.0414141
0.0421858
0.0430421
0.0439291
0.044834
0.000757456
0.00249778
0.0152816
0.0270926
0.0344292
0.0339658
0.0344095
0.0328862
0.0298145
0.0254068
0.0145372
0.00920254
0.00864029
0.0130433
0.0180022
0.025642
0.0412712
0.0524483
0.0644275
0.0771329
0.0903727
0.107631
0.121304
0.134903
0.147912
0.15997
0.173007
0.182211
0.189703
0.195289
0.198931
0.200594
0.20139
0.210187
0.22027
0.229039
0.236279
0.246936
0.250578
0.252509
0.252736
0.251309
0.252653
0.247947
0.241906
0.234708
0.22645
0.217209
0.21023
0.19931
0.187958
0.176325
0.174885
0.176915
0.175868
0.175039
0.174429
0.174015
0.176281
0.175921
0.175429
0.174584
0.173242
0.171295
0.170887
0.167388
0.163015
0.157773
0.151758
0.147293
0.140044
0.132422
0.124602
0.116776
0.110985
0.106473
0.105074
0.103325
0.101266
0.0988696
0.0988376
0.0957848
0.0924344
0.0888089
0.08492
0.0832557
0.0787544
0.0739566
0.0689452
0.0638087
0.0608839
0.0555685
0.0502367
0.0449658
0.0398063
0.0360084
0.0362897
0.035733
0.0353095
0.034993
0.0348745
0.0357104
0.0360225
0.0364884
0.0370132
0.0375228
0.0384984
0.0387697
0.0388012
0.0385339
0.0379335
0.0369199
0.0361243
0.0342223
0.0318331
0.0289496
0.0255802
0.0226388
0.0209782
0.0205768
0.0200973
0.0195109
0.0189628
0.0182767
0.0175553
0.0167094
0.0196283
0.0242711
0.0279067
0.032073
0.035946
0.0394982
0.0427147
0.0450875
0.0476799
0.0499418
0.0518707
0.0534701
0.0544441
0.0553373
0.0558036
0.0558217
0.0553431
0.0543271
0.0528676
0.0541843
0.0620632
0.0700808
0.0988159
0.107687
0.119205
0.122985
0.122876
0.119573
0.112168
0.104854
0.106753
0.115871
0.12625
0.137544
0.147825
0.159498
0.171013
0.189856
0.216731
0.246675
0.273492
0.299531
0.324376
0.347673
0.372444
0.391844
0.408946
0.42358
0.435642
0.445079
0.455286
0.459508
0.461236
0.460595
0.457525
0.455281
0.447361
0.437305
0.425354
0.411693
0.399828
0.383329
0.365721
0.347151
0.327795
0.307791
0.2903
0.269396
0.248329
0.240754
0.23298
0.228097
0.219227
0.209945
0.200349
0.190531
0.183801
0.173849
0.164022
0.15439
0.145068
0.136112
0.130093
0.121952
0.114368
0.107393
0.101097
0.0972942
0.0922273
0.0878678
0.0842116
0.0812856
0.0802255
0.078626
0.0777564
0.0776175
0.0781623
0.0793363
0.0814677
0.0834835
0.0859162
0.0886992
0.0917798
0.0951533
0.0984028
0.101432
0.104167
0.109118
0.114603
0.120306
0.125782
0.13096
0.135766
0.140176
0.144014
0.147613
0.150757
0.15346
0.15568
0.157538
0.158871
0.15975
0.160157
0.160116
0.161348
0.165546
0.169255
0.172508
0.175338
0.177694
0.179384
0.180778
0.181768
0.182361
0.182578
0.182538
0.182077
0.181302
0.180245
0.178898
0.177575
0.175669
0.173479
0.171077
0.168486
0.165711
0.16326
0.160155
0.156896
0.153458
0.149862
0.146671
0.142709
0.138498
0.134047
0.129313
0.125045
0.1197
0.113913
0.107727
0.101155
0.0983828
0.0970446
0.0954652
0.0938671
0.0922798
0.090703
0.0893243
0.08585
0.0845269
0.0830185
0.0937919
0.108368
0.123941
0.139215
0.153335
0.165835
0.176307
0.184442
0.190395
0.19415
0.195836
0.195573
0.209385
0.219627
0.227928
0.234249
0.238613
0.243084
0.243546
0.242168
0.239049
0.234296
0.228061
0.222143
0.213246
0.203287
0.192399
0.18074
0.169702
0.157236
0.145057
0.132993
0.12116
0.110068
0.0989498
0.0883926
0.0783413
0.0688321
0.0599373
0.0554456
0.0521372
0.0492236
0.0510083
0.0530234
0.0555272
0.057253
0.0588094
0.060058
0.060935
0.0621887
0.0622995
0.0618387
0.0607068
0.058932
0.0566253
0.0548859
0.0518692
0.0487285
0.0455475
0.042512
0.0405305
0.0378177
0.0352698
0.0329524
0.0308597
0.0296562
0.027984
0.0265865
0.0254833
0.0270126
0.0294978
0.0306507
0.0332898
0.0359575
0.0386009
0.0412264
0.0425688
0.045159
0.0477437
0.0503588
0.0529839
0.0545334
0.0572653
0.0599945
0.0627836
0.065667
0.0686208
0.0706118
0.0737222
0.0769111
0.0801397
0.0834185
0.0857619
0.0890594
0.0923655
0.0956639
0.0989548
0.101337
0.104435
0.10743
0.110341
0.113176
0.115908
0.117897
0.120437
0.122838
0.125108
0.127221
0.128674
0.130477
0.132152
0.133708
0.135146
0.136139
0.137382
0.138495
0.139484
0.140381
0.141191
0.141716
0.142402
0.143096
0.143865
0.14469
0.145389
0.146406
0.147578
0.165716
0.167732
0.169545
0.172548
0.171268
0.166945
0.160679
0.153115
0.144031
0.134958
0.125576
0.116071
0.106625
0.0977911
0.0940593
0.090472
0.0871051
0.0839936
0.0794147
0.0761941
0.073047
0.0701306
0.0673982
0.0646805
0.0602276
0.0577118
0.0554086
0.0533832
0.0516247
0.0541776
0.055538
0.0565301
0.0567244
0.0558145
0.0554962
0.0538063
0.0520586
0.0502622
0.048299
0.0460643
0.0445092
0.0417463
0.0388309
0.035815
0.0327085
0.0303352
0.0269667
0.0236185
0.0203282
0.0171295
0.0147509
0.0118647
0.0113338
0.010898
0.0105793
0.010367
0.0108654
0.0114648
0.0129375
0.014458
0.0160333
0.0168297
0.0185196
0.0202446
0.0220056
0.023798
0.0248663
0.0267024
0.0285369
0.030373
0.0322103
0.0340455
0.0352523
0.0370862
0.0388993
0.0406738
0.0424166
0.0436015
0.0452569
0.0468533
0.0483928
0.04986
0.0508413
0.0521901
0.0534667
0.0546437
0.0557127
0.0566754
0.0572631
0.0580633
0.0587892
0.0594451
0.0600287
0.0603491
0.0607998
0.0611732
0.0614431
0.0615882
0.0615157
0.0614206
0.0611591
0.060679
0.0599442
0.0589015
0.0576518
0.0560006
0.0539992
0.051584
0.0487183
0.0457764
0.0420244
0.0378062
0.0331087
0.0278874
0.0228409
0.0229113
0.028258
0.0342593
0.0433712
0.0506788
0.0576334
0.0569548
0.0522056
0.0451472
0.0369095
0.0408344
0.0448131
0.0483109
0.0643975
0.0794614
0.0947162
0.106622
0.116617
0.124625
0.130658
0.134781
0.138669
0.139304
0.138449
0.136288
0.133006
0.130167
0.125134
0.119497
0.113405
0.106993
0.101511
0.0947976
0.0881183
0.0815536
0.0752338
0.0693001
0.0644487
0.0592614
0.0544738
0.0500666
0.0460483
0.0427521
0.0394058
0.0364018
0.033709
0.0313049
0.0293013
0.0273935
0.0257629
0.0244044
0.0232786
0.0223764
0.0216107
0.0210791
0.0207276
0.0205191
0.0204233
0.0203041
0.0204098
0.0205595
0.0207849
0.0210958
0.0212905
0.0217339
0.0221995
0.0226383
0.023084
0.023568
0.0239035
0.0244573
0.0249858
0.0254413
0.0258371
0.0260131
0.0262893
0.0265236
0.0266793
0.0267336
0.0266457
0.0266459
0.0266774
0.0267607
0.0268613
0.026879
0.026735
0.0266433
0.0266105
0.0266117
0.0265906
0.0265206
0.0265247
0.0265623
0.0266026
0.0266145
0.0265453
0.0264772
0.0264041
0.026345
0.0263415
0.0264135
0.0265
0.026636
0.0267215
0.0267503
0.0267844
0.0268104
0.0268953
0.0270093
0.0271439
0.0273189
0.0275048
0.0277936
0.0281142
0.0284398
0.0287658
0.0290637
0.0293212
0.0296586
0.0300585
0.0304995
0.0309653
0.0314032
0.031943
0.032515
0.0331362
0.0338017
0.000757456
0.00249778
0.0152816
0.0270926
0.0344292
0.0339658
0.0344109
0.0329374
0.0298799
0.0252812
0.0141778
0.00963816
0.00903407
0.0108359
0.0174381
0.0274633
0.0434876
0.0553506
0.0680926
0.081478
0.0954121
0.113308
0.1275
0.141438
0.154665
0.166879
0.179861
0.188956
0.196288
0.201747
0.205235
0.206693
0.207271
0.204697
0.21366
0.222079
0.229011
0.239469
0.242956
0.244783
0.244861
0.243197
0.244289
0.239228
0.232743
0.224971
0.216056
0.206093
0.198359
0.186491
0.1741
0.167206
0.164954
0.166101
0.164029
0.162138
0.160379
0.158732
0.15989
0.158292
0.156695
0.154985
0.152997
0.150591
0.149869
0.146107
0.141512
0.136037
0.129713
0.12495
0.117356
0.109413
0.101329
0.0974475
0.0996396
0.098419
0.0967243
0.0945169
0.0918198
0.0887669
0.0882103
0.0846471
0.0808749
0.0769163
0.0728008
0.0710476
0.0666185
0.0620319
0.0572701
0.0523427
0.0495024
0.0441696
0.0412404
0.0392593
0.0376884
0.0364494
0.036466
0.0357835
0.0354357
0.035406
0.0356136
0.0366178
0.0369932
0.0373917
0.0377887
0.0381387
0.0389288
0.0389163
0.0385709
0.0377987
0.0365425
0.0346974
0.0330816
0.0302077
0.0268595
0.0230564
0.019572
0.0193717
0.0191634
0.0187541
0.0182345
0.0176648
0.0171562
0.0200391
0.0231616
0.0263715
0.0296058
0.032685
0.0350333
0.0377642
0.0403315
0.0429138
0.0456135
0.0476401
0.0499645
0.0520894
0.0539903
0.0556435
0.0567363
0.0578233
0.0585376
0.0588176
0.0586209
0.0578625
0.0565959
0.0546096
0.0615798
0.0699615
0.0988189
0.108342
0.120689
0.125376
0.126241
0.123961
0.117451
0.111126
0.115864
0.126276
0.138016
0.150746
0.162522
0.176062
0.189416
0.214131
0.24428
0.277204
0.307462
0.336958
0.365197
0.391803
0.419373
0.44177
0.461629
0.478731
0.492948
0.504216
0.515692
0.520954
0.523298
0.522852
0.519683
0.517228
0.508894
0.498244
0.485468
0.470736
0.457772
0.439796
0.420493
0.400095
0.378851
0.356942
0.337717
0.314865
0.291859
0.268914
0.257393
0.25146
0.241371
0.230876
0.220103
0.209119
0.201358
0.190211
0.179149
0.168236
0.157604
0.147308
0.14009
0.130549
0.121516
0.113017
0.105108
0.0998152
0.0929759
0.0867744
0.0812108
0.0763109
0.0734643
0.0697344
0.0666278
0.0641321
0.0622128
0.060831
0.0606957
0.0601379
0.0608999
0.0650978
0.0694053
0.0736316
0.0780966
0.0825934
0.0871317
0.0917143
0.0960923
0.100629
0.105081
0.109414
0.113564
0.117515
0.121117
0.124604
0.127722
0.130422
0.13267
0.13462
0.13616
0.137334
0.138097
0.138475
0.138821
0.13865
0.142363
0.145999
0.149275
0.152145
0.154428
0.156682
0.158591
0.16012
0.161268
0.162043
0.162556
0.162743
0.162616
0.162199
0.16172
0.160864
0.1598
0.15854
0.157081
0.155402
0.153901
0.15189
0.14972
0.147358
0.144824
0.142582
0.139704
0.136554
0.133123
0.129343
0.125832
0.121298
0.116321
0.110861
0.10494
0.098491
0.094956
0.093729
0.0924725
0.0911777
0.0898119
0.0885729
0.0852479
0.0840713
0.0827461
0.0937264
0.108493
0.124268
0.139757
0.154119
0.166905
0.177763
0.186329
0.19289
0.197364
0.199844
0.206587
0.220958
0.231415
0.240018
0.246678
0.251347
0.256056
0.256759
0.255595
0.25267
0.248084
0.24198
0.236156
0.227345
0.217463
0.206622
0.19496
0.183879
0.171435
0.15963
0.148145
0.136899
0.126376
0.115995
0.106082
0.0966147
0.0878016
0.0796971
0.0717006
0.0647664
0.058126
0.0531695
0.053279
0.0555695
0.0570778
0.058454
0.0596011
0.0603113
0.0613185
0.061086
0.0603354
0.0590703
0.0572371
0.0548346
0.0530159
0.049818
0.0464573
0.0430801
0.039767
0.0375182
0.0345161
0.0317241
0.0291403
0.0267531
0.0252492
0.0231383
0.0211395
0.0192701
0.0209124
0.0229194
0.0235849
0.0256469
0.0277586
0.0299702
0.0323407
0.0335413
0.0360506
0.0386179
0.0411857
0.0437685
0.0452318
0.0478761
0.0505831
0.0533856
0.0562699
0.0591743
0.0610819
0.0640737
0.0670856
0.070105
0.0731256
0.075257
0.0783589
0.08149
0.0846513
0.0878015
0.0900682
0.093122
0.0961194
0.0990918
0.102021
0.104884
0.107006
0.109711
0.112308
0.114805
0.117191
0.118941
0.12112
0.123174
0.125111
0.126934
0.128244
0.129854
0.131364
0.132749
0.134011
0.135181
0.136024
0.137085
0.138182
0.139411
0.140743
0.141911
0.143458
0.145131
0.163767
0.166257
0.168468
0.171881
0.170972
0.166994
0.161036
0.153749
0.144905
0.13611
0.126979
0.117703
0.108428
0.102161
0.0986625
0.0951165
0.0915105
0.0878713
0.0827482
0.0790678
0.0754469
0.0718193
0.0682801
0.0648534
0.0598208
0.0566769
0.0537337
0.0509405
0.0483745
0.0506844
0.0518361
0.0527314
0.052989
0.0522948
0.0522206
0.050934
0.0495241
0.0478456
0.0457738
0.0433576
0.0416297
0.0386911
0.0356107
0.0324658
0.0292447
0.0268278
0.0235008
0.0202259
0.0170734
0.0140831
0.0119481
0.0109127
0.0104717
0.0100813
0.00977612
0.00952988
0.00997088
0.00984317
0.0112928
0.0127965
0.0143736
0.015185
0.0169243
0.0187212
0.0205366
0.0223417
0.0233999
0.0252073
0.0270057
0.0287996
0.0305722
0.0323218
0.0334406
0.0351448
0.0367914
0.0383998
0.0399629
0.0409729
0.0424568
0.0438909
0.0452594
0.0465688
0.047431
0.0486587
0.0498366
0.0509519
0.051997
0.0529546
0.0535485
0.0543679
0.0551178
0.0558015
0.056411
0.0567503
0.057217
0.057598
0.057902
0.0581124
0.0580835
0.0580126
0.0577623
0.0573054
0.0566435
0.0557556
0.0547097
0.0533059
0.0515614
0.0494704
0.0470063
0.0444449
0.0411324
0.037332
0.0329912
0.0280704
0.0232482
0.0244436
0.0294884
0.0351009
0.0438253
0.050792
0.0575393
0.0566824
0.0517985
0.0446926
0.0364438
0.0396139
0.0434756
0.0490392
0.0649978
0.0799264
0.095068
0.106841
0.116707
0.124599
0.130521
0.134536
0.138339
0.13889
0.137958
0.135721
0.132367
0.12947
0.124376
0.118684
0.112546
0.106108
0.10061
0.0938652
0.0871446
0.0805312
0.0741768
0.0682605
0.0634674
0.058389
0.0537643
0.0495737
0.0458113
0.0427598
0.0396878
0.0369335
0.0344693
0.032253
0.0304015
0.028659
0.0271469
0.0258363
0.0247208
0.0237821
0.0229525
0.0223039
0.021794
0.0214266
0.0211841
0.0209146
0.0208687
0.020905
0.0210155
0.0211895
0.0212467
0.0215191
0.0218166
0.0221386
0.0224929
0.0228943
0.0231618
0.0236411
0.0241728
0.024761
0.0253941
0.0258556
0.0265328
0.0272588
0.0280255
0.0288099
0.0294216
0.0302351
0.0310091
0.0317216
0.032412
0.0330902
0.0335971
0.0342254
0.034789
0.0353197
0.0358056
0.0361252
0.0365323
0.0369116
0.0372354
0.0375102
0.0376516
0.0378033
0.0379184
0.0380249
0.0381414
0.0382845
0.0384318
0.038688
0.038941
0.0392044
0.0394728
0.0396727
0.03993
0.0401903
0.0404517
0.0407168
0.0409593
0.0412949
0.041674
0.0421124
0.0426128
0.043133
0.0435755
0.0440798
0.0446033
0.0451568
0.0457681
0.0463491
0.047071
0.0478515
0.0486434
0.0493994
