0.000753731
0.00241493
0.0152425
0.0283607
0.0383342
0.041269
0.0464512
0.0503151
0.0531697
0.0552092
0.0503168
0.0509616
0.0510814
0.0506957
0.0497931
0.0484031
0.0403919
0.0383716
0.0360922
0.0336188
0.0311119
0.0236118
0.0217245
0.0203007
0.0187397
0.0172042
0.0165216
0.0176276
0.0185199
0.0191246
0.0194683
0.0194642
0.0236073
0.0230379
0.0222074
0.0211351
0.0199076
0.0228844
0.0214659
0.0200763
0.0187487
0.0183432
0.0210207
0.0221016
0.0233916
0.0249454
0.0268176
0.0290481
0.0342732
0.0374289
0.0454316
0.0556243
0.0668489
0.077205
0.0906725
0.105182
0.12069
0.137087
0.152624
0.170318
0.188352
0.206474
0.224317
0.241769
0.256211
0.264895
0.266341
0.262027
0.252953
0.242867
0.226409
0.206812
0.184755
0.160711
0.138664
0.123206
0.106543
0.0851955
0.0581078
0.0351041
0.054972
0.095549
0.139209
0.182986
0.227051
0.264286
0.307516
0.349723
0.389453
0.445973
0.494794
0.550572
0.602557
0.648038
0.685246
0.712359
0.72736
0.738431
0.743037
0.741512
0.737022
0.732671
0.729935
0.7289
0.729695
0.732472
0.735851
0.742324
0.750249
0.758928
0.767574
0.783057
0.8092
0.837755
0.86248
0.882091
0.895262
0.901337
0.903242
0.900409
0.893589
0.883613
0.872522
0.858528
0.843174
0.826785
0.809513
0.818671
0.832253
0.848313
0.864933
0.882097
0.899765
0.915525
0.93385
0.952239
0.970356
0.987695
1.00146
1.01457
1.02341
1.02646
1.02313
1.01401
1.00236
0.986355
0.968567
0.949769
0.920422
0.903877
0.884649
0.859744
0.833867
0.8086
0.786778
0.764172
0.743027
0.723369
0.705013
0.687684
0.673226
0.656935
0.640669
0.624104
0.606945
0.590783
0.571592
0.551163
0.529403
0.506292
0.483194
0.457406
0.430526
0.402727
0.374216
0.345202
0.316454
0.293836
0.284753
0.273843
0.261286
0.251635
0.236236
0.219774
0.202476
0.184548
0.169862
0.151103
0.135182
0.13578
0.135118
0.133197
0.133401
0.129261
0.124436
0.119085
0.113363
0.115961
0.122054
0.126676
0.129856
0.131568
0.134155
0.133469
0.131871
0.129423
0.12601
0.122041
0.120084
0.115745
0.111487
0.107429
0.103571
0.101734
0.0982994
0.096846
0.0963738
0.0957813
0.0956164
0.0947465
0.0937035
0.092485
0.0910359
0.0893227
0.0879902
0.0856765
0.0829858
0.0798938
0.0793086
0.0798117
0.0810361
0.0822736
0.0832681
0.0837006
0.0833422
0.0832249
0.0829373
0.0824445
0.081602
0.0805107
0.0791212
0.0777058
0.0760862
0.0741898
0.0721118
0.0699629
0.0676527
0.0652203
0.0626939
0.0600767
0.0575556
0.0548104
0.0520295
0.0492313
0.0464051
0.043609
0.0410768
0.0383747
0.0357294
0.033106
0.0305058
0.0281915
0.0256927
0.0232851
0.0209657
0.0187527
0.0168629
0.0148482
0.0129615
0.011604
0.0106975
0.00975639
0.00895393
0.00777254
0.00701669
0.00785946
0.00849773
0.00902438
0.00922633
0.00984902
0.0108634
0.0118526
0.0127015
0.0146119
0.0183601
0.0224665
0.026942
0.0318044
0.0362478
0.0417843
0.047685
0.053944
0.0605438
0.0664807
0.0513478
0.0595914
0.0683999
0.0652673
0.0533852
0.0596903
0.0636436
0.0740244
0.0901099
0.104304
0.115842
0.125781
0.133564
0.14679
0.168075
0.189029
0.207079
0.223265
0.237486
0.24976
0.261126
0.269358
0.275615
0.279975
0.282538
0.283413
0.283523
0.281246
0.277595
0.272694
0.266629
0.260112
0.252053
0.243231
0.233752
0.223735
0.213581
0.202756
0.191648
0.180352
0.168912
0.157455
0.145945
0.13467
0.123654
0.116377
0.111203
0.107792
0.102725
0.0978684
0.0932228
0.0887881
0.0859086
0.0818617
0.0781951
0.074926
0.0720582
0.0696038
0.068397
0.0666889
0.0653499
0.0643609
0.0637536
0.0640797
0.0643654
0.0648476
0.0678257
0.0712054
0.0743733
0.0769735
0.0789385
0.0800923
0.0802933
0.0796392
0.0787633
0.0767837
0.0742086
0.0711079
0.0675396
0.064356
0.0601312
0.0557064
0.0511667
0.0465727
0.0427598
0.0382322
0.034438
0.0330286
0.0314984
0.029872
0.0291263
0.0273272
0.0271778
0.0270382
0.0268262
0.0271152
0.0267349
0.0262599
0.0256972
0.0250347
0.0248107
0.0239186
0.0229679
0.0219251
0.0207356
0.0193938
0.0183813
0.0166342
0.0159961
0.0155094
0.0146795
0.013682
0.0123656
0.0108092
0.0111426
0.0132359
0.0149734
0.0174318
0.0201312
0.0230211
0.0276293
0.0329145
0.0376023
0.0432865
0.0491982
0.055332
0.0617021
0.0673379
0.0740333
0.0808769
0.104663
0.112296
0.118955
0.127322
0.131149
0.131639
0.129831
0.126346
0.120497
0.11469
0.10809
0.100877
0.0932402
0.0840866
0.0760082
0.0679566
0.0658674
0.0644435
0.0614218
0.0602078
0.0589689
0.057712
0.0564263
0.054993
0.0514861
0.0497962
0.049637
0.0510397
0.0517785
0.0530638
0.0527238
0.0519002
0.0506135
0.0489699
0.0482048
0.046054
0.0437705
0.0413525
0.0388647
0.0363639
0.0348408
0.0323949
0.0331868
0.03442
0.0355234
0.0374885
0.0382721
0.0404792
0.0433331
0.0458603
0.0492284
0.0510671
0.0525735
0.0537488
0.0546105
0.0551621
0.0565667
0.056519
0.0561917
0.0555953
0.0547505
0.0547851
0.0534989
0.0520213
0.0503752
0.0485635
0.0476147
0.0454852
0.0432575
0.0409478
0.0385883
0.0361892
0.0346426
0.0321804
0.0297309
0.0273381
0.0249926
0.0234269
0.0211542
0.0189887
0.0168791
0.0148202
0.0134265
0.0115005
0.00966257
0.00839777
0.00792885
0.00755052
0.00739411
0.00708651
0.00669691
0.00629839
0.005849
0.00542842
0.00475733
0.00400139
0.00320685
0.00231943
0.00199393
0.00164922
0.00148036
0.00270391
0.00439101
0.00622462
0.00797956
0.0101397
0.0125386
0.0152184
0.0181798
0.0210308
0.0246349
0.0285836
0.0328568
0.0375339
0.0419582
0.0473528
0.0531197
0.0602252
0.0712943
0.0801395
0.0885228
0.0908903
0.0866416
0.0773082
0.0643378
0.0485373
0.0392925
0.0307583
0.0302105
0.0335156
0.0389353
0.0537273
0.0670252
0.0787601
0.0889383
0.0975002
0.10547
0.110878
0.114824
0.117511
0.119083
0.12041
0.120005
0.118853
0.117024
0.114619
0.112391
0.109064
0.105411
0.101507
0.0974053
0.0931629
0.0893739
0.0849413
0.0804661
0.0760317
0.0716428
0.0677762
0.0635594
0.05948
0.0555661
0.0517637
0.0484451
0.0449535
0.0416464
0.0385444
0.0355823
0.0328094
0.0303811
0.0279448
0.0256728
0.0235567
0.0215739
0.0198161
0.0181442
0.01664
0.0163521
0.0163358
0.0166036
0.0166589
0.0167514
0.0168802
0.0170737
0.0172848
0.0176829
0.0179395
0.0181841
0.0183878
0.0185611
0.0188822
0.0190157
0.0191314
0.0192291
0.0193358
0.0195493
0.0196201
0.019687
0.0197226
0.0197503
0.0198091
0.0199543
0.0199666
0.0199632
0.0199414
0.0198774
0.0198975
0.0197705
0.0196543
0.0194903
0.0193343
0.0192302
0.0190168
0.0187387
0.0183715
0.0179663
0.0175772
0.0173007
0.0169529
0.016648
0.0163735
0.0161108
0.0159429
0.0157023
0.0154811
0.0152989
0.0151796
0.0154109
0.0155737
0.015733
0.0158992
0.0160385
0.0161826
0.0163602
0.0165204
0.0166911
0.0168678
0.0170368
0.017193
0.0173227
0.0174462
0.0175642
0.0176752
0.00075376
0.00243844
0.0153745
0.0288164
0.0392139
0.0425441
0.0482149
0.0526107
0.0560605
0.0588041
0.0545986
0.0560756
0.0570984
0.0576482
0.057749
0.0573645
0.0501914
0.0490562
0.0474928
0.0455028
0.0431019
0.0359191
0.0363654
0.0364362
0.0360263
0.0351025
0.0258553
0.0236515
0.0206796
0.0169146
0.0159542
0.018192
0.0248899
0.0307115
0.0359216
0.0403046
0.0436451
0.044915
0.050687
0.0557363
0.0597823
0.0626631
0.0679594
0.0677562
0.0659197
0.0623751
0.0570386
0.0579665
0.0672945
0.0738895
0.0802915
0.0864944
0.0924798
0.100568
0.106145
0.122188
0.138551
0.155122
0.173548
0.191285
0.209639
0.2281
0.246223
0.263559
0.281133
0.29582
0.308888
0.320491
0.330739
0.34173
0.349319
0.355478
0.360205
0.363535
0.368142
0.369078
0.368951
0.3679
0.366084
0.363617
0.363344
0.359836
0.355967
0.351879
0.34758
0.345668
0.340994
0.336106
0.330865
0.32522
0.321663
0.31545
0.308929
0.30215
0.295138
0.287926
0.282733
0.275115
0.267336
0.259416
0.251374
0.245271
0.23702
0.228732
0.220417
0.212046
0.205471
0.197037
0.188639
0.180281
0.171999
0.163813
0.157334
0.149377
0.14159
0.133987
0.126596
0.120736
0.113741
0.107002
0.100517
0.094295
0.0893767
0.0836599
0.0782733
0.0732337
0.0685592
0.0642649
0.061025
0.0574703
0.0543315
0.0516156
0.0493518
0.047864
0.0464948
0.0456029
0.0452203
0.0503912
0.0558055
0.0623607
0.0694928
0.0772176
0.085538
0.0945056
0.102938
0.113004
0.123646
0.134852
0.146429
0.156768
0.1697
0.182918
0.192949
0.198684
0.197956
0.194278
0.186152
0.173693
0.157394
0.137529
0.114589
0.113681
0.110994
0.109012
0.122201
0.132392
0.143033
0.152002
0.159148
0.171584
0.204799
0.234326
0.261981
0.28752
0.31077
0.331623
0.35198
0.367908
0.381401
0.392536
0.401395
0.409904
0.414525
0.417222
0.418145
0.417409
0.41685
0.413175
0.408229
0.402116
0.394958
0.386843
0.379439
0.369712
0.359331
0.348357
0.336859
0.326371
0.314051
0.301442
0.295663
0.291782
0.289756
0.284574
0.278824
0.272541
0.2658
0.258632
0.253514
0.245624
0.237438
0.228996
0.220367
0.213824
0.204853
0.1958
0.186696
0.177584
0.170541
0.161466
0.15247
0.143593
0.134844
0.126259
0.11958
0.111323
0.103296
0.0955341
0.088097
0.0823273
0.0753642
0.068676
0.0622587
0.0560977
0.0513264
0.0456538
0.0402709
0.035178
0.0315279
0.0292244
0.0275599
0.0255757
0.0237355
0.0219356
0.0202073
0.0189003
0.0173926
0.0160284
0.0147844
0.0136611
0.0128026
0.0119281
0.0110979
0.0102647
0.00943039
0.00866033
0.00841533
0.00854917
0.00861593
0.00864639
0.00867594
0.00848636
0.00854701
0.00863675
0.00873921
0.00888472
0.00883901
0.00905292
0.00931893
0.00964329
0.0100407
0.0105299
0.0108463
0.0115242
0.0132494
0.0154648
0.017967
0.0202802
0.0233214
0.0266805
0.0303317
0.0343025
0.0379184
0.042447
0.0472858
0.0524326
0.0578647
0.0635876
0.0687179
0.0749577
0.0814835
0.0883181
0.0954302
0.101787
0.0870567
0.0956113
0.104645
0.1016
0.0896693
0.0735246
0.0708191
0.072921
0.0743981
0.0879918
0.0991136
0.108652
0.116118
0.121543
0.138816
0.160706
0.179852
0.197172
0.212566
0.226011
0.238405
0.247847
0.255333
0.260919
0.264674
0.266711
0.267804
0.266653
0.264144
0.260389
0.255445
0.249933
0.242995
0.235279
0.226906
0.217958
0.208682
0.19877
0.188537
0.178117
0.167599
0.157051
0.1519
0.146778
0.141375
0.135789
0.130068
0.126089
0.120186
0.114315
0.108522
0.10286
0.0989072
0.0936088
0.0885881
0.0838921
0.0795533
0.0756059
0.0730966
0.069946
0.0672515
0.0650133
0.0632396
0.0624546
0.0614383
0.0607412
0.0619395
0.0647688
0.067474
0.0696804
0.0713675
0.072411
0.0726929
0.072181
0.071415
0.069455
0.066835
0.0636754
0.0601197
0.0570285
0.0529918
0.0488223
0.0445847
0.0403226
0.0411735
0.0408672
0.0403639
0.0396445
0.0387193
0.0376244
0.0372941
0.0359096
0.0344106
0.0327915
0.0310728
0.0301335
0.0282649
0.0263211
0.024301
0.0222232
0.020884
0.019289
0.019358
0.0191755
0.018778
0.0181959
0.0175482
0.0166323
0.0155892
0.014421
0.013148
0.01199
0.013873
0.0174461
0.0212706
0.0253653
0.0289762
0.0335625
0.0383993
0.0434781
0.0487851
0.0543107
0.0592024
0.0651376
0.0712749
0.0776043
0.084115
0.0898689
0.0967142
0.10372
0.127678
0.135497
0.142362
0.150972
0.155016
0.155682
0.154013
0.150629
0.144823
0.139
0.132296
0.124889
0.116944
0.107437
0.098862
0.0901878
0.0815539
0.0730551
0.0641964
0.059882
0.0556712
0.0516337
0.0478604
0.0443937
0.0394265
0.0364036
0.0356443
0.0387919
0.0413224
0.0441419
0.0454022
0.0461048
0.0462923
0.0459877
0.0462589
0.0451341
0.043676
0.0419548
0.0400492
0.0379978
0.0367757
0.0345607
0.0323463
0.0301317
0.027918
0.0264651
0.0243228
0.0222565
0.020298
0.0184662
0.0182249
0.0176242
0.0172899
0.0171981
0.0169498
0.0165573
0.0172791
0.0166289
0.0158515
0.0154874
0.0153014
0.0157959
0.0156837
0.0156246
0.015585
0.0155772
0.0160914
0.016111
0.0160766
0.015926
0.0157621
0.0156016
0.0158576
0.015694
0.0155457
0.0154036
0.0152212
0.0153586
0.0151634
0.0149798
0.0147423
0.0144497
0.014448
0.014149
0.0138353
0.0135508
0.0132824
0.0130225
0.0129864
0.0126616
0.0123184
0.0121187
0.0119396
0.0117934
0.0116056
0.0113902
0.0111572
0.0108939
0.010631
0.0103142
0.0106561
0.011215
0.0119882
0.0129788
0.0141109
0.0156093
0.0173923
0.0194539
0.021807
0.0241681
0.0271556
0.0305037
0.0342049
0.0383187
0.0422981
0.0472378
0.0526643
0.058536
0.0674628
0.0740103
0.0802679
0.0800176
0.0729553
0.0629298
0.0534695
0.0421762
0.0378195
0.0429115
0.0472916
0.0539289
0.0729021
0.0892003
0.103695
0.116248
0.126815
0.135425
0.143189
0.148168
0.151524
0.153397
0.153936
0.154247
0.152577
0.150031
0.146737
0.142814
0.139238
0.134369
0.12918
0.123749
0.118141
0.112409
0.107347
0.101516
0.0957151
0.0899791
0.084331
0.07939
0.0739533
0.0686651
0.0635355
0.0585626
0.0542255
0.0495742
0.0451097
0.0408367
0.0367532
0.0328493
0.029442
0.0258971
0.0225398
0.0193926
0.0164236
0.0138289
0.0111971
0.00873551
0.0064308
0.00605294
0.00528765
0.00528529
0.0053156
0.00593194
0.00664842
0.0072875
0.0075407
0.00808141
0.00905979
0.00995517
0.0107453
0.0114606
0.0120634
0.0125624
0.0129804
0.0133143
0.0136236
0.0137762
0.0138343
0.0137939
0.0136669
0.0134534
0.0132924
0.0129637
0.0125924
0.0121928
0.0117323
0.011334
0.0107654
0.0101645
0.0100002
0.00977856
0.00941935
0.00907841
0.00872821
0.0083922
0.00807369
0.00776276
0.00745721
0.0072235
0.00705889
0.00691518
0.00676502
0.00659153
0.00646083
0.00634196
0.0062059
0.00606859
0.00592746
0.00580528
0.00567913
0.00555046
0.00541987
0.00529596
0.00518161
0.00510946
0.00504135
0.00494763
0.0048631
0.00478779
0.00479417
0.00516915
0.00543736
0.00561872
0.00075376
0.00243844
0.0153745
0.0288164
0.0392139
0.0425441
0.0482153
0.0526123
0.056053
0.0587739
0.0545548
0.0559018
0.0566166
0.0566064
0.0558069
0.0542441
0.0457912
0.0428728
0.0392543
0.0350385
0.0303132
0.0205305
0.0155011
0.0108107
0.0130029
0.0150403
0.0194326
0.0210517
0.0226933
0.0283424
0.0343644
0.0405058
0.053097
0.0590778
0.0650017
0.0708199
0.07636
0.0866724
0.0911049
0.0949611
0.0981006
0.10043
0.105608
0.105723
0.104737
0.102577
0.0991876
0.0950541
0.104482
0.111601
0.118946
0.126477
0.134124
0.143874
0.151368
0.158664
0.165806
0.172721
0.181036
0.187248
0.193081
0.198588
0.203745
0.20858
0.214395
0.218495
0.222307
0.225864
0.229184
0.233194
0.235776
0.237931
0.239652
0.240918
0.242609
0.242866
0.242612
0.242104
0.243209
0.243793
0.246274
0.245975
0.245213
0.243943
0.242133
0.242117
0.239424
0.236374
0.232969
0.229202
0.227242
0.222763
0.217938
0.212744
0.207229
0.201425
0.197404
0.191054
0.184504
0.177788
0.170922
0.165833
0.158722
0.15154
0.144326
0.138136
0.13614
0.133065
0.129904
0.126683
0.123425
0.120156
0.117767
0.114508
0.111292
0.108131
0.105041
0.102783
0.0998517
0.0970359
0.0943549
0.0918191
0.0900182
0.087687
0.0853733
0.0831053
0.0809137
0.0787653
0.0798872
0.0816743
0.0836509
0.0858414
0.0881885
0.0904035
0.0930319
0.0957963
0.0986483
0.101624
0.104329
0.107512
0.110779
0.114165
0.117678
0.121349
0.124745
0.128788
0.133089
0.137692
0.168537
0.172866
0.178765
0.176517
0.178866
0.186899
0.189122
0.189617
0.186471
0.179768
0.169857
0.156868
0.13814
0.140842
0.143872
0.144494
0.142708
0.136486
0.130132
0.121507
0.118102
0.122442
0.123217
0.127162
0.149147
0.169462
0.187921
0.204392
0.221236
0.233519
0.243763
0.252042
0.258427
0.265081
0.267942
0.269253
0.269152
0.267759
0.26692
0.263267
0.258685
0.253263
0.247117
0.240341
0.234362
0.226519
0.228059
0.231023
0.233234
0.236954
0.237714
0.237796
0.237258
0.236126
0.236601
0.234355
0.231609
0.228373
0.224692
0.220593
0.218163
0.213338
0.208195
0.20276
0.197089
0.193081
0.186941
0.18063
0.174169
0.167605
0.162693
0.155945
0.149165
0.142394
0.135644
0.128947
0.123805
0.117175
0.110634
0.104177
0.0978445
0.0929356
0.0868375
0.0808941
0.0751174
0.0695142
0.0651646
0.0598883
0.0548038
0.0499272
0.0452695
0.0421153
0.0406874
0.0386803
0.0366752
0.0346963
0.032728
0.0313487
0.0294598
0.0276336
0.0258795
0.0242063
0.0231008
0.0215774
0.0201314
0.0187492
0.0174447
0.0161886
0.0154002
0.0142447
0.0131397
0.0123008
0.0117263
0.0113592
0.0108961
0.0105015
0.0101631
0.00992169
0.00985049
0.00976546
0.00977767
0.00986643
0.0100213
0.0102601
0.0105531
0.0109033
0.0115038
0.0137325
0.0162384
0.0185481
0.0215486
0.0248102
0.0282922
0.0320237
0.0353818
0.0395677
0.0439842
0.0486281
0.0534666
0.0585445
0.0630574
0.0685442
0.0742554
0.0801978
0.0863625
0.0918732
0.0761983
0.0838254
0.0919844
0.0882046
0.0757343
0.0590985
0.0609983
0.0720459
0.0884642
0.103032
0.114941
0.12535
0.133633
0.139848
0.154786
0.176671
0.195783
0.213032
0.228316
0.241583
0.253772
0.262938
0.270104
0.275321
0.278662
0.280238
0.280901
0.279191
0.27606
0.271619
0.265983
0.259834
0.252143
0.243638
0.23442
0.224642
0.214652
0.203935
0.192913
0.181683
0.170381
0.159088
0.147752
0.136571
0.125553
0.114789
0.104335
0.098501
0.092817
0.0872513
0.0818388
0.0766352
0.0731426
0.0684467
0.064124
0.0602249
0.0567764
0.0538109
0.0522333
0.0502338
0.0487837
0.047889
0.0475514
0.0480971
0.0508925
0.0543529
0.0578645
0.0613561
0.0647724
0.0679734
0.0708706
0.073342
0.0752538
0.07653
0.0773769
0.0772447
0.0763635
0.0747774
0.0725771
0.070484
0.0674037
0.0640351
0.0604746
0.0567848
0.0537106
0.0499863
0.046985
0.0467112
0.0462323
0.0455485
0.0455293
0.0444184
0.0431648
0.041711
0.0400797
0.0391469
0.0372369
0.035256
0.0331674
0.030972
0.0295307
0.0272331
0.0249075
0.022545
0.0201614
0.0177634
0.0160346
0.0135602
0.0110514
0.00851639
0.00852926
0.0109161
0.0141176
0.0175185
0.0211058
0.0249041
0.0282298
0.0325066
0.0370602
0.0418692
0.0469348
0.0522571
0.0569849
0.06276
0.0687806
0.0750418
0.0815292
0.0873065
0.0942263
0.101362
0.125511
0.133553
0.14061
0.149463
0.153788
0.154749
0.153374
0.150272
0.144705
0.13913
0.132626
0.12534
0.117407
0.107787
0.0989175
0.0897708
0.0804748
0.0742403
0.0679183
0.0628109
0.0577694
0.0529001
0.0483535
0.0440797
0.038476
0.0348
0.0314452
0.0283374
0.0254954
0.0221599
0.0235794
0.0247023
0.0255837
0.0262617
0.0279552
0.0283077
0.0282592
0.0281659
0.0279988
0.0276673
0.027891
0.0273427
0.0266862
0.0259172
0.0250199
0.0245984
0.0234605
0.0222456
0.0210042
0.0197427
0.0188967
0.0180227
0.0182874
0.0183804
0.0183236
0.0181408
0.0186291
0.0182221
0.0177427
0.0175758
0.0175326
0.0184111
0.018244
0.0180528
0.0178156
0.0175319
0.0180167
0.0175752
0.0170306
0.016415
0.0157224
0.0149709
0.0148778
0.0141237
0.0133805
0.0126203
0.0118051
0.0115094
0.0106469
0.00985453
0.00913944
0.00846324
0.00824259
0.00754577
0.00681482
0.00711304
0.00817516
0.00918659
0.0100153
0.0109727
0.0118872
0.0127804
0.0136438
0.0143342
0.0151129
0.0157862
0.0163509
0.0168016
0.0171158
0.0173936
0.0176264
0.0179189
0.0182119
0.0184554
0.0198432
0.0219201
0.0241581
0.0265944
0.029264
0.0317801
0.0349077
0.0383402
0.0421178
0.0462569
0.0502079
0.0551346
0.0605474
0.0664667
0.0753475
0.0823319
0.0889481
0.0877655
0.0823398
0.0744541
0.0652769
0.0542724
0.0446312
0.0427313
0.0461433
0.0496339
0.067825
0.0833434
0.09721
0.109318
0.119626
0.128136
0.135918
0.141023
0.144605
0.146796
0.147744
0.148473
0.147329
0.145342
0.142633
0.139316
0.136281
0.132028
0.127446
0.122601
0.117559
0.112379
0.107782
0.102459
0.0971424
0.0918614
0.086644
0.082063
0.0770187
0.0721013
0.0673285
0.0627052
0.0586673
0.0543542
0.0502208
0.0462734
0.0425196
0.0389496
0.0358334
0.0325645
0.0294504
0.026529
0.0238166
0.021491
0.0191839
0.0170766
0.0151637
0.0134214
0.0118927
0.010455
0.00916073
0.00799543
0.00694868
0.00713477
0.00695369
0.00742817
0.00789854
0.0083532
0.00878796
0.00867563
0.0091138
0.00952768
0.00990103
0.0102844
0.0102793
0.0107742
0.0112641
0.0117198
0.0121259
0.0124641
0.0123978
0.0126099
0.0127587
0.0128466
0.012872
0.0126273
0.0125719
0.0124729
0.0123781
0.0123007
0.0120409
0.0119796
0.0119464
0.0119255
0.0119089
0.0118687
0.0116849
0.0115991
0.0114726
0.0113053
0.0111047
0.0108085
0.0105472
0.0102496
0.00993615
0.00960979
0.0092438
0.00889371
0.00852238
0.00812824
0.00771588
0.00729553
0.00688709
0.00655057
0.0064626
0.00638068
0.00631541
0.00624689
0.00619328
0.00614041
0.00608657
0.00602143
0.00075376
0.00243844
0.0153755
0.0288063
0.039165
0.0424535
0.0479404
0.0519061
0.0545763
0.0562285
0.0507858
0.0506065
0.049715
0.0481002
0.0458239
0.0429565
0.0336033
0.0300343
0.0262216
0.0222817
0.0183865
0.0115964
0.0135213
0.0155119
0.0175497
0.0195712
0.0255939
0.0275357
0.0293271
0.0309018
0.0334073
0.0357852
0.0446459
0.0458375
0.0464989
0.0466522
0.046278
0.0512799
0.0495933
0.0474319
0.0447909
0.0416506
0.0423989
0.0416849
0.0412579
0.0410901
0.0411882
0.0415912
0.0455659
0.0464023
0.0487881
0.0540644
0.0600789
0.0694222
0.0772021
0.0859387
0.0956137
0.10617
0.119611
0.13157
0.144994
0.161194
0.176841
0.191685
0.20461
0.216116
0.22593
0.233976
0.239796
0.244205
0.245434
0.244331
0.241312
0.236806
0.233268
0.227072
0.220453
0.213625
0.2068
0.200028
0.19545
0.188903
0.182481
0.176154
0.169888
0.165558
0.159294
0.153015
0.146685
0.140295
0.135635
0.129058
0.122387
0.115618
0.108765
0.101815
0.0965
0.0893908
0.0822499
0.0751033
0.0679751
0.0624923
0.0554656
0.0485681
0.0418645
0.0353898
0.0316486
0.0335537
0.0371994
0.0405897
0.0437326
0.0464942
0.0487545
0.0506794
0.0520851
0.0529355
0.053261
0.0531968
0.0524988
0.0512653
0.0495137
0.0472539
0.0449331
0.0417762
0.0381982
0.034228
0.0317283
0.0294137
0.0272499
0.0246008
0.0217699
0.0202787
0.0210958
0.0214499
0.0216788
0.0215742
0.0245335
0.0313231
0.0375171
0.0448602
0.0525296
0.0605567
0.0689574
0.0777668
0.0858671
0.0955087
0.105625
0.116248
0.153289
0.163166
0.175534
0.179842
0.180012
0.176808
0.172756
0.172704
0.168356
0.159922
0.14767
0.131926
0.110405
0.0989617
0.11033
0.121511
0.132132
0.140222
0.148613
0.15554
0.160839
0.164364
0.168082
0.19384
0.217815
0.239781
0.259587
0.277135
0.29474
0.307731
0.318502
0.327138
0.333726
0.340429
0.343198
0.344255
0.343744
0.341783
0.340322
0.33585
0.330349
0.323879
0.31657
0.308498
0.301279
0.291922
0.284827
0.28595
0.286242
0.288221
0.286922
0.284883
0.282162
0.278782
0.277252
0.272685
0.267589
0.261983
0.255928
0.249449
0.244929
0.23771
0.230177
0.222369
0.214351
0.208321
0.199912
0.191391
0.182782
0.174136
0.167468
0.158786
0.15015
0.141607
0.133164
0.124853
0.118381
0.110331
0.102479
0.0948228
0.0873953
0.0816172
0.0746219
0.0678914
0.0614364
0.0552703
0.0505235
0.044893
0.0395651
0.0345374
0.0297955
0.0275575
0.0278975
0.0278579
0.0276817
0.0273734
0.0269538
0.0267001
0.026091
0.0253991
0.0246561
0.023865
0.0232836
0.0224231
0.0215418
0.0206627
0.0197713
0.0189064
0.0182628
0.0174314
0.0166375
0.0159002
0.0152273
0.0147821
0.0142234
0.0137394
0.0133128
0.0129619
0.0127775
0.0125458
0.0123883
0.0122929
0.0122551
0.0123012
0.0124222
0.0125803
0.0128051
0.0131087
0.014726
0.0165207
0.0189329
0.021613
0.0245183
0.0276746
0.0305234
0.0341298
0.0379957
0.042134
0.0465181
0.0511677
0.0553347
0.0604616
0.0658445
0.0714881
0.0773785
0.082681
0.0668653
0.0744229
0.0825804
0.0788109
0.0663502
0.054874
0.0595
0.0761304
0.0926347
0.107259
0.119174
0.129566
0.137804
0.143952
0.162738
0.184392
0.203236
0.220222
0.235255
0.248285
0.260285
0.269236
0.27617
0.281146
0.284249
0.2856
0.286071
0.284151
0.280803
0.276142
0.270272
0.263918
0.255984
0.247233
0.237778
0.22772
0.217474
0.206477
0.195197
0.183721
0.172137
0.160531
0.148918
0.137444
0.126165
0.115153
0.106269
0.102393
0.0966613
0.0910229
0.085518
0.0801987
0.0765829
0.0717123
0.067167
0.0629979
0.0592429
0.0559448
0.0540665
0.0517157
0.0499345
0.0487512
0.0481457
0.0513359
0.0549254
0.0585811
0.0622598
0.0659141
0.0694806
0.0728685
0.07604
0.0788729
0.0811413
0.0826277
0.0835198
0.0833469
0.0823241
0.0804934
0.0780093
0.0756082
0.072137
0.0683345
0.0643212
0.0601345
0.0565539
0.0521434
0.0476689
0.0431771
0.0387007
0.0343584
0.0336554
0.0318644
0.0299691
0.0279561
0.0258518
0.024579
0.0223085
0.0200045
0.0176558
0.0152865
0.0137378
0.0112703
0.0114221
0.0113788
0.0110318
0.0117606
0.0123047
0.0126874
0.0127416
0.0124577
0.0118258
0.0116339
0.0135996
0.0155312
0.0174375
0.0193953
0.0209265
0.0230763
0.0253475
0.029396
0.03388
0.0386903
0.0430443
0.0484655
0.0541887
0.0602113
0.0665223
0.0721792
0.0789901
0.0860522
0.110148
0.118148
0.125175
0.133997
0.138285
0.139214
0.137823
0.134727
0.129172
0.123625
0.117164
0.109949
0.102129
0.0926419
0.0839699
0.0750693
0.0688217
0.0646256
0.0590573
0.0549218
0.0508792
0.0469501
0.0432129
0.039684
0.0346134
0.0314588
0.0286026
0.0260934
0.0252738
0.0277199
0.0289287
0.0298853
0.0306384
0.0311982
0.0324182
0.032602
0.0326488
0.0325447
0.0323038
0.0319132
0.0320493
0.0312646
0.0303155
0.0292165
0.0279896
0.0272543
0.025761
0.0242031
0.0226108
0.0209961
0.0207226
0.0209751
0.0210445
0.0209462
0.020695
0.0203091
0.0206121
0.0199524
0.019518
0.0191028
0.0185473
0.0189559
0.0182445
0.01746
0.0166015
0.0157393
0.0157469
0.0148429
0.0139552
0.0130829
0.0122192
0.0113742
0.0112442
0.0104472
0.00966089
0.00890713
0.00817896
0.00803763
0.00744118
0.00693975
0.00651754
0.00615543
0.00618954
0.00575581
0.00577164
0.00666484
0.00767012
0.00877871
0.00974599
0.0108211
0.011843
0.012852
0.0138863
0.0148418
0.016059
0.0172897
0.0184833
0.0195965
0.020463
0.0213318
0.0221293
0.0228145
0.0233615
0.0237382
0.0239592
0.024046
0.0239695
0.0237388
0.02519
0.0279735
0.0314489
0.0352575
0.0393836
0.0438465
0.0480478
0.0532184
0.0588103
0.0648875
0.073902
0.0809494
0.0875118
0.0862108
0.0806449
0.0726462
0.0633383
0.0522585
0.0426639
0.0434688
0.0467139
0.0523509
0.0704152
0.0858624
0.0997104
0.111824
0.122131
0.130659
0.138464
0.143612
0.147247
0.149508
0.150532
0.151331
0.15028
0.148403
0.145825
0.142662
0.139781
0.135726
0.131372
0.126778
0.122018
0.117144
0.112827
0.107823
0.102829
0.0978626
0.0929563
0.0886412
0.0838917
0.07926
0.0747606
0.070398
0.0665784
0.0624951
0.0585712
0.0548121
0.0512164
0.0477874
0.0447787
0.041658
0.0386977
0.0358982
0.0332596
0.0309325
0.0285845
0.0264172
0.0244218
0.0225802
0.0209422
0.0193674
0.0179594
0.0167248
0.016083
0.0154451
0.0150975
0.0144833
0.0139064
0.0133912
0.0129003
0.0126727
0.0122379
0.0118054
0.0113602
0.0109229
0.0106906
0.0102608
0.00984427
0.00944334
0.00903784
0.00865553
0.00845274
0.00810118
0.00775473
0.00741395
0.00707525
0.00687575
0.00655033
0.00623335
0.00592972
0.00562847
0.00543958
0.00515044
0.0048743
0.00461045
0.00435762
0.00412178
0.00406438
0.00408164
0.00409119
0.00410013
0.00410701
0.00407545
0.00410344
0.00416432
0.00422201
0.00427619
0.0043017
0.00437923
0.00445557
0.00453292
0.00460738
0.00468031
0.00472623
0.00479208
0.00489235
0.00505228
0.00521263
0.00533573
0.00549108
0.00564474
0.00582467
0.00599517
0.00075376
0.00243844
0.0153745
0.0288164
0.0392139
0.0425441
0.0482149
0.0526107
0.0560605
0.0588041
0.0545986
0.0560756
0.0570984
0.0576482
0.057749
0.0573645
0.0501914
0.0490562
0.0474928
0.0455028
0.0431019
0.0359191
0.0363654
0.036437
0.0360065
0.0350711
0.0258267
0.0236267
0.0206737
0.0168642
0.016481
0.0186813
0.025425
0.0313184
0.0366028
0.041065
0.0444806
0.0456649
0.0509876
0.0558697
0.0596359
0.0621621
0.0671262
0.0665643
0.0644326
0.060688
0.0552981
0.0537407
0.062535
0.0685068
0.0742762
0.0798464
0.0851965
0.0927197
0.0975391
0.10756
0.121963
0.136825
0.153841
0.169791
0.186654
0.204328
0.222127
0.239296
0.256709
0.271126
0.283883
0.295121
0.304884
0.315386
0.322528
0.328405
0.333045
0.336515
0.341428
0.342912
0.343438
0.343122
0.34209
0.34044
0.340868
0.338271
0.335211
0.331675
0.327841
0.326184
0.321752
0.317058
0.312103
0.306895
0.303743
0.297997
0.292017
0.285809
0.279381
0.272751
0.268046
0.260956
0.253703
0.246301
0.238766
0.233102
0.225327
0.217483
0.2096
0.201713
0.195618
0.187726
0.179874
0.172107
0.164488
0.157013
0.151155
0.143913
0.136832
0.129931
0.123233
0.117972
0.111659
0.105597
0.0998
0.0942968
0.0900444
0.085116
0.0805377
0.076312
0.0724534
0.0689666
0.0664306
0.0636588
0.0611605
0.0590213
0.0572955
0.0561231
0.0550717
0.0544298
0.0543016
0.0589903
0.0638725
0.0697822
0.0762092
0.0831873
0.0906789
0.0987238
0.106261
0.11531
0.124904
0.135109
0.145704
0.155246
0.167297
0.179844
0.189443
0.194988
0.194194
0.19049
0.1823
0.169841
0.153409
0.133352
0.11395
0.112905
0.110054
0.115567
0.12864
0.138748
0.149227
0.158011
0.164925
0.179293
0.21275
0.242522
0.27039
0.296116
0.319535
0.340531
0.360991
0.377007
0.390556
0.401713
0.410571
0.419065
0.423666
0.426329
0.4272
0.426401
0.425782
0.422043
0.417038
0.410874
0.403677
0.395536
0.388107
0.378344
0.367914
0.356905
0.345404
0.334939
0.322643
0.310035
0.305706
0.301959
0.300062
0.295028
0.289427
0.283294
0.276694
0.269647
0.264616
0.256799
0.248657
0.240229
0.23159
0.225013
0.215973
0.206814
0.197562
0.188274
0.181041
0.171709
0.16243
0.153249
0.144182
0.135269
0.128297
0.11972
0.111396
0.103313
0.0954926
0.0893826
0.0820165
0.0749163
0.068075
0.0615059
0.0564018
0.0503658
0.0446332
0.0392148
0.0347162
0.0323475
0.0305873
0.0284439
0.0264413
0.0245231
0.022708
0.0213115
0.0196989
0.0182286
0.0168999
0.01569
0.0147366
0.0136826
0.0126983
0.0117746
0.0109183
0.0101705
0.00985207
0.0101842
0.010442
0.0106472
0.0108038
0.0106859
0.0107988
0.0109332
0.0110713
0.0112432
0.0112264
0.0114889
0.0118227
0.0122246
0.0127101
0.0133019
0.0137156
0.0145099
0.0162332
0.0183296
0.0206785
0.0228511
0.0257348
0.0289176
0.0323639
0.0361673
0.0396682
0.0441409
0.0489764
0.0541257
0.059605
0.065402
0.0706226
0.0770208
0.0837336
0.0907743
0.0980852
0.104648
0.0902326
0.0991428
0.108578
0.105986
0.0944688
0.0788354
0.0693303
0.072162
0.0723252
0.0843938
0.0954681
0.105023
0.112564
0.118156
0.129327
0.15106
0.170147
0.187512
0.20303
0.216633
0.229196
0.238882
0.24664
0.25252
0.256587
0.258966
0.260397
0.259646
0.257518
0.254139
0.249611
0.244474
0.237964
0.230688
0.222753
0.214259
0.205409
0.195995
0.186286
0.176373
0.166332
0.157276
0.154499
0.149355
0.143936
0.138315
0.132545
0.128521
0.122565
0.116639
0.110776
0.105043
0.101035
0.0956741
0.0905867
0.0858252
0.0814223
0.0774288
0.0748945
0.0717335
0.0690591
0.0669064
0.0653314
0.0647929
0.0641309
0.063915
0.0641108
0.0646133
0.0655095
0.0682142
0.0712654
0.0740736
0.0764409
0.0782006
0.0794675
0.0797726
0.0792038
0.0777896
0.0756198
0.0734459
0.0701338
0.0663852
0.0622864
0.0579135
0.0541226
0.0494633
0.0447397
0.0400221
0.0353418
0.0307505
0.0275018
0.0264857
0.0253537
0.0241048
0.0227489
0.0221046
0.0205327
0.0188708
0.017148
0.0154112
0.0162948
0.0170768
0.0176266
0.0179458
0.018043
0.0179392
0.0176896
0.0172297
0.0166125
0.0158151
0.0148419
0.0138807
0.0139851
0.0170178
0.0202984
0.0238484
0.0270115
0.0311361
0.0355791
0.040301
0.045316
0.0505775
0.0552436
0.0609322
0.0668397
0.0729493
0.0792551
0.0848788
0.091679
0.0987327
0.12279
0.130684
0.137569
0.146173
0.150208
0.150868
0.149216
0.145901
0.14019
0.134506
0.127979
0.120788
0.113068
0.103767
0.0954421
0.087045
0.0786984
0.0705028
0.0615213
0.0571605
0.0528539
0.0486317
0.0445157
0.040602
0.0352139
0.0316717
0.0338389
0.0368602
0.0393645
0.0422318
0.0436363
0.0444995
0.0448603
0.0447671
0.0452633
0.0444343
0.0433277
0.0419729
0.0404215
0.0387049
0.0377437
0.0358048
0.0338123
0.031815
0.0298308
0.0285765
0.0266751
0.0249074
0.0232029
0.0215631
0.0205066
0.0193284
0.0185596
0.0184303
0.0182303
0.0179238
0.0187469
0.0181345
0.0173085
0.0165639
0.0166018
0.0173221
0.0174839
0.0177226
0.0179936
0.0182468
0.0189884
0.0192388
0.0195187
0.0198148
0.0201212
0.020411
0.0210811
0.0214176
0.0217814
0.022118
0.0224509
0.0230504
0.0233539
0.0236177
0.0238687
0.0240904
0.0244878
0.0246167
0.0247261
0.0248197
0.0249279
0.0250348
0.0252996
0.0254153
0.0255707
0.0257523
0.0259637
0.0262978
0.0265486
0.0268526
0.0272144
0.0276471
0.0282028
0.0288353
0.0296055
0.0305112
0.0315511
0.0327355
0.0339898
0.0355373
0.0373063
0.0393215
0.0416038
0.0438711
0.0466822
0.0497945
0.0532152
0.0569598
0.0605467
0.0648724
0.0695176
0.0745256
0.0825018
0.0879663
0.0931439
0.0914833
0.0828919
0.0707467
0.0599568
0.0474959
0.0426307
0.0466373
0.0499165
0.0538078
0.0736028
0.0906729
0.105791
0.118852
0.129824
0.138716
0.146663
0.151809
0.155271
0.157202
0.157761
0.158053
0.156316
0.153672
0.150264
0.146217
0.142525
0.137514
0.132173
0.126585
0.120819
0.114906
0.109659
0.103612
0.0976035
0.091661
0.085809
0.0806986
0.0750666
0.0695813
0.0642607
0.0591092
0.0546264
0.0498109
0.045159
0.0407036
0.036465
0.0324433
0.0289407
0.0252929
0.0218472
0.01861
0.0155663
0.0128883
0.0101367
0.00754943
0.00695592
0.00698689
0.00667852
0.00774592
0.00874436
0.00969383
0.0105365
0.0112742
0.0115824
0.0121659
0.0126734
0.013113
0.0134943
0.0135618
0.0138057
0.0140183
0.0142296
0.0144537
0.0146734
0.0147284
0.0146807
0.0145431
0.0143274
0.014033
0.0138058
0.0134165
0.0131554
0.0129291
0.0126819
0.0123361
0.0120156
0.0116736
0.0113174
0.0109485
0.010565
0.0102395
0.00991812
0.00961249
0.00932476
0.00905569
0.00878076
0.00853741
0.00836897
0.00832711
0.00831027
0.00819179
0.00808902
0.00796703
0.00781877
0.0076479
0.00745389
0.00726739
0.00707974
0.00690264
0.00673802
0.00659537
0.00647886
0.0063885
0.00630766
0.00623156
0.00620128
0.00619575
0.00618584
0.0061495
0.00611831
0.00606769
0.000753731
0.00240916
0.0152463
0.0284321
0.0384532
0.0413417
0.0463595
0.0499416
0.0524271
0.0540566
0.0487497
0.0488616
0.0484442
0.0475782
0.0462692
0.0445437
0.0362849
0.0340189
0.0315544
0.0289082
0.0262114
0.0185417
0.0163169
0.0142964
0.0132701
0.0148329
0.0204808
0.0220374
0.0234725
0.0247388
0.025826
0.0266853
0.0316201
0.0320139
0.0321922
0.0321626
0.0319334
0.035758
0.0352117
0.0345673
0.0338375
0.0331603
0.0363331
0.035644
0.0351055
0.0375816
0.0402141
0.0430891
0.0487873
0.052419
0.0565166
0.0611664
0.0664554
0.0750253
0.0865264
0.100776
0.115829
0.131595
0.146443
0.163281
0.180359
0.197525
0.214536
0.231307
0.245711
0.256206
0.261688
0.263268
0.261281
0.258162
0.250671
0.241163
0.229427
0.216162
0.205469
0.190483
0.173503
0.155223
0.134564
0.114572
0.0984448
0.0789899
0.0611275
0.0490442
0.045596
0.056668
0.0821338
0.109687
0.139107
0.169931
0.195711
0.226961
0.256821
0.283976
0.308005
0.329238
0.344558
0.360783
0.375925
0.387013
0.397727
0.405081
0.415769
0.427995
0.442133
0.457303
0.470242
0.485941
0.500442
0.512803
0.523624
0.531112
0.533612
0.534855
0.531102
0.529505
0.522949
0.515627
0.505525
0.494382
0.482706
0.470511
0.459084
0.445773
0.432892
0.419307
0.406081
0.392665
0.380845
0.367709
0.354794
0.342004
0.32939
0.318297
0.305941
0.296304
0.30074
0.30512
0.308825
0.312978
0.317098
0.321186
0.325208
0.329337
0.333019
0.337379
0.341932
0.346799
0.377896
0.382446
0.388575
0.386563
0.380328
0.370643
0.357398
0.343234
0.327709
0.310999
0.293405
0.290733
0.294206
0.29828
0.302276
0.305873
0.308771
0.310053
0.310616
0.309673
0.307081
0.30278
0.295796
0.287989
0.303056
0.320209
0.335135
0.347752
0.36099
0.368912
0.374582
0.378106
0.37959
0.381862
0.379622
0.375752
0.370403
0.36374
0.358279
0.34933
0.339457
0.328772
0.317388
0.305397
0.294869
0.281868
0.268507
0.254859
0.252745
0.253202
0.250258
0.246644
0.242408
0.237571
0.234813
0.228893
0.222505
0.215666
0.208439
0.200851
0.195412
0.187196
0.178731
0.17007
0.161284
0.154649
0.145638
0.136603
0.127568
0.118588
0.11169
0.102806
0.094038
0.0854301
0.0769807
0.0687246
0.0623465
0.0588465
0.0554133
0.0520745
0.0488378
0.0466359
0.0436248
0.0407847
0.0381292
0.0360652
0.0357242
0.0348279
0.033807
0.0326666
0.0314537
0.0302034
0.0293356
0.0288251
0.0314581
0.033762
0.035773
0.0370867
0.0386216
0.0398793
0.0408924
0.0416787
0.0420112
0.0424357
0.0428727
0.0433539
0.0436299
0.0437427
0.0434398
0.0432513
0.0429172
0.0424628
0.0419052
0.0411262
0.0404333
0.039698
0.038916
0.0381199
0.0372192
0.0364271
0.0356541
0.0348989
0.0341804
0.0335308
0.0328312
0.0323249
0.0318967
0.0315907
0.0314025
0.0311972
0.0312759
0.0315946
0.0341078
0.0368547
0.0393329
0.042512
0.0459567
0.0496676
0.0536388
0.0578883
0.0617076
0.0664446
0.0714646
0.0767662
0.0823429
0.0873619
0.0711383
0.0782361
0.0858845
0.0815677
0.0686398
0.0516171
0.0564036
0.0730624
0.089339
0.103748
0.115507
0.125744
0.13387
0.140388
0.162605
0.184389
0.203411
0.220617
0.235883
0.249151
0.261351
0.270555
0.277779
0.28308
0.286524
0.288226
0.289013
0.287462
0.284485
0.280198
0.274702
0.268645
0.261028
0.252586
0.243451
0.233733
0.223769
0.213068
0.202075
0.190875
0.179549
0.168182
0.15676
0.145478
0.134369
0.126343
0.120486
0.116392
0.110366
0.104376
0.0984477
0.0926411
0.0885707
0.083161
0.0780656
0.0733497
0.0690574
0.0652305
0.0628907
0.0600098
0.0576767
0.0559203
0.0547612
0.0546254
0.0560483
0.0592564
0.0625625
0.0659003
0.0692225
0.0723355
0.0751738
0.0775742
0.0793927
0.0806067
0.0813648
0.08103
0.0798249
0.0777972
0.0750675
0.0724392
0.0686971
0.0646294
0.0603538
0.0559333
0.0522163
0.0477448
0.0433152
0.0420056
0.0414054
0.040597
0.0404812
0.039302
0.0379669
0.0364913
0.0348904
0.0340436
0.0322648
0.0304098
0.02846
0.0264116
0.0250929
0.0229316
0.0207627
0.0185887
0.0183691
0.0183251
0.0181303
0.0177222
0.0171382
0.0163601
0.0154146
0.0144698
0.0148739
0.0180271
0.0214245
0.0250958
0.0283408
0.032544
0.0370366
0.0418031
0.0468541
0.0521897
0.0569548
0.0627888
0.068886
0.0752304
0.0818103
0.0876764
0.0946945
0.101924
0.126152
0.134298
0.141491
0.150485
0.154934
0.156004
0.154751
0.151805
0.14638
0.141105
0.135179
0.128678
0.121634
0.112887
0.105558
0.101123
0.096323
0.0912292
0.0846222
0.0790416
0.0733615
0.0676172
0.0618462
0.0561098
0.0490233
0.0434799
0.0381251
0.0329783
0.0280588
0.0266402
0.0270998
0.0272849
0.0272262
0.0269497
0.0274668
0.026854
0.026766
0.0271679
0.0274322
0.027614
0.0288552
0.0289152
0.0289287
0.0289069
0.0288723
0.0298735
0.0298394
0.0298168
0.0298141
0.0298467
0.0308168
0.030951
0.0311384
0.0313624
0.0315966
0.0318264
0.0327958
0.0330443
0.0333061
0.033568
0.0338151
0.034616
0.0347407
0.0347882
0.0347465
0.0346405
0.0350022
0.0347449
0.0344008
0.0339349
0.0333758
0.0327258
0.0324821
0.0316662
0.0307723
0.0298135
0.0287706
0.0281037
0.026915
0.0256587
0.0243449
0.0229743
0.0219709
0.0208749
0.0205785
0.0203126
0.0200733
0.019839
0.0198929
0.0196857
0.019527
0.0194104
0.0193142
0.0194132
0.0201845
0.0209652
0.0216844
0.0223404
0.0228386
0.0233163
0.0236666
0.0238906
0.0239666
0.0238877
0.0237161
0.0233317
0.0227304
0.0219452
0.0210622
0.0201985
0.0235472
0.0273816
0.0315921
0.0361932
0.0405806
0.0460134
0.0519314
0.0583088
0.0676314
0.0750744
0.0820888
0.0813156
0.0761163
0.0682461
0.0588525
0.0476075
0.0377027
0.0392003
0.0421426
0.0570634
0.0753015
0.0907541
0.10441
0.116142
0.125923
0.133785
0.140911
0.145182
0.147855
0.149084
0.149025
0.14885
0.146659
0.14363
0.139893
0.135577
0.1317
0.12652
0.121055
0.115383
0.109574
0.103687
0.0985225
0.0926049
0.0867448
0.0809754
0.0753206
0.0703973
0.0650085
0.0597959
0.0547757
0.0499583
0.0457944
0.0413791
0.0371856
0.0332159
0.0294723
0.0259615
0.022918
0.0197946
0.0169096
0.0142231
0.0117122
0.00950822
0.00731325
0.00528896
0.00343984
0.00246927
0.00124338
0.00164333
0.00232306
0.00337586
0.00430915
0.00512391
0.0058642
0.00646117
0.00695306
0.00735667
0.00801152
0.00842342
0.00909814
0.00972056
0.0102808
0.0107794
0.0110117
0.0114008
0.0117329
0.0120115
0.0123171
0.0126278
0.012733
0.012941
0.0131161
0.013291
0.0134555
0.0135028
0.0136539
0.0137835
0.0138862
0.0139725
0.0139586
0.0139983
0.0140044
0.0139747
0.0139243
0.0138623
0.0137524
0.0136696
0.0135622
0.0134548
0.0133504
0.0132454
0.0132182
0.0132213
0.0132357
0.0132445
0.0132142
0.0131904
0.0131388
0.0131094
0.0131163
0.0131223
0.0130897
0.0130498
0.012995
0.0129059
0.0127906
0.0126623
0.0125163
0.0123633
0.012206
0.0120356
0.00075376
0.00243844
0.0153745
0.0288164
0.0392139
0.0425441
0.0482149
0.0526107
0.0560605
0.0588041
0.0545986
0.0560756
0.0570984
0.0576482
0.057749
0.0573645
0.0501914
0.0490562
0.0474928
0.0455028
0.0431019
0.0359191
0.0363654
0.036437
0.0360065
0.0350711
0.0258267
0.0236267
0.0206738
0.0168618
0.0164585
0.0185686
0.025168
0.0308945
0.0360421
0.0403635
0.0436178
0.0450152
0.0508308
0.0557709
0.0595596
0.0620588
0.0669926
0.0663422
0.0640771
0.0601735
0.0545812
0.0540987
0.06269
0.0683874
0.0738735
0.0791291
0.0841629
0.0913925
0.0972803
0.111924
0.127017
0.142493
0.15976
0.175799
0.192046
0.208135
0.223701
0.238332
0.253534
0.265531
0.275855
0.284563
0.291746
0.299973
0.304454
0.307665
0.309673
0.310573
0.313317
0.312337
0.310558
0.308112
0.305051
0.301431
0.300186
0.295704
0.290959
0.285994
0.280832
0.278105
0.272494
0.266699
0.260718
0.254559
0.250683
0.244203
0.2376
0.230873
0.224045
0.217129
0.212292
0.205208
0.19806
0.190856
0.183612
0.17827
0.170952
0.163642
0.15636
0.149132
0.143666
0.136568
0.129527
0.122471
0.115527
0.108715
0.103441
0.096879
0.0904919
0.0842531
0.0781661
0.0734119
0.0676619
0.062155
0.0569071
0.0519919
0.0482788
0.0439768
0.040043
0.0365168
0.0333762
0.0306702
0.0288441
0.0270482
0.0274329
0.0304501
0.0330396
0.0364079
0.0406112
0.0452981
0.05046
0.0561194
0.0615901
0.0681543
0.0752004
0.0827107
0.0907175
0.0992187
0.107176
0.116632
0.126626
0.137162
0.148155
0.15807
0.170448
0.183225
0.192784
0.198283
0.19752
0.193919
0.185981
0.173963
0.158012
0.138502
0.116983
0.116211
0.113591
0.109061
0.121367
0.131577
0.142204
0.151204
0.158341
0.167882
0.200957
0.230355
0.257904
0.283369
0.306582
0.327422
0.347782
0.363723
0.377238
0.388397
0.397285
0.405827
0.4105
0.413256
0.414239
0.413567
0.413064
0.409467
0.404615
0.3986
0.391549
0.383562
0.376271
0.366667
0.356399
0.345545
0.334196
0.323865
0.311731
0.30878
0.305825
0.302141
0.300291
0.2953
0.289738
0.28364
0.277069
0.270048
0.265041
0.257245
0.24911
0.240673
0.232008
0.225402
0.216333
0.207148
0.197875
0.188573
0.181333
0.172
0.162715
0.153533
0.144467
0.135561
0.128591
0.119982
0.111581
0.103384
0.0954382
0.0892162
0.0817235
0.0744947
0.0675351
0.0608679
0.0556855
0.0495637
0.0437558
0.0382704
0.0331014
0.028275
0.0246056
0.0220026
0.0197867
0.0177272
0.0158501
0.0144658
0.0129159
0.01155
0.0109896
0.0105839
0.0103593
0.00992152
0.00947393
0.00904773
0.00861865
0.0082215
0.0079892
0.00782159
0.00795665
0.0080527
0.00813711
0.00812411
0.00817292
0.00819745
0.00818958
0.00815312
0.00806184
0.00798348
0.00809757
0.00849234
0.00896669
0.00954486
0.00994298
0.0106973
0.0121595
0.0142263
0.0165832
0.0188277
0.0217838
0.025051
0.0286027
0.0324659
0.0359577
0.0403493
0.0450248
0.0499983
0.0552334
0.0607623
0.0657139
0.0717836
0.0781236
0.0847243
0.0915516
0.0976323
0.0825687
0.0907644
0.0994418
0.0960631
0.0838486
0.0674017
0.0677313
0.0697371
0.0773061
0.0908913
0.101957
0.111436
0.118834
0.124894
0.147424
0.169464
0.188765
0.206213
0.221704
0.235206
0.247642
0.257112
0.264589
0.270116
0.27377
0.275685
0.276675
0.275357
0.27263
0.268621
0.263449
0.257731
0.250537
0.242535
0.233834
0.224554
0.214999
0.20478
0.194265
0.18354
0.172705
0.162088
0.159195
0.153844
0.148167
0.142276
0.13623
0.131957
0.125711
0.119491
0.113347
0.107338
0.103081
0.0974365
0.0920892
0.0870896
0.0824678
0.078254
0.0755451
0.072231
0.0694712
0.0672776
0.0656387
0.0650292
0.0642627
0.063889
0.0638345
0.0648768
0.0677512
0.0702573
0.0723783
0.0739957
0.0749629
0.0751793
0.07503
0.0736913
0.0715574
0.0687125
0.0652885
0.062161
0.0579423
0.0534791
0.0488753
0.0441813
0.0402444
0.0355383
0.0339841
0.0333285
0.032488
0.0314418
0.0311078
0.0296972
0.0281633
0.0265087
0.024752
0.0237685
0.0218233
0.0197908
0.0177211
0.017197
0.0176521
0.0180166
0.0182042
0.0182307
0.0179616
0.0181862
0.0180755
0.0176828
0.0169349
0.0158175
0.0143405
0.012723
0.0106144
0.0125868
0.0159331
0.0196424
0.0229337
0.0271936
0.0317555
0.0365934
0.0416978
0.0470584
0.0518228
0.0576878
0.0639165
0.0704389
0.0772201
0.0832815
0.0904805
0.0978256
0.1221
0.130177
0.137194
0.145917
0.150046
0.150788
0.149231
0.145976
0.140287
0.134612
0.128076
0.120865
0.113129
0.103804
0.0954366
0.0869825
0.078574
0.0703217
0.0608955
0.0546709
0.0506985
0.046853
0.0431092
0.0395456
0.0344621
0.031261
0.0343398
0.0373003
0.0396528
0.0423472
0.0435464
0.0441913
0.0443278
0.043987
0.0442544
0.0431412
0.0417025
0.0400298
0.0381826
0.0362059
0.0350476
0.0329199
0.0307638
0.0286306
0.0265578
0.0252577
0.0233335
0.0215579
0.0199279
0.019063
0.019671
0.0197033
0.0198861
0.0198941
0.0197454
0.0194434
0.0202036
0.0195645
0.0187991
0.0179335
0.0169656
0.0170041
0.0170635
0.017262
0.0174618
0.0177063
0.0184316
0.0186053
0.0187932
0.0189961
0.0192285
0.0194745
0.0201092
0.0203651
0.0205567
0.0207359
0.0209045
0.0212656
0.0212097
0.0210849
0.0209042
0.0207051
0.0207657
0.0205573
0.020373
0.0202012
0.0200108
0.0198092
0.0198127
0.0196124
0.0194256
0.0192218
0.0190052
0.0189241
0.0187086
0.0185704
0.0184956
0.0185044
0.0187207
0.0190116
0.0195046
0.0202105
0.0211423
0.0223161
0.0236028
0.0251918
0.027018
0.0291231
0.0315345
0.033938
0.0369198
0.0402329
0.0439047
0.047943
0.0518223
0.056567
0.0616721
0.0671261
0.0755552
0.0814915
0.0871283
0.0860476
0.0780312
0.0685634
0.0582904
0.0463207
0.0396458
0.044162
0.047953
0.0549851
0.0743448
0.0909456
0.105629
0.118295
0.128919
0.13754
0.14527
0.150169
0.153406
0.155145
0.15557
0.155789
0.15402
0.151381
0.148
0.144005
0.140375
0.135443
0.130201
0.124727
0.119091
0.11335
0.108293
0.102464
0.0966295
0.0908245
0.0850875
0.0800802
0.0745721
0.0691805
0.0639366
0.0588605
0.0544432
0.0497113
0.0451467
0.0407606
0.0365404
0.0324857
0.0289251
0.0251843
0.0216294
0.0182605
0.0150754
0.0122984
0.00949371
0.00871617
0.00793526
0.00792512
0.00849083
0.00949973
0.0104468
0.011371
0.0122755
0.0130794
0.0134408
0.0140758
0.0146523
0.0151686
0.0155354
0.0155968
0.0158241
0.0159552
0.0160108
0.0160047
0.0158075
0.0157216
0.0155998
0.0154543
0.0152718
0.0150405
0.014744
0.014505
0.0142231
0.0138992
0.0135523
0.0131516
0.0127865
0.0124208
0.012054
0.0116751
0.0112647
0.0109072
0.0106051
0.010236
0.00984234
0.00945431
0.00908738
0.00873338
0.00839207
0.00807954
0.00776231
0.00746518
0.00721893
0.00699417
0.00677283
0.00654356
0.00633077
0.00614358
0.00597292
0.00581798
0.0056648
0.0055037
0.00536031
0.00523737
0.00512262
0.00500809
0.00490826
0.00482109
0.00474215
0.0046594
0.0045779
0.00450134
0.00075376
0.00243844
0.0153745
0.0288164
0.0392139
0.0425441
0.0482149
0.0526107
0.0560605
0.0588041
0.0545986
0.0560756
0.0570984
0.0576482
0.057749
0.0573645
0.0501914
0.0490562
0.0474928
0.0455028
0.0431019
0.0359191
0.0363654
0.036437
0.0360065
0.0350711
0.0258267
0.0236267
0.0206738
0.0168618
0.0164585
0.0185686
0.025168
0.0308945
0.0360421
0.0403635
0.0436178
0.0450152
0.0508308
0.0557709
0.0595596
0.0620588
0.0669926
0.0663422
0.0640771
0.0601735
0.0545812
0.0540987
0.06269
0.0683874
0.0738735
0.0791291
0.0841629
0.0913925
0.0972803
0.111924
0.127017
0.142493
0.15976
0.175799
0.192046
0.208135
0.223701
0.238332
0.253534
0.265531
0.275855
0.284563
0.291746
0.299973
0.304454
0.307665
0.309673
0.310573
0.313324
0.312415
0.310655
0.308151
0.305037
0.30137
0.300172
0.295759
0.291032
0.28601
0.280749
0.277895
0.272125
0.266177
0.260067
0.253803
0.249835
0.243259
0.236573
0.229795
0.222935
0.215992
0.211134
0.204028
0.196883
0.189711
0.182524
0.177252
0.170028
0.162826
0.155658
0.148543
0.143173
0.136177
0.129309
0.122618
0.116098
0.109714
0.104804
0.0985881
0.0924103
0.0862277
0.0800895
0.0752364
0.0693305
0.0635985
0.0580973
0.052888
0.0489404
0.0443425
0.0400803
0.0362187
0.0328213
0.0311429
0.0312356
0.0310429
0.0305749
0.0315554
0.033931
0.0356602
0.0371579
0.0391176
0.0438267
0.0489888
0.0539864
0.0599677
0.0664191
0.0733422
0.0807622
0.0887305
0.0962381
0.105261
0.114908
0.125202
0.136017
0.145752
0.158092
0.170918
0.180821
0.186722
0.186211
0.182886
0.175076
0.163097
0.147154
0.127618
0.113191
0.112344
0.109602
0.115762
0.129042
0.139309
0.149988
0.158974
0.166082
0.18015
0.21329
0.242714
0.270252
0.295661
0.318765
0.339442
0.359628
0.375347
0.388626
0.399547
0.408203
0.416554
0.421019
0.423578
0.424367
0.423502
0.422838
0.419059
0.414022
0.407824
0.400585
0.392405
0.384931
0.375103
0.364601
0.353519
0.341968
0.331464
0.319126
0.316241
0.313213
0.309453
0.307532
0.302456
0.296788
0.290554
0.283828
0.276638
0.271466
0.263471
0.255134
0.246499
0.237632
0.230846
0.221555
0.212142
0.202624
0.193039
0.185528
0.175871
0.166254
0.156731
0.147315
0.13805
0.130773
0.121827
0.113109
0.104621
0.0963912
0.0899244
0.0821611
0.0746807
0.0674862
0.0605892
0.0552136
0.0488811
0.0428737
0.0378559
0.0352794
0.0327535
0.0308332
0.0284905
0.0263292
0.0243267
0.0225018
0.0211266
0.0195616
0.0181403
0.016857
0.0162174
0.0157535
0.0148798
0.0139975
0.0131308
0.0122795
0.0114898
0.010945
0.0110777
0.0114298
0.011667
0.0117928
0.0117756
0.0117619
0.0116976
0.0115665
0.0114088
0.0111924
0.0109718
0.0107285
0.0107722
0.0112266
0.0117852
0.0121626
0.012902
0.0138338
0.0158097
0.018045
0.0201145
0.0228585
0.0258846
0.0291872
0.0327848
0.0360801
0.0402473
0.0447257
0.0495151
0.0546151
0.0600343
0.0649222
0.070935
0.0772841
0.0839516
0.0909134
0.0971545
0.0823292
0.0908113
0.0998262
0.0968377
0.0850193
0.0691172
0.0628427
0.0651748
0.0742934
0.0877802
0.0987986
0.108275
0.115733
0.121215
0.14037
0.162086
0.181094
0.198353
0.213755
0.227236
0.23968
0.249206
0.256823
0.262574
0.266501
0.268715
0.269996
0.269056
0.266746
0.263174
0.25844
0.253082
0.246288
0.23868
0.230363
0.22145
0.212218
0.202381
0.192252
0.181907
0.17145
0.160946
0.156102
0.150976
0.145492
0.139733
0.133812
0.129678
0.123604
0.117552
0.111532
0.105593
0.101367
0.0957408
0.0903947
0.0853856
0.0807642
0.0765752
0.0738975
0.0706091
0.0678451
0.0656187
0.0639468
0.0633341
0.0626263
0.0623807
0.0625523
0.0643325
0.0673149
0.0701651
0.0726965
0.0748599
0.0764102
0.0772049
0.0775615
0.0767548
0.0750949
0.0726561
0.0695858
0.0667449
0.062817
0.0585931
0.0541742
0.0496204
0.0457787
0.0411555
0.0365598
0.0347855
0.0340709
0.0331619
0.0329701
0.0317118
0.0302827
0.028692
0.0269654
0.0260009
0.0240846
0.0221084
0.0200826
0.0179881
0.0174123
0.0181805
0.0187266
0.01905
0.0191147
0.0190002
0.0187449
0.0182517
0.0175726
0.0167192
0.0156828
0.0146421
0.0132691
0.0135412
0.0167422
0.0202367
0.0233411
0.0273829
0.0317253
0.036383
0.041354
0.046599
0.0512871
0.0570864
0.0631622
0.0694764
0.0760656
0.081934
0.0889003
0.0960129
0.120055
0.127922
0.134781
0.143348
0.14735
0.147977
0.146286
0.142912
0.137154
0.131444
0.1249
0.117707
0.110038
0.100817
0.0926278
0.084404
0.0762662
0.0683149
0.0597964
0.055517
0.0513338
0.0472488
0.0432911
0.0394887
0.0341799
0.030712
0.0330326
0.0356048
0.0376318
0.0401024
0.0411397
0.041813
0.0421295
0.0421059
0.0426751
0.0419029
0.0408345
0.0395343
0.0380342
0.0363854
0.035474
0.0335921
0.0316618
0.0296948
0.0277232
0.0265076
0.024622
0.0228329
0.0211349
0.0195318
0.0187595
0.0188095
0.0190608
0.0191684
0.0191304
0.0189469
0.0198545
0.0194016
0.019245
0.0195826
0.0199622
0.0208959
0.021227
0.0216087
0.0220628
0.0225571
0.0235418
0.0240998
0.0246778
0.0252411
0.0257947
0.0263426
0.02721
0.0277354
0.028267
0.0287871
0.0292665
0.0299373
0.0302847
0.0305818
0.030831
0.0310136
0.0313484
0.0314151
0.0314442
0.0314351
0.0313923
0.031325
0.0314346
0.031331
0.0312041
0.0310646
0.0309217
0.0309247
0.030769
0.0306257
0.0305105
0.0304369
0.0305085
0.0305193
0.0305812
0.0306739
0.0308242
0.0310489
0.0314094
0.0318708
0.0324899
0.0333316
0.0344668
0.0357811
0.0375821
0.0397658
0.0423862
0.0454809
0.0486151
0.0526417
0.0571827
0.0622285
0.0703931
0.0761706
0.0817134
0.0805742
0.072649
0.0606743
0.0507553
0.041937
0.0462379
0.0498742
0.0528324
0.0583277
0.0775564
0.0940674
0.108714
0.121401
0.132097
0.140792
0.148571
0.153512
0.156797
0.158586
0.159035
0.159258
0.157479
0.154805
0.15133
0.14719
0.14345
0.138405
0.133042
0.127434
0.121655
0.115744
0.110517
0.104486
0.0984727
0.0924862
0.0865604
0.0813759
0.075643
0.0700365
0.0645767
0.0592726
0.0546525
0.0496894
0.0449297
0.0403821
0.0360554
0.0319492
0.0283935
0.0247021
0.0212334
0.0179884
0.0149746
0.0123785
0.00977361
0.00738329
0.00520197
0.0046545
0.00435299
0.00530812
0.00619099
0.00698322
0.00771075
0.00838321
0.00856203
0.00888276
0.00906751
0.00917977
0.00922206
0.00905034
0.00910684
0.00914767
0.00917804
0.00919104
0.00903797
0.00905302
0.00903708
0.00898482
0.00891806
0.00882857
0.00861631
0.0085427
0.00847147
0.00850707
0.00879553
0.00879332
0.00903873
0.00926535
0.00941955
0.00950976
0.00936779
0.00939053
0.00937277
0.0093244
0.00924395
0.00913824
0.00890879
0.00879623
0.00867051
0.00853632
0.00841253
0.00819832
0.008048
0.00787188
0.00768478
0.00748466
0.00722335
0.00699376
0.00674969
0.00650524
0.00633706
0.0063425
0.00627863
0.00609066
0.00591561
0.00575542
0.00560971
0.0054585
0.00531012
0.00525121
0.00526242
0.00525458
0.000753731
0.00240916
0.0152463
0.0284321
0.0384532
0.0413417
0.0463595
0.0499416
0.0524271
0.0540566
0.0487497
0.0488616
0.0484442
0.0475782
0.0462692
0.0445441
0.0362948
0.0340617
0.0316705
0.0291637
0.0266779
0.0192315
0.0172987
0.0156156
0.0142391
0.0140326
0.0193383
0.0203691
0.0211334
0.0215814
0.0217211
0.0215211
0.0254641
0.0246362
0.0235262
0.0221609
0.020624
0.0233748
0.0217708
0.0202908
0.0189969
0.0179325
0.0210279
0.0204374
0.0218045
0.0240612
0.026795
0.0300552
0.0363196
0.0408268
0.0460473
0.057322
0.0701014
0.0819863
0.0973714
0.113892
0.131421
0.14979
0.166922
0.186178
0.205256
0.223725
0.241184
0.257499
0.271349
0.283539
0.294072
0.302899
0.309458
0.314239
0.31528
0.313199
0.308175
0.300701
0.29399
0.283691
0.272753
0.261619
0.250567
0.239723
0.231778
0.221591
0.211766
0.20226
0.193072
0.186405
0.17771
0.169256
0.161015
0.152976
0.147083
0.13933
0.131726
0.124256
0.116908
0.109673
0.104267
0.0972047
0.0902534
0.0834143
0.0766937
0.0716308
0.0651467
0.0588332
0.0527167
0.0468322
0.0424815
0.0370548
0.0318509
0.0274487
0.0298749
0.0321398
0.0340237
0.0357174
0.0371032
0.0381768
0.0389291
0.0394096
0.0395122
0.0392565
0.0386153
0.0375933
0.0364442
0.0351452
0.0339764
0.0325356
0.0308387
0.0288776
0.0269834
0.0245121
0.0217766
0.0200195
0.0193245
0.0182674
0.0168091
0.0149273
0.01918
0.0259278
0.0321806
0.0396891
0.0476168
0.0559763
0.0647792
0.074039
0.0825561
0.0926899
0.103316
0.114459
0.152012
0.162331
0.175182
0.179957
0.180586
0.181585
0.183534
0.183018
0.17809
0.168995
0.156039
0.139542
0.117365
0.10731
0.118719
0.129911
0.140513
0.148579
0.156907
0.163729
0.168862
0.172182
0.171753
0.190011
0.213992
0.235962
0.255786
0.273363
0.290989
0.303994
0.314793
0.323481
0.33013
0.336894
0.339738
0.340884
0.340478
0.338645
0.337307
0.332949
0.327535
0.32116
0.313939
0.30597
0.298846
0.289593
0.280425
0.281915
0.282582
0.284891
0.283981
0.282335
0.279999
0.276974
0.275737
0.271482
0.266685
0.261367
0.255591
0.249381
0.245088
0.238118
0.230827
0.223252
0.215456
0.209609
0.201398
0.193058
0.184613
0.176112
0.16955
0.160965
0.152402
0.143912
0.135507
0.127226
0.12078
0.112756
0.104923
0.0972854
0.0898804
0.0841209
0.0771465
0.0704518
0.0640348
0.0579061
0.0531921
0.0476017
0.0423104
0.0373115
0.0325947
0.029158
0.0275794
0.027108
0.0268414
0.0264466
0.0259546
0.0256555
0.0250274
0.0243422
0.0236199
0.0228529
0.0223002
0.0214712
0.0206207
0.019768
0.0189053
0.0180604
0.017426
0.0166002
0.0158114
0.0150787
0.0144095
0.0139601
0.0133969
0.0129025
0.0124579
0.0120906
0.011884
0.0116176
0.0114082
0.0112433
0.0111286
0.0110971
0.0111487
0.0112158
0.0113149
0.0115004
0.0117793
0.0134929
0.0158146
0.0184109
0.0212511
0.0243602
0.0271793
0.0307539
0.0346111
0.0387965
0.0432536
0.0480023
0.0522712
0.0575352
0.0630707
0.0688847
0.0749457
0.0803657
0.0645861
0.072112
0.0801656
0.0762299
0.0636597
0.0557838
0.0619307
0.0798056
0.0961057
0.110517
0.122263
0.132454
0.140504
0.146466
0.165408
0.187025
0.20582
0.222747
0.237701
0.250648
0.262569
0.271431
0.278287
0.283201
0.286245
0.287539
0.287967
0.286005
0.282626
0.277923
0.271981
0.26554
0.257473
0.248583
0.239015
0.228897
0.218645
0.207649
0.196369
0.184897
0.173322
0.161732
0.150145
0.138703
0.12747
0.116509
0.105856
0.100932
0.0951809
0.089549
0.0840768
0.0788193
0.0752876
0.0705305
0.0661172
0.0621086
0.0585418
0.0554568
0.0537765
0.0516569
0.0500886
0.0490831
0.0486493
0.0512118
0.0545526
0.057918
0.0612915
0.064624
0.0678988
0.0708872
0.0734894
0.0758172
0.0776489
0.078881
0.079689
0.0794561
0.0784146
0.0766094
0.0741459
0.0718103
0.0684975
0.0649281
0.0611596
0.0572261
0.0539003
0.0498337
0.0457562
0.0417191
0.0377452
0.035129
0.0346317
0.0330911
0.0314725
0.0297921
0.028054
0.0271085
0.0252304
0.0233269
0.021422
0.0194958
0.0182593
0.0161959
0.014138
0.012465
0.0125506
0.0124737
0.0122583
0.0117612
0.0110937
0.0107518
0.0131313
0.0151223
0.0179022
0.0209067
0.0241421
0.0276518
0.0307608
0.0348117
0.0391475
0.0437764
0.0487231
0.0539641
0.0586461
0.0643939
0.0703975
0.076653
0.0831477
0.0889295
0.095842
0.102996
0.127181
0.13526
0.142339
0.151188
0.15547
0.156361
0.154919
0.151743
0.146092
0.140384
0.133715
0.126229
0.118066
0.108227
0.0990971
0.0896759
0.0801042
0.070799
0.0650227
0.0606214
0.0563476
0.0522822
0.0484167
0.0447548
0.0396191
0.0364052
0.033447
0.030714
0.028688
0.031258
0.0325217
0.0334605
0.0340782
0.0343881
0.0353105
0.0350062
0.0344173
0.033595
0.0325558
0.0313319
0.0307734
0.0292466
0.0276233
0.0259113
0.0241401
0.0230384
0.0212401
0.0193955
0.0176975
0.0163336
0.0182367
0.0188063
0.0192187
0.0194848
0.0196175
0.0196021
0.0206142
0.0202818
0.0198494
0.0193309
0.0187302
0.0191124
0.018369
0.0175951
0.0167949
0.0159989
0.0160705
0.0152475
0.0147619
0.014291
0.0137007
0.0129908
0.0126939
0.0118377
0.0109436
0.0100293
0.00910401
0.0086133
0.00771587
0.00683951
0.00594708
0.00520226
0.00494573
0.00426096
0.00359511
0.00294191
0.00238725
0.00197346
0.00269006
0.00362653
0.00453131
0.00540834
0.00626277
0.00700033
0.00786417
0.00875582
0.00967719
0.0106577
0.0115197
0.0124402
0.0132496
0.0139391
0.0145148
0.0150023
0.0154116
0.0157758
0.0170338
0.0196078
0.022459
0.0252136
0.0286908
0.0325178
0.0367174
0.0413092
0.0456797
0.0510789
0.0569407
0.06328
0.0725521
0.0798774
0.0867567
0.0858227
0.0804904
0.0726127
0.0634188
0.0524758
0.0430044
0.0423936
0.0459643
0.0534552
0.0718335
0.0876293
0.101847
0.114341
0.125039
0.133942
0.142066
0.147562
0.151538
0.154123
0.155462
0.156534
0.155775
0.154188
0.151892
0.148995
0.146331
0.142513
0.138374
0.133981
0.129406
0.124701
0.120522
0.115672
0.110814
0.105976
0.101188
0.0969695
0.0923164
0.0877646
0.0833291
0.0790145
0.0752213
0.0711498
0.0672153
0.0634214
0.0597686
0.0562583
0.0531593
0.049908
0.0467911
0.0438061
0.0409491
0.038406
0.0357718
0.0332496
0.0308345
0.0285185
0.0264363
0.0243071
0.0222695
0.0203192
0.0184451
0.0166412
0.0152426
0.0140761
0.0128875
0.0117021
0.0105219
0.00965419
0.00847107
0.00731315
0.00619623
0.00512902
0.00438318
0.00455931
0.00475316
0.00494136
0.00513144
0.00532585
0.00537601
0.00595681
0.00672883
0.00744477
0.00812143
0.00874254
0.0093507
0.00992586
0.0104691
0.0109797
0.0114484
0.0119047
0.0123375
0.0127477
0.0131239
0.0134713
0.0137872
0.0140807
0.0143538
0.0145938
0.014776
0.0149243
0.0150398
0.0151278
0.0151868
0.0152138
0.0152291
0.0152047
0.0151641
0.0151054
0.0150248
0.0149247
0.0148276
0.0146925
0.0145466
0.014383
0.0141918
0.0140067
0.0137834
0.0135485
0.0133005
0.0130378
0.000753731
0.00240916
0.0152463
0.0284321
0.0384532
0.0413417
0.0463595
0.0499416
0.0524271
0.0540566
0.0487497
0.0488616
0.0484442
0.0475782
0.0462692
0.0445441
0.0362948
0.0340617
0.0316705
0.0291637
0.0266779
0.0192315
0.0172987
0.0156156
0.0142391
0.0140326
0.0193383
0.0203691
0.0211334
0.0215814
0.0217211
0.0215211
0.0254641
0.0246362
0.0235262
0.0221609
0.020624
0.0233748
0.0217708
0.0202908
0.0189969
0.0179325
0.0210279
0.0204374
0.0218045
0.0240612
0.026795
0.0300552
0.0363196
0.0408268
0.0460473
0.057322
0.0701014
0.0819863
0.0973714
0.113892
0.131421
0.14979
0.166922
0.186178
0.205256
0.223726
0.24118
0.257497
0.271306
0.282784
0.291922
0.299564
0.305755
0.311072
0.313615
0.313613
0.310935
0.305832
0.301026
0.292487
0.282798
0.272406
0.261701
0.250912
0.242851
0.232523
0.222593
0.213068
0.20392
0.197318
0.188714
0.180317
0.17208
0.163984
0.157983
0.150031
0.14213
0.134269
0.126431
0.118612
0.112618
0.104792
0.0969878
0.0892202
0.0815066
0.0755326
0.0679701
0.060547
0.0533049
0.0467695
0.0433702
0.0389057
0.034848
0.0360646
0.0398633
0.0433536
0.0462529
0.0489911
0.0512329
0.0528922
0.0539078
0.0543303
0.0540209
0.0529846
0.0512146
0.0487937
0.0462415
0.0427482
0.0387742
0.0343742
0.031138
0.0292711
0.0274893
0.0251356
0.0224907
0.0196491
0.0166145
0.0138213
0.0159121
0.0225767
0.0294389
0.0365126
0.0429133
0.0504485
0.0582651
0.0663936
0.0748628
0.0837018
0.0917967
0.101389
0.111416
0.121915
0.158819
0.16856
0.180781
0.184969
0.185017
0.181676
0.174062
0.169014
0.164167
0.155278
0.142595
0.126427
0.112115
0.102854
0.114173
0.125324
0.13592
0.143983
0.152342
0.159239
0.164505
0.167992
0.176702
0.20277
0.227058
0.249341
0.269462
0.287324
0.305189
0.318422
0.329398
0.338188
0.344876
0.351632
0.354435
0.355525
0.355039
0.353087
0.351639
0.347152
0.341602
0.335069
0.327662
0.319468
0.312117
0.302578
0.2945
0.295489
0.295638
0.297483
0.29604
0.29386
0.290989
0.287435
0.285734
0.280954
0.275634
0.269791
0.26349
0.256755
0.252006
0.244519
0.236713
0.228624
0.220323
0.214047
0.205356
0.196549
0.18765
0.178718
0.171797
0.162826
0.153897
0.145059
0.136318
0.127726
0.121036
0.11275
0.104671
0.0968024
0.0891765
0.0832386
0.0760882
0.0692193
0.0626334
0.0563547
0.0515355
0.0458508
0.0404769
0.0354151
0.0306507
0.0276643
0.0264308
0.026367
0.0261832
0.0258692
0.0254465
0.0252322
0.0247784
0.0242598
0.0236733
0.0230385
0.0226001
0.0218934
0.0211673
0.0204367
0.019683
0.0189392
0.0183965
0.0176703
0.0169378
0.0161856
0.0154747
0.0149972
0.0144215
0.0139412
0.0135375
0.0132713
0.0131947
0.0131005
0.0130949
0.0131452
0.0132518
0.0134351
0.0136852
0.0139846
0.0143295
0.0147352
0.0151746
0.0167255
0.0190109
0.0215307
0.0242629
0.0272489
0.0299596
0.0334194
0.037137
0.041117
0.0453413
0.0498293
0.0538479
0.0587947
0.063994
0.0694473
0.0751485
0.0802627
0.0641545
0.0713756
0.079175
0.0750542
0.0623118
0.0456848
0.0579065
0.0758922
0.0923037
0.106831
0.11867
0.128965
0.137111
0.146464
0.168723
0.19055
0.209602
0.226808
0.242067
0.255314
0.267486
0.276635
0.283782
0.288975
0.292294
0.293855
0.294512
0.292807
0.289677
0.285234
0.279593
0.273436
0.265707
0.257137
0.247819
0.237868
0.22769
0.216738
0.205473
0.193982
0.182361
0.170695
0.159005
0.147405
0.135952
0.124729
0.114607
0.11077
0.105001
0.0992393
0.0935293
0.0879437
0.0840561
0.0788344
0.0739086
0.069323
0.0651256
0.0613685
0.0590933
0.0563003
0.0540816
0.0524639
0.0514616
0.0529176
0.056191
0.0594673
0.062811
0.0661061
0.0693487
0.0723855
0.0751914
0.0776576
0.0795982
0.0808848
0.0816721
0.0813603
0.0801221
0.0779814
0.0750832
0.0722767
0.0683193
0.0639377
0.0592065
0.054249
0.0499834
0.0448317
0.0396601
0.0370942
0.036557
0.0358214
0.0357859
0.0347127
0.0334921
0.0321362
0.0306662
0.0299138
0.0282264
0.026464
0.0246445
0.0227816
0.0217685
0.0226517
0.0232906
0.0237096
0.0239129
0.0239082
0.0237334
0.0233268
0.0227283
0.0219302
0.0209361
0.0199318
0.0186059
0.0170998
0.0154262
0.0148534
0.0181509
0.0224007
0.0269247
0.0317063
0.0367293
0.0419856
0.0466514
0.0523453
0.0582738
0.0644195
0.0707646
0.0763839
0.0830724
0.0899297
0.113768
0.121473
0.128212
0.136676
0.140599
0.141184
0.139473
0.136103
0.130369
0.124708
0.118266
0.111218
0.103728
0.094687
0.0867288
0.078785
0.0709827
0.0634392
0.0583566
0.0548254
0.0513665
0.047976
0.0447127
0.04164
0.0369185
0.0339701
0.0354455
0.0376435
0.0393109
0.0414726
0.0421232
0.0422896
0.0420075
0.0413519
0.0414148
0.0402178
0.0388621
0.0373595
0.0357415
0.0340313
0.0331085
0.0312629
0.0293969
0.0275312
0.0257046
0.0246117
0.02321
0.0238557
0.0243423
0.024629
0.0255953
0.0255327
0.0252936
0.0253805
0.0255618
0.0255988
0.0266642
0.0263549
0.0259192
0.0253544
0.0246639
0.0249281
0.0240211
0.0230516
0.022013
0.0209353
0.0207401
0.0196234
0.018531
0.0174173
0.0162535
0.0150728
0.0154434
0.0155567
0.0156926
0.0158223
0.0158984
0.0161916
0.0160675
0.0158489
0.0155628
0.0152237
0.0151265
0.0146924
0.0141927
0.0136056
0.0129109
0.0121105
0.011534
0.0106395
0.00970902
0.00876157
0.00787605
0.00757266
0.00759118
0.00760671
0.00761735
0.00767607
0.00781896
0.00776204
0.00767154
0.0076436
0.00757676
0.00745093
0.00840892
0.0100796
0.0121033
0.0145124
0.017324
0.0201587
0.0237012
0.027655
0.0320533
0.0369137
0.0415845
0.0474538
0.053809
0.0606621
0.0704404
0.0782183
0.0853898
0.0846161
0.0793212
0.071305
0.0617987
0.0504518
0.04035
0.0389196
0.0423442
0.0498448
0.0687914
0.0849904
0.0993466
0.111747
0.122166
0.130637
0.138294
0.143165
0.146431
0.148239
0.148743
0.149049
0.147398
0.1449
0.141681
0.137867
0.134414
0.129708
0.124707
0.11949
0.114126
0.108672
0.103878
0.0983806
0.0929376
0.0875808
0.0823371
0.0777767
0.072801
0.0679992
0.0633915
0.058974
0.0551484
0.0511082
0.0472743
0.0436492
0.0402123
0.0369395
0.0341073
0.0312183
0.0285499
0.0261005
0.0238354
0.0218746
0.019966
0.0182267
0.016636
0.0163474
0.0165797
0.016597
0.0166202
0.0166212
0.0166042
0.0165763
0.0167425
0.0166705
0.01656
0.0164289
0.0162882
0.0163224
0.0161726
0.0160413
0.0159368
0.0158228
0.0158713
0.015792
0.0157099
0.0156514
0.0156367
0.0156114
0.0157018
0.0156855
0.0156675
0.0156387
0.0155724
0.0155793
0.0154351
0.0152603
0.0150891
0.0149061
0.0146644
0.0144866
0.0143459
0.0141994
0.0140269
0.0138191
0.013669
0.0134077
0.0131126
0.0127984
0.0124964
0.0122824
0.0120214
0.0117654
0.0115102
0.0112416
0.0110244
0.0107279
0.0104188
0.0101054
0.00979489
0.00949085
0.00925604
0.0089673
0.00867526
0.0083835
0.00809614
0.0078703
0.00759584
0.00733119
0.00707398
0.00684315
