0.000714988
0.00198241
0.0109388
0.0161933
0.0160809
0.0112341
0.0132102
0.0132764
0.0121447
0.0195153
0.0332322
0.0424486
0.0519539
0.0617641
0.0719437
0.0826632
0.0991254
0.111316
0.12595
0.140059
0.157021
0.179504
0.19627
0.213449
0.227467
0.241129
0.254084
0.263373
0.270444
0.275466
0.278281
0.278862
0.278502
0.27464
0.268778
0.270656
0.27581
0.2847
0.286312
0.286133
0.284127
0.280317
0.279431
0.271946
0.262812
0.252147
0.240097
0.226845
0.216171
0.200887
0.185027
0.168838
0.15256
0.144306
0.139194
0.13443
0.130133
0.126406
0.126181
0.123542
0.121506
0.119972
0.118738
0.11753
0.118049
0.115573
0.111867
0.106769
0.100349
0.0951731
0.0868497
0.0780723
0.0692016
0.0623219
0.0629286
0.0596995
0.0557959
0.0513161
0.0463925
0.0411002
0.0385867
0.0335913
0.0301824
0.0264973
0.0226067
0.0202139
0.0160686
0.0137643
0.0160813
0.0179591
0.019016
0.0201147
0.0207991
0.0236147
0.0271105
0.0303187
0.0316352
0.0344372
0.0370494
0.0395119
0.0418681
0.0428607
0.0451913
0.0475418
0.0499436
0.0524152
0.0538481
0.0565238
0.0592911
0.0621409
0.0650514
0.0680041
0.0700275
0.0730345
0.0760171
0.0789509
0.0818087
0.0838034
0.0864982
0.0890579
0.0914674
0.0937053
0.0952113
0.0971311
0.0988549
0.100384
0.101717
0.102857
0.103498
0.10428
0.104858
0.105223
0.105367
0.105185
0.104885
0.104311
0.103441
0.102248
0.100858
0.0989758
0.0966649
0.0947391
0.0938018
0.0931876
0.0930433
0.0933636
0.0943773
0.0962158
0.1249
0.127895
0.133023
0.130854
0.125381
0.117411
0.106505
0.0959958
0.0851783
0.0743524
0.0636913
0.0532806
0.046564
0.0543886
0.0628377
0.0714791
0.0799092
0.0863618
0.0932114
0.106819
0.126246
0.144992
0.166451
0.182735
0.197374
0.210157
0.220931
0.229589
0.239509
0.243791
0.245952
0.246083
0.244279
0.243749
0.238411
0.231562
0.22337
0.213983
0.206257
0.194907
0.18287
0.170274
0.160868
0.157669
0.15705
0.15206
0.146247
0.13968
0.132456
0.128047
0.119729
0.111031
0.102083
0.0929798
0.0869137
0.0777709
0.0688209
0.0601496
0.0518769
0.0440729
0.0391551
0.0323712
0.0262642
0.0225434
0.0190209
0.0174695
0.0142921
0.0113075
0.00949162
0.0086308
0.00826535
0.00822457
0.00950699
0.0111601
0.0131573
0.0154873
0.018158
0.0210319
0.0241485
0.0274493
0.0309132
0.034408
0.0380386
0.0416959
0.0453288
0.0489004
0.0523147
0.0556855
0.0589002
0.0619336
0.0647582
0.0673663
0.0697824
0.071937
0.0738253
0.0766365
0.0802423
0.0831791
0.0865138
0.0896816
0.0926662
0.0954558
0.097715
0.100141
0.102362
0.104366
0.106174
0.107755
0.109017
0.110219
0.111225
0.112027
0.112632
0.113072
0.113328
0.113394
0.113297
0.113023
0.112743
0.112181
0.111458
0.110588
0.109569
0.108381
0.107328
0.105833
0.104173
0.102305
0.100231
0.0983389
0.095825
0.0930229
0.0899393
0.0865188
0.0833434
0.0792377
0.0747146
0.0697424
0.0643034
0.0583441
0.0527969
0.0457965
0.0381868
0.03232
0.0288775
0.0258706
0.0249045
0.0175121
0.0180571
0.0237625
0.037205
0.051635
0.0659333
0.0792299
0.0910638
0.101141
0.109198
0.115342
0.128967
0.142544
0.154585
0.1673
0.175804
0.182392
0.187041
0.189777
0.192897
0.191927
0.189276
0.185073
0.179459
0.172612
0.166387
0.157417
0.147716
0.137454
0.126791
0.11693
0.105807
0.0947755
0.0869039
0.0840691
0.0833053
0.0801843
0.0770725
0.0740443
0.0711764
0.0685341
0.0678529
0.065676
0.0638015
0.0622416
0.0609663
0.0611536
0.0602295
0.0594551
0.0594522
0.0604196
0.0616488
0.0614586
0.0603172
0.0583671
0.0558619
0.0530247
0.0510882
0.0480793
0.0451358
0.0423143
0.0396533
0.0379814
0.0355822
0.0332975
0.0311291
0.0290546
0.0277465
0.0257897
0.0238951
0.0220643
0.020281
0.018563
0.0174376
0.0158307
0.0143011
0.0128569
0.0115149
0.0106847
0.010565
0.0127763
0.0149476
0.0170608
0.0180868
0.0201781
0.0222501
0.024318
0.0263799
0.0284536
0.0296395
0.0317789
0.0339473
0.0361591
0.0384208
0.039909
0.0422873
0.0447229
0.0472114
0.0497621
0.051596
0.0542476
0.0569232
0.0596264
0.0623421
0.0650396
0.0670678
0.0697446
0.0723718
0.0749549
0.0774891
0.0794064
0.0818447
0.0842367
0.086568
0.0888537
0.0906323
0.0928535
0.0950513
0.0972271
0.09939
0.101552
0.103326
0.105516
0.107738
0.110003
0.112309
0.114285
0.116707
0.119212
0.138615
0.141818
0.144596
0.148531
0.147959
0.14411
0.138077
0.130527
0.121278
0.1118
0.10179
0.0914697
0.0810406
0.0697299
0.0595611
0.0498282
0.0406766
0.0322223
0.0230686
0.0162068
0.0132556
0.0158574
0.021226
0.02581
0.0305079
0.0334906
0.0356332
0.0369775
0.0375797
0.0386919
0.0380415
0.0368512
0.0352128
0.0332107
0.0321233
0.0295834
0.0268846
0.0250603
0.0230641
0.0209304
0.0201151
0.0177579
0.0168948
0.0170543
0.0171587
0.0188786
0.0188303
0.0187227
0.0185731
0.0183848
0.0196382
0.0193431
0.0190126
0.0186584
0.0182853
0.0178991
0.0187193
0.0182583
0.0183115
0.0193343
0.0209909
0.0217401
0.0232603
0.0246981
0.0260521
0.0273196
0.0278457
0.0289818
0.0300373
0.0310124
0.0319073
0.0327244
0.0329826
0.0336795
0.0343069
0.0348654
0.035357
0.0354265
0.0358166
0.03615
0.0364287
0.0366516
0.0365653
0.0367102
0.0368124
0.0368724
0.0368933
0.0368803
0.0366672
0.0366087
0.0365249
0.036418
0.0362882
0.0360182
0.0358297
0.0355891
0.035283
0.0348947
0.0343764
0.0337857
0.0330468
0.0321341
0.0310193
0.0296692
0.0282054
0.0263263
0.0241129
0.0215328
0.0185572
0.0155575
0.0117627
0.00784078
0.00618667
0.00836692
0.0119992
0.0166531
0.0218742
0.0280796
0.0386191
0.046872
0.0546727
0.0562224
0.0510501
0.0408203
0.0272344
0.0269688
0.0324104
0.0373235
0.0418432
0.0576545
0.0735127
0.0860353
0.0965771
0.105061
0.111493
0.115936
0.120043
0.120863
0.120115
0.117985
0.114661
0.111724
0.106516
0.100637
0.0942436
0.0874787
0.0816424
0.0744585
0.0672478
0.0601024
0.0531028
0.0463103
0.0405894
0.034321
0.0284086
0.0228698
0.0177236
0.0134738
0.0109746
0.00917214
0.00749698
0.00651795
0.00826696
0.00882238
0.00924286
0.0101804
0.0115851
0.0127112
0.0136333
0.0143045
0.0147703
0.0150583
0.0151932
0.0153456
0.0152484
0.0150597
0.0147948
0.0144757
0.0143
0.0139076
0.0134965
0.0130768
0.0126695
0.0127648
0.0134349
0.0135274
0.0136246
0.0137259
0.0138295
0.0143936
0.0144693
0.0145396
0.014603
0.0146544
0.0150797
0.0150908
0.0150855
0.0150668
0.0150304
0.0149792
0.015221
0.0151228
0.015009
0.0148783
0.0147364
0.0148326
0.0146511
0.0144565
0.0142506
0.0140354
0.0140218
0.0137769
0.0135234
0.0132603
0.0129903
0.0127147
0.0126019
0.012311
0.0120143
0.0117186
0.0114209
0.0112559
0.0109507
0.0106486
0.0103497
0.010053
0.00986883
0.0097407
0.00975962
0.00977761
0.00978878
0.00979882
0.00981593
0.00981966
0.00981653
0.00981069
0.00979978
0.00979237
0.00977036
0.00974204
0.00971253
0.00968203
0.000709265
0.0020372
0.0110184
0.0162811
0.0161849
0.0113022
0.0132731
0.0133359
0.0119625
0.0194244
0.0331501
0.0423719
0.0518694
0.0616685
0.071839
0.0825517
0.0990089
0.111195
0.125848
0.139987
0.156933
0.179356
0.196173
0.213431
0.227458
0.241127
0.254081
0.263362
0.270428
0.275455
0.278273
0.27886
0.278506
0.274649
0.268794
0.270817
0.275966
0.284852
0.286458
0.286273
0.284262
0.280447
0.279557
0.272069
0.262933
0.252265
0.240212
0.226958
0.216282
0.200996
0.185133
0.168941
0.152658
0.144316
0.1392
0.13443
0.130128
0.126395
0.126166
0.123522
0.121481
0.119941
0.118697
0.117467
0.117935
0.115364
0.111572
0.106413
0.0999526
0.094749
0.0863997
0.077599
0.068707
0.0616586
0.0622266
0.0589582
0.0550217
0.050519
0.0455808
0.0402816
0.0377656
0.0329681
0.0295622
0.0258816
0.0219964
0.0196101
0.0154754
0.0142097
0.0164846
0.0183179
0.0193335
0.0203834
0.0210183
0.0242587
0.0277369
0.0309289
0.0322301
0.0350169
0.0376186
0.0400747
0.0424317
0.0434302
0.0457721
0.0481377
0.0505572
0.0530471
0.0544993
0.0571983
0.0599907
0.0628618
0.0657926
0.0687616
0.0707945
0.0738078
0.0767904
0.0797181
0.0825661
0.0845478
0.0872232
0.0897594
0.0921424
0.0943514
0.0958296
0.097718
0.0994089
0.100904
0.102201
0.103301
0.103911
0.104654
0.105194
0.105519
0.105625
0.105412
0.105078
0.10447
0.103568
0.102342
0.100924
0.0990118
0.0966702
0.0946143
0.0936513
0.0930144
0.0928511
0.0931565
0.094159
0.0959857
0.124663
0.127653
0.132779
0.13061
0.125144
0.117183
0.106289
0.0957941
0.084988
0.0741718
0.0635186
0.0531133
0.0465309
0.0543497
0.0627917
0.0714312
0.0798517
0.0863
0.0931475
0.106827
0.126262
0.145016
0.166481
0.182771
0.197414
0.210202
0.220979
0.229642
0.239565
0.243848
0.246011
0.246143
0.244338
0.243808
0.238469
0.231619
0.223427
0.214038
0.20631
0.194957
0.182914
0.170312
0.160793
0.157592
0.156973
0.151981
0.146167
0.139598
0.132372
0.127962
0.119644
0.110945
0.101997
0.0928965
0.0868328
0.0776931
0.0687471
0.0600807
0.0518135
0.044016
0.0391044
0.0323283
0.0262535
0.0225369
0.019016
0.0174666
0.0142933
0.0113113
0.0094636
0.00860486
0.00824108
0.00824182
0.00953386
0.0111966
0.0132018
0.0155394
0.0182159
0.021096
0.0242183
0.0275253
0.0309947
0.0344927
0.0381269
0.0417884
0.0454249
0.0489993
0.0524149
0.0557868
0.059003
0.0620366
0.0648616
0.0674705
0.0698874
0.0720424
0.0739315
0.0766636
0.0802699
0.083207
0.0865421
0.0897098
0.0926937
0.0954824
0.0977408
0.100168
0.10239
0.104395
0.106204
0.107786
0.109047
0.11025
0.111256
0.112057
0.112661
0.113099
0.113354
0.113418
0.11332
0.113047
0.112768
0.112206
0.111483
0.110611
0.10959
0.108401
0.107348
0.105855
0.104194
0.102324
0.10025
0.0983562
0.0958401
0.0930374
0.0899543
0.0865348
0.0833606
0.0792565
0.0747332
0.0697608
0.06432
0.0583592
0.0528124
0.0458121
0.0382017
0.0323101
0.0288684
0.025862
0.0249091
0.0175069
0.0180452
0.0237603
0.0372033
0.0516348
0.0659353
0.0792351
0.0910707
0.101146
0.109204
0.115348
0.128944
0.142522
0.154564
0.167281
0.175788
0.182378
0.187029
0.189766
0.192887
0.191917
0.189266
0.185064
0.179449
0.172602
0.166378
0.157407
0.147706
0.137444
0.126781
0.116919
0.105795
0.0947632
0.0869047
0.0840694
0.0833051
0.0801834
0.0770705
0.074042
0.0711741
0.0685315
0.06785
0.0656727
0.0637983
0.062238
0.0609628
0.0611503
0.060226
0.0594517
0.0594385
0.0604055
0.0616332
0.0614369
0.0602883
0.0583329
0.0558252
0.0529871
0.051051
0.0480432
0.0451013
0.0422819
0.0396228
0.0379524
0.0355552
0.033272
0.0311049
0.0290312
0.0277239
0.0257697
0.023878
0.0220495
0.0202667
0.0185491
0.0174245
0.0158181
0.0142888
0.0128454
0.0115039
0.0106749
0.0106051
0.012814
0.0149817
0.0170926
0.0181179
0.0202072
0.0222776
0.0243434
0.0264032
0.0284734
0.0296585
0.0317925
0.0339577
0.0361675
0.0384305
0.039918
0.0422939
0.0447268
0.0472131
0.049763
0.051597
0.0542479
0.056924
0.0596266
0.0623414
0.0650384
0.0670655
0.0697403
0.072366
0.0749485
0.0774822
0.0794001
0.0818396
0.0842324
0.0865643
0.0888508
0.0906295
0.092851
0.0950483
0.0972238
0.0993872
0.101549
0.103323
0.105511
0.107732
0.109992
0.112296
0.114269
0.11669
0.119191
0.138589
0.141789
0.144564
0.148496
0.147922
0.144073
0.138038
0.130486
0.121236
0.111758
0.101749
0.0914298
0.0810036
0.0696954
0.0595289
0.0497994
0.0406518
0.032201
0.0230561
0.0162093
0.013274
0.0158745
0.0212393
0.0258193
0.0305132
0.0334915
0.035631
0.0369717
0.0375706
0.0386783
0.0380232
0.0368292
0.0351878
0.0331848
0.0320969
0.0295578
0.0268567
0.0250303
0.0230314
0.0208945
0.0200776
0.0177201
0.0168693
0.0170317
0.0171385
0.0188606
0.018815
0.0187096
0.018561
0.0183745
0.0196293
0.0193355
0.0190041
0.0186487
0.0182757
0.0178896
0.0187107
0.01825
0.0183165
0.0193571
0.0210099
0.0217569
0.0232755
0.0247118
0.0260643
0.0273302
0.0278547
0.0289895
0.0300437
0.0310175
0.0319103
0.0327255
0.0329821
0.0336774
0.0343039
0.0348612
0.0353513
0.0354189
0.0358074
0.0361395
0.0364171
0.0366389
0.0365517
0.0366965
0.0367983
0.036858
0.0368781
0.0368644
0.0366513
0.0365921
0.0365078
0.0364005
0.0362703
0.0360002
0.0358116
0.0355712
0.0352654
0.0348776
0.0343594
0.0337689
0.0330308
0.0321181
0.0310034
0.0296533
0.0281896
0.0263108
0.0240975
0.0215175
0.0185423
0.0155427
0.0117476
0.00783651
0.00618205
0.00837192
0.012004
0.0166576
0.0218768
0.0280889
0.0386282
0.0468813
0.0546817
0.0562328
0.0510603
0.0408306
0.0272334
0.0269562
0.0323988
0.037313
0.0418348
0.0576475
0.0735063
0.0860303
0.0965735
0.105059
0.111493
0.115937
0.120046
0.120867
0.120121
0.117993
0.114669
0.111734
0.106526
0.100647
0.0942551
0.087493
0.0816591
0.074477
0.0672719
0.0601294
0.0531319
0.0463436
0.0406268
0.0343574
0.0284398
0.0228972
0.017757
0.0135068
0.0109427
0.00914291
0.00746971
0.00648683
0.00823975
0.00879779
0.00921732
0.010165
0.0115719
0.0126956
0.013614
0.0142823
0.0147456
0.0150321
0.0151652
0.0153195
0.0152256
0.0150397
0.0147781
0.0144609
0.0142849
0.0138901
0.0134787
0.0130592
0.0126407
0.0127158
0.0133848
0.013476
0.013572
0.0136717
0.0137738
0.0143371
0.0144134
0.0144835
0.0145479
0.0145996
0.0150266
0.0150403
0.0150379
0.0150215
0.0149899
0.0149422
0.0151882
0.0150939
0.0149833
0.0148549
0.0147178
0.0148187
0.0146395
0.014446
0.0142418
0.0140282
0.0140156
0.0137712
0.0135187
0.0132567
0.0129883
0.0127138
0.0126023
0.0123115
0.0120154
0.0117195
0.0114221
0.011259
0.0109555
0.0106527
0.0103522
0.0100555
0.00987093
0.00974189
0.00976048
0.00977495
0.00978464
0.00979424
0.00980592
0.00981142
0.00981161
0.00980383
0.00979045
0.00977896
0.00975621
0.00972755
0.00969531
0.0096596
0.000709265
0.0020372
0.0110184
0.0162811
0.0161849
0.0113022
0.0132731
0.0133359
0.0119625
0.019426
0.033162
0.0423907
0.0518905
0.0616909
0.0718527
0.0825521
0.0989971
0.111146
0.125765
0.139928
0.156933
0.179391
0.196275
0.213566
0.227608
0.241289
0.254247
0.263545
0.270616
0.275649
0.278477
0.279073
0.27873
0.274886
0.269044
0.271632
0.276761
0.285633
0.287222
0.28702
0.284992
0.28116
0.280257
0.272753
0.263601
0.252917
0.240848
0.227574
0.216882
0.201575
0.18569
0.169474
0.153166
0.144598
0.139458
0.134663
0.130332
0.126569
0.126312
0.123636
0.121563
0.119989
0.118699
0.117369
0.117651
0.114838
0.11086
0.10557
0.0990163
0.093748
0.0853314
0.0764655
0.0675093
0.0599754
0.0604471
0.0570858
0.0530762
0.048517
0.0435376
0.0382116
0.0356879
0.0314512
0.028049
0.0243771
0.0205061
0.0181381
0.0140292
0.0153031
0.0174714
0.019188
0.020095
0.0210121
0.0220429
0.0257628
0.0291861
0.0323265
0.0335888
0.0363348
0.0389078
0.0413524
0.0437133
0.0447285
0.0471056
0.0495218
0.0520012
0.0545573
0.0560709
0.0588434
0.0617033
0.0646313
0.0676079
0.0706126
0.0726664
0.0756925
0.0786754
0.0815938
0.0844169
0.086367
0.0889959
0.0914768
0.0937965
0.0959365
0.0973494
0.0991569
0.100762
0.102168
0.103378
0.104389
0.104917
0.105569
0.106017
0.106253
0.106271
0.105981
0.10556
0.104866
0.103881
0.102575
0.10109
0.0991029
0.09669
0.0943003
0.0932779
0.0925867
0.0923813
0.0926405
0.0936027
0.0953992
0.124053
0.127029
0.132146
0.12998
0.124523
0.116575
0.105693
0.0952186
0.0844386
0.07365
0.0630251
0.052651
0.04641
0.0542375
0.0626903
0.0713376
0.0797711
0.0862245
0.0930727
0.106685
0.126132
0.144898
0.16637
0.182669
0.197321
0.210115
0.220896
0.229559
0.23948
0.24376
0.245918
0.246043
0.24423
0.243692
0.238341
0.231479
0.223275
0.213874
0.206135
0.19477
0.182717
0.170104
0.160346
0.157143
0.156522
0.151528
0.145713
0.139145
0.13192
0.127512
0.119199
0.110506
0.101567
0.0924771
0.0864257
0.0773022
0.0683749
0.0597291
0.0514856
0.0437137
0.0388265
0.0320795
0.026158
0.0224483
0.0189316
0.0173856
0.0142156
0.0112385
0.00941618
0.00855196
0.00818572
0.00827026
0.00957884
0.011257
0.013277
0.0156288
0.0183168
0.0212097
0.024343
0.0276596
0.0311378
0.034643
0.0382839
0.0419501
0.0455884
0.0491629
0.0525789
0.0559506
0.0591659
0.0621995
0.0650244
0.067632
0.0700476
0.0722017
0.0740886
0.0766457
0.0802484
0.0831823
0.0865133
0.0896775
0.0926582
0.0954445
0.0977013
0.100125
0.102344
0.104346
0.10615
0.107729
0.108987
0.110187
0.111191
0.11199
0.112592
0.113031
0.113285
0.113349
0.11325
0.112976
0.112697
0.112134
0.11141
0.11054
0.109519
0.108331
0.107278
0.105784
0.104126
0.102259
0.100187
0.0982958
0.0957817
0.0929792
0.0898974
0.0864784
0.0833056
0.0792049
0.074685
0.0697158
0.0642781
0.0583199
0.0527763
0.0457796
0.0381736
0.0322714
0.0288346
0.0258327
0.0248947
0.0174858
0.0180307
0.0237478
0.0371955
0.0516303
0.065932
0.0792308
0.0910662
0.101142
0.1092
0.115345
0.128979
0.142561
0.15461
0.167331
0.175841
0.182435
0.187089
0.189827
0.192949
0.191981
0.189331
0.185131
0.179516
0.172669
0.166445
0.157473
0.147771
0.137508
0.126843
0.116979
0.105853
0.0948182
0.0869266
0.0840899
0.0833239
0.0801993
0.0770835
0.0740526
0.0711826
0.068538
0.0678549
0.0656756
0.0637996
0.0622382
0.0609617
0.061148
0.0602235
0.0594487
0.0594288
0.0603911
0.0616082
0.0613875
0.0602135
0.0582418
0.0557252
0.0528847
0.0509497
0.0479464
0.0450116
0.0421994
0.0395476
0.037883
0.0354917
0.0332136
0.031051
0.0289818
0.027679
0.0257254
0.0238345
0.0220069
0.0202265
0.0185116
0.0173891
0.0157854
0.0142589
0.0128186
0.0114803
0.0106546
0.0106538
0.0128617
0.0150312
0.017145
0.0181721
0.0202633
0.0223353
0.0244054
0.0264676
0.0285421
0.0297285
0.0318678
0.0340367
0.0362504
0.0385148
0.0400047
0.0423832
0.0448181
0.0473071
0.0498602
0.0516963
0.0543495
0.0570263
0.0597307
0.0624473
0.0651453
0.0671724
0.0698487
0.072476
0.0750583
0.0775918
0.079508
0.0819442
0.084334
0.0866631
0.088946
0.090721
0.0929385
0.095131
0.0973015
0.09946
0.101616
0.103385
0.105567
0.107782
0.110037
0.112335
0.114302
0.116714
0.119208
0.1386
0.141793
0.144562
0.148487
0.147906
0.144049
0.138008
0.13045
0.121195
0.111712
0.101698
0.0913753
0.0809456
0.0696367
0.0594712
0.049745
0.0406008
0.0321545
0.0230088
0.0161343
0.0131849
0.0159058
0.0212742
0.0258565
0.0305516
0.0335284
0.0356654
0.0370048
0.0376019
0.0387085
0.0380526
0.0368552
0.0352078
0.033195
0.0321013
0.0295575
0.0268695
0.0250345
0.0230278
0.0208864
0.0200646
0.0177019
0.0168721
0.0170355
0.0171439
0.0188668
0.0188238
0.0187204
0.0185752
0.0183934
0.0196527
0.0193629
0.0190364
0.0186852
0.0183154
0.0179321
0.0187536
0.0182947
0.0183315
0.0194097
0.0210636
0.0218108
0.0233288
0.024764
0.0261151
0.0273789
0.0279011
0.0290334
0.0300848
0.0310558
0.0319463
0.0327584
0.0330123
0.0337042
0.0343269
0.0348793
0.035366
0.0354291
0.0358135
0.0361414
0.0364153
0.0366348
0.0365445
0.0366852
0.0367835
0.0368397
0.0368573
0.036841
0.0366259
0.0365646
0.036478
0.0363688
0.0362366
0.0359647
0.0357741
0.0355317
0.035224
0.0348342
0.0343145
0.0337224
0.0329827
0.032069
0.030954
0.0296036
0.0281397
0.0262608
0.0240478
0.0214683
0.0184934
0.0154943
0.0117002
0.00780006
0.00614568
0.00835175
0.0119858
0.0166412
0.0218623
0.0281406
0.0386796
0.0469315
0.054732
0.0562829
0.0511103
0.0408805
0.0271964
0.0269272
0.032372
0.0372898
0.0417869
0.0575999
0.0734587
0.0859835
0.0965289
0.105016
0.111452
0.115899
0.120011
0.120834
0.120091
0.117965
0.114645
0.111713
0.106508
0.100633
0.0942438
0.087485
0.0816541
0.0744755
0.0672711
0.0601316
0.0531405
0.046355
0.0406385
0.0343732
0.0284654
0.0229304
0.0177864
0.013539
0.0109904
0.00918931
0.00751781
0.00650108
0.00825205
0.00880796
0.00922912
0.0101331
0.0115409
0.0126657
0.0135868
0.0142609
0.0147332
0.015029
0.0151688
0.015327
0.0152358
0.0150534
0.0147954
0.0144817
0.0143134
0.0139279
0.0135216
0.0131043
0.0126876
0.0127552
0.0134253
0.0135164
0.0136111
0.0137126
0.0138184
0.0143841
0.0144609
0.0145295
0.0145896
0.0146386
0.0150615
0.01507
0.0150633
0.0150418
0.0150039
0.0149529
0.0151959
0.0150976
0.014984
0.0148529
0.0147136
0.0148123
0.0146318
0.0144341
0.0142261
0.0140099
0.0139956
0.0137502
0.0134968
0.0132352
0.012967
0.0126936
0.012584
0.0122956
0.0120015
0.0117085
0.0114138
0.0112524
0.0109512
0.0106524
0.0103573
0.0100633
0.00988029
0.00978699
0.00980581
0.00982307
0.00983468
0.00984107
0.00985011
0.00985076
0.00984865
0.00984043
0.0098251
0.00981501
0.00979008
0.0097595
0.00972627
0.00969213
0.000709265
0.0020372
0.0110184
0.0162811
0.0161849
0.0113022
0.0132731
0.0133359
0.0119625
0.0194174
0.0331409
0.0423602
0.0518579
0.061651
0.0718175
0.0825232
0.0989738
0.111128
0.125756
0.139922
0.156927
0.17942
0.196359
0.213688
0.227709
0.241359
0.254289
0.263561
0.27061
0.27563
0.278447
0.279039
0.278692
0.274846
0.269003
0.271617
0.276744
0.285614
0.287202
0.287
0.284973
0.281143
0.280242
0.272738
0.263587
0.252905
0.240835
0.227563
0.216872
0.201566
0.185681
0.169466
0.15316
0.144632
0.139496
0.134703
0.130375
0.126614
0.12636
0.123685
0.121613
0.12004
0.118754
0.117448
0.117782
0.115032
0.111101
0.105846
0.0993177
0.0940667
0.0856668
0.0768165
0.0678742
0.0604766
0.0609685
0.0576277
0.0536341
0.0490887
0.0441173
0.0387942
0.0362691
0.0318788
0.0284745
0.0247981
0.0209217
0.0185468
0.0144293
0.0150178
0.0172144
0.018962
0.0198982
0.0208506
0.0216222
0.02536
0.028798
0.0319533
0.0332282
0.0359908
0.0385778
0.0410292
0.0433941
0.0444101
0.0467838
0.049193
0.0516634
0.054206
0.0557066
0.0584613
0.061304
0.0642198
0.067187
0.0701841
0.0722341
0.0752574
0.0782402
0.0811624
0.0839934
0.0859523
0.0885937
0.0910882
0.0934227
0.0955798
0.0970101
0.0988377
0.100464
0.101891
0.10312
0.10415
0.104698
0.105371
0.105841
0.106098
0.106137
0.105866
0.105467
0.104794
0.103827
0.102539
0.101069
0.0990985
0.0967032
0.094403
0.093396
0.0927184
0.0925244
0.0927942
0.0937641
0.095566
0.124224
0.127203
0.132319
0.130153
0.12469
0.116736
0.105849
0.0953649
0.0845747
0.0737755
0.0631398
0.0527551
0.0464717
0.054293
0.0627398
0.0713833
0.0798149
0.0862699
0.0931224
0.106799
0.12624
0.144999
0.166468
0.182761
0.197407
0.210195
0.22097
0.22963
0.239549
0.243827
0.245983
0.246107
0.244293
0.243753
0.238401
0.231537
0.22333
0.213926
0.206185
0.194817
0.182761
0.170147
0.160443
0.15724
0.156618
0.151624
0.145804
0.139235
0.13201
0.127601
0.119286
0.110592
0.10165
0.092556
0.0865005
0.0773728
0.0684403
0.0597896
0.0515403
0.0437622
0.0388689
0.0321148
0.0261778
0.0224631
0.0189449
0.0173978
0.0142271
0.0112471
0.00943489
0.00857289
0.00820884
0.00826107
0.00956683
0.0112441
0.0132631
0.0156131
0.0182988
0.0211885
0.0243187
0.0276318
0.0311064
0.0346091
0.038246
0.041908
0.0455442
0.0491168
0.0525322
0.0559036
0.0591188
0.0621516
0.0649755
0.0675822
0.0699969
0.0721498
0.0740358
0.0766391
0.0802417
0.0831753
0.086507
0.0896719
0.0926528
0.095439
0.0976961
0.100121
0.102341
0.104345
0.106151
0.10773
0.108989
0.11019
0.111193
0.111992
0.112594
0.113033
0.113288
0.113352
0.113254
0.11298
0.112701
0.11214
0.111418
0.110548
0.109529
0.10834
0.107289
0.105796
0.104137
0.10227
0.100198
0.0983068
0.0957939
0.0929942
0.0899132
0.0864951
0.0833218
0.0792185
0.0746967
0.0697268
0.0642897
0.0583308
0.0527849
0.0457868
0.0381797
0.0322856
0.0288487
0.0258459
0.0248976
0.0174981
0.0180326
0.0237611
0.0372096
0.0516457
0.065948
0.0792468
0.0910835
0.101162
0.109221
0.115366
0.128946
0.142527
0.154573
0.167293
0.175801
0.182392
0.187044
0.189782
0.192902
0.191934
0.189282
0.185079
0.179464
0.172616
0.166391
0.157421
0.147719
0.137457
0.126793
0.11693
0.105805
0.0947721
0.0868932
0.084059
0.0832953
0.0801743
0.0770617
0.074033
0.0711646
0.0685215
0.0678398
0.0656622
0.0637878
0.0622277
0.0609528
0.0611405
0.0602173
0.0594437
0.0594515
0.0604178
0.0616422
0.0614368
0.0602758
0.058312
0.0557989
0.0529578
0.0510202
0.0480121
0.0450716
0.0422544
0.0395971
0.0379279
0.035532
0.0332497
0.0310839
0.0290118
0.0277069
0.0257518
0.0238599
0.0220314
0.0202495
0.018533
0.0174096
0.0158042
0.0142754
0.0128321
0.0114915
0.0106632
0.0106067
0.0128125
0.0149801
0.0170904
0.0181161
0.0202069
0.0222791
0.0243444
0.0264031
0.0284725
0.0296571
0.0317947
0.0339621
0.0361742
0.0384373
0.0399256
0.042304
0.0447394
0.0472302
0.0497852
0.0516226
0.0542776
0.0569558
0.0596602
0.062377
0.0650748
0.0671021
0.0697771
0.0724024
0.0749838
0.0775163
0.0794327
0.0818707
0.0842632
0.0865936
0.0888779
0.0906548
0.0928725
0.0950677
0.0972412
0.0994023
0.101562
0.103334
0.10552
0.107739
0.11
0.112305
0.114279
0.1167
0.119202
0.1386
0.141799
0.144573
0.148502
0.147925
0.144073
0.138035
0.130481
0.121228
0.111746
0.101735
0.0914131
0.0809841
0.0696747
0.0595084
0.0497809
0.0406352
0.0321861
0.0230396
0.0161824
0.0132345
0.0158828
0.0212491
0.0258305
0.0305254
0.033503
0.0356444
0.036987
0.0375864
0.0386953
0.0380393
0.0368449
0.0352008
0.033193
0.0321045
0.0295659
0.0268836
0.0250551
0.0230526
0.0209151
0.0200961
0.0177355
0.0168936
0.0170555
0.0171597
0.0188795
0.0188326
0.0187279
0.0185828
0.0183997
0.0196563
0.0193639
0.0190362
0.0186833
0.0183123
0.017928
0.0187494
0.0182904
0.018311
0.01935
0.0210052
0.0217538
0.0232742
0.0247108
0.0260636
0.0273294
0.0278537
0.0289881
0.0300428
0.0310173
0.0319111
0.0327271
0.0329837
0.0336789
0.034305
0.0348612
0.0353512
0.0354181
0.035806
0.0361364
0.036414
0.0366358
0.0365485
0.0366917
0.0367923
0.036851
0.0368709
0.0368569
0.036643
0.0365831
0.0364977
0.0363899
0.0362592
0.0359885
0.0357991
0.0355579
0.0352512
0.0348624
0.0343437
0.0337523
0.0330134
0.0321002
0.0309851
0.0296349
0.028171
0.0262918
0.0240782
0.0214981
0.0185218
0.0155209
0.0117249
0.00781532
0.00615962
0.0083704
0.0120043
0.016659
0.0218809
0.0281208
0.0386623
0.0469161
0.0547168
0.056268
0.0510956
0.0408665
0.0272289
0.0269382
0.0323828
0.0373007
0.041798
0.0576091
0.073466
0.0859875
0.0965287
0.105013
0.111444
0.115888
0.119995
0.120814
0.120068
0.117939
0.114615
0.111679
0.106471
0.100592
0.0941999
0.0874376
0.0816041
0.0744221
0.0672161
0.060075
0.0530793
0.0462973
0.0405863
0.0343234
0.0284117
0.0228745
0.0177324
0.0134848
0.0109552
0.00915417
0.0074805
0.00648236
0.00823292
0.00879031
0.00921157
0.0101593
0.0115652
0.012689
0.0136086
0.0142793
0.0147463
0.0150343
0.0151686
0.0153229
0.0152262
0.0150358
0.0147709
0.0144518
0.0142771
0.0138901
0.0134856
0.0130752
0.0126637
0.0127325
0.0134027
0.0134954
0.0135921
0.0136925
0.0137944
0.014357
0.0144328
0.0144989
0.0145577
0.014605
0.0150265
0.0150341
0.0150294
0.015011
0.0149762
0.0149257
0.0151686
0.0150716
0.0149587
0.0148286
0.0146883
0.0147864
0.0146068
0.0144113
0.0142023
0.0139854
0.0139713
0.0137257
0.0134723
0.0132106
0.0129428
0.0126692
0.012559
0.0122712
0.0119766
0.0116825
0.0113877
0.0112257
0.0109233
0.0106219
0.0103238
0.0100308
0.00984876
0.00975552
0.00977744
0.00979358
0.00980376
0.00981295
0.00982738
0.00982781
0.00982547
0.00981942
0.00980873
0.00979954
0.00977758
0.0097485
0.00971688
0.00968443
0.000709265
0.0020372
0.0110184
0.0162811
0.0161849
0.0113022
0.0132731
0.0133359
0.0119625
0.0194244
0.0331494
0.0423663
0.0518603
0.0616568
0.0718254
0.0825354
0.0989944
0.111197
0.125851
0.139957
0.156856
0.179292
0.196087
0.213327
0.227329
0.240978
0.253937
0.263215
0.270295
0.275324
0.278145
0.278732
0.278374
0.27451
0.268643
0.270237
0.275407
0.28431
0.285935
0.285766
0.28377
0.27997
0.279092
0.271614
0.262487
0.25183
0.239788
0.226546
0.215882
0.20061
0.184761
0.168584
0.152318
0.144161
0.13906
0.134308
0.130023
0.126307
0.126094
0.123467
0.121444
0.119922
0.1187
0.117506
0.118049
0.115614
0.111945
0.106873
0.100473
0.0953091
0.0869997
0.0782381
0.0693843
0.0626213
0.0632493
0.0600408
0.0561549
0.0516885
0.0467787
0.0414969
0.0389876
0.0338872
0.030479
0.0267943
0.0229025
0.0205078
0.0163589
0.0135432
0.0158775
0.0177749
0.0188509
0.0199744
0.020686
0.0233056
0.0268197
0.0300459
0.0313758
0.0341905
0.036813
0.0392814
0.0416389
0.0426282
0.0449515
0.0472912
0.0496783
0.0521308
0.0535484
0.056206
0.0589579
0.0617932
0.0646929
0.067636
0.0696531
0.0726543
0.0756316
0.0785622
0.0814212
0.083418
0.0861192
0.0886877
0.0911091
0.0933603
0.0948786
0.0968139
0.098555
0.100102
0.101454
0.102611
0.103269
0.104069
0.104666
0.10505
0.105215
0.105051
0.10477
0.104213
0.103362
0.102187
0.100812
0.0989458
0.0966487
0.0947979
0.0938731
0.0932702
0.0931349
0.0934643
0.0944842
0.0963245
0.125011
0.128006
0.133134
0.130962
0.125486
0.117514
0.106608
0.0960981
0.0852768
0.0744409
0.0637659
0.0533435
0.0465713
0.0543921
0.0628382
0.0714812
0.0799108
0.0863632
0.093212
0.106866
0.126291
0.145035
0.166492
0.182773
0.197408
0.210191
0.220965
0.229627
0.239549
0.243833
0.245999
0.246134
0.244333
0.243807
0.238473
0.231629
0.223443
0.21406
0.206337
0.194989
0.182953
0.170357
0.161016
0.157817
0.157198
0.152206
0.146389
0.139821
0.132595
0.128184
0.119866
0.111165
0.102215
0.0931087
0.0870402
0.0778933
0.0689388
0.0602622
0.0519836
0.0441735
0.0392504
0.0324595
0.026312
0.0225912
0.0190669
0.0175128
0.0143323
0.0113457
0.00949379
0.00863526
0.0082724
0.00822175
0.009502
0.0111539
0.0131486
0.0154758
0.0181446
0.0210172
0.0241324
0.0274319
0.0308947
0.0343885
0.0380179
0.0416747
0.0453062
0.0488762
0.0522893
0.0556602
0.0588753
0.0619099
0.0647361
0.0673456
0.0697631
0.0719199
0.0738095
0.0766592
0.0802673
0.0832062
0.0865428
0.0897118
0.0926962
0.0954865
0.0977471
0.100176
0.1024
0.104408
0.106218
0.107802
0.109064
0.110268
0.111274
0.112076
0.11268
0.11312
0.113375
0.11344
0.113343
0.113068
0.112788
0.112224
0.111498
0.110624
0.109601
0.108411
0.107356
0.105861
0.1042
0.102331
0.100257
0.0983634
0.0958473
0.0930445
0.0899613
0.0865408
0.0833661
0.0792609
0.0747372
0.069765
0.0643249
0.0583632
0.0528163
0.0458143
0.0382022
0.0323309
0.0288872
0.0258793
0.0249096
0.0175198
0.0180654
0.0237696
0.0372119
0.0516427
0.0659402
0.0792357
0.091069
0.101143
0.109199
0.115339
0.128963
0.14254
0.154583
0.1673
0.175806
0.182393
0.187043
0.189779
0.192899
0.191928
0.189277
0.185075
0.17946
0.172612
0.166389
0.157419
0.147718
0.137458
0.126796
0.116934
0.105812
0.09478
0.0869039
0.0840698
0.0833067
0.0801861
0.0770743
0.0740462
0.0711784
0.0685358
0.0678541
0.0656772
0.0638027
0.0622426
0.0609671
0.0611544
0.060231
0.0594568
0.059447
0.0604134
0.0616374
0.0614392
0.0602922
0.0583382
0.0558308
0.0529932
0.0510573
0.0480498
0.0451083
0.0422897
0.0396323
0.0379626
0.0355655
0.0332823
0.0311154
0.0290424
0.0277376
0.0257831
0.0238916
0.0220626
0.0202798
0.0185619
0.0174369
0.0158301
0.0143001
0.0128563
0.0115151
0.0106855
0.0105967
0.0128056
0.0149738
0.0170849
0.0181105
0.0202023
0.022278
0.0243475
0.0264111
0.0284851
0.029671
0.0318095
0.033977
0.0361882
0.0384501
0.0399375
0.0423137
0.0447451
0.047231
0.0497805
0.0516146
0.0542658
0.0569405
0.0596417
0.0623549
0.0650511
0.0670794
0.0697558
0.072382
0.0749628
0.077496
0.0794139
0.0818531
0.084246
0.0865769
0.0888622
0.09064
0.09286
0.0950565
0.0972313
0.0993941
0.101556
0.10333
0.105518
0.107738
0.11
0.112304
0.11428
0.1167
0.119202
0.138601
0.141801
0.144576
0.148508
0.147934
0.144083
0.138047
0.130494
0.121244
0.111765
0.101754
0.0914342
0.0810055
0.0696959
0.0595279
0.0497987
0.0406522
0.0322009
0.023054
0.0161972
0.0132514
0.0158696
0.0212363
0.025819
0.0305151
0.0334947
0.0356352
0.0369793
0.0375815
0.0386911
0.038035
0.0368408
0.0351999
0.0331974
0.0321116
0.0295737
0.0268902
0.0250639
0.0230614
0.020921
0.0201002
0.0177395
0.0168951
0.0170561
0.0171616
0.0188829
0.0188362
0.018731
0.0185828
0.0183969
0.019651
0.0193564
0.0190262
0.0186707
0.0182971
0.0179113
0.0187324
0.0182724
0.0183168
0.0193559
0.0210106
0.0217591
0.0232789
0.0247156
0.0260686
0.0273349
0.0278595
0.0289949
0.0300496
0.0310237
0.0319171
0.0327327
0.032989
0.0336844
0.0343105
0.034867
0.0353565
0.0354237
0.0358118
0.0361429
0.0364205
0.0366423
0.0365548
0.0366986
0.0367997
0.0368586
0.0368781
0.0368636
0.0366498
0.0365902
0.036505
0.0363976
0.0362673
0.0359972
0.0358084
0.0355677
0.0352616
0.0348731
0.0343544
0.0337637
0.0330253
0.0321127
0.0309982
0.0296482
0.0281846
0.0263059
0.0240929
0.0215132
0.0185383
0.0155389
0.0117438
0.00783663
0.00618058
0.00836767
0.0119999
0.0166537
0.0218732
0.0280957
0.0386352
0.0468879
0.0546892
0.0562397
0.0510683
0.0408392
0.027226
0.0269494
0.0323922
0.0373078
0.0418238
0.0576355
0.0734938
0.0860176
0.0965603
0.105045
0.111479
0.115923
0.120032
0.120853
0.120108
0.11798
0.114658
0.111724
0.106516
0.10064
0.0942481
0.0874858
0.0816523
0.074471
0.0672662
0.0601253
0.0531289
0.0463396
0.0406221
0.0343517
0.0284336
0.0228922
0.0177526
0.0135029
0.0109468
0.00914735
0.00747505
0.00649586
0.00825006
0.00880906
0.00922894
0.0101632
0.0115685
0.0126955
0.0136176
0.014289
0.0147538
0.0150406
0.0151735
0.0153274
0.0152302
0.0150408
0.0147774
0.0144604
0.0142872
0.0138976
0.0134886
0.0130751
0.0126611
0.0127431
0.013418
0.0135158
0.0136155
0.0137209
0.0138275
0.0143929
0.0144707
0.0145386
0.0145994
0.0146476
0.0150702
0.0150794
0.0150738
0.0150569
0.0150252
0.014981
0.0152293
0.0151372
0.0150285
0.014901
0.0147622
0.0148606
0.0146793
0.0144821
0.0142738
0.0140578
0.0140435
0.0137978
0.0135445
0.013283
0.0130153
0.0127414
0.0126298
0.0123396
0.0120439
0.0117493
0.0114517
0.0112879
0.0109842
0.0106806
0.0103797
0.0100818
0.00989565
0.00976039
0.00977804
0.00979325
0.00980467
0.00981531
0.00982884
0.00983493
0.00983462
0.00982881
0.00981718
0.00980599
0.00978512
0.00975767
0.00972496
0.00968935
0.000709265
0.0020372
0.0110184
0.0162811
0.0161849
0.0113022
0.0132731
0.0133359
0.0119625
0.0194244
0.0331494
0.0423663
0.0518603
0.0616568
0.0718254
0.0825354
0.0989944
0.111197
0.125851
0.139957
0.156856
0.179292
0.196087
0.213327
0.227329
0.240978
0.253937
0.263215
0.270295
0.275324
0.278145
0.278732
0.278374
0.27451
0.268643
0.270237
0.275407
0.28431
0.285935
0.285766
0.28377
0.27997
0.279092
0.271614
0.262487
0.25183
0.239788
0.226546
0.215882
0.20061
0.184761
0.168584
0.152318
0.144161
0.13906
0.134308
0.130023
0.126307
0.126094
0.123467
0.121444
0.119922
0.1187
0.117506
0.118049
0.115614
0.111945
0.106873
0.100473
0.0953091
0.0869997
0.0782381
0.0693843
0.0626213
0.0632493
0.0600408
0.0561549
0.0516885
0.0467787
0.0414969
0.0389876
0.0338872
0.030479
0.0267943
0.0229025
0.0205078
0.0163589
0.0135432
0.0158775
0.0177749
0.0188509
0.0199744
0.020686
0.0233056
0.0268197
0.0300459
0.0313758
0.0341905
0.036813
0.0392814
0.0416389
0.0426282
0.0449515
0.0472912
0.0496783
0.0521308
0.0535484
0.056206
0.0589579
0.0617932
0.0646929
0.067636
0.0696531
0.0726543
0.0756316
0.078563
0.0814232
0.0834206
0.0861198
0.0886861
0.0911047
0.0933545
0.0948721
0.096806
0.0985457
0.100091
0.101441
0.102598
0.103256
0.104055
0.104653
0.105036
0.105199
0.105033
0.104751
0.104194
0.103342
0.102167
0.100794
0.0989294
0.0966353
0.0947822
0.0938573
0.0932544
0.0931188
0.0934518
0.0944776
0.0963233
0.125016
0.128014
0.133145
0.130975
0.125502
0.117531
0.106622
0.0961129
0.0852948
0.0744645
0.0637975
0.0533843
0.0465926
0.0544149
0.06286
0.0715018
0.0799243
0.08637
0.0932119
0.106834
0.126261
0.145009
0.166469
0.182753
0.197392
0.210174
0.220947
0.229607
0.239529
0.243811
0.245975
0.246108
0.244306
0.243779
0.238443
0.231597
0.223407
0.21402
0.206295
0.194946
0.182909
0.170312
0.160954
0.157754
0.157136
0.152146
0.146333
0.139765
0.132541
0.128131
0.119813
0.111112
0.102162
0.0930567
0.0869883
0.0778418
0.0688877
0.0602114
0.0519332
0.0441236
0.0392008
0.0324109
0.0262797
0.0225636
0.0190426
0.0174919
0.0143144
0.0113287
0.00949313
0.00863213
0.00826713
0.00820718
0.00948773
0.0111394
0.0131342
0.0154628
0.018132
0.021005
0.0241214
0.0274218
0.0308851
0.0343793
0.0380107
0.0416677
0.0453029
0.0488767
0.0522933
0.0556665
0.0588848
0.0619214
0.0647497
0.0673599
0.0697778
0.0719343
0.073824
0.0766752
0.0802834
0.0832225
0.0865601
0.0897301
0.0927153
0.0955059
0.097766
0.100194
0.102416
0.104421
0.106229
0.107811
0.109073
0.110275
0.11128
0.11208
0.112683
0.113122
0.113376
0.11344
0.113341
0.113065
0.112785
0.112222
0.111497
0.110626
0.109608
0.108423
0.107371
0.105878
0.104219
0.10235
0.100277
0.0983838
0.0958688
0.0930656
0.0899824
0.0865611
0.0833867
0.0792835
0.0747619
0.069792
0.0643546
0.0583949
0.0528482
0.0458481
0.0382375
0.0323555
0.028913
0.0259057
0.0249444
0.0175496
0.0180626
0.0237997
0.0372417
0.0516714
0.0659688
0.0792638
0.0910974
0.101171
0.109226
0.115366
0.128975
0.142551
0.154591
0.167306
0.17581
0.182396
0.187045
0.189781
0.192899
0.191928
0.189275
0.185071
0.179455
0.172606
0.166381
0.157409
0.147707
0.137444
0.126781
0.11692
0.105797
0.0947654
0.0868946
0.0840603
0.0832965
0.0801757
0.0770637
0.0740358
0.0711684
0.0685264
0.0678456
0.0656693
0.0637951
0.0622355
0.0609608
0.0611489
0.060226
0.0594526
0.0594538
0.06042
0.0616466
0.0614577
0.0603216
0.0583741
0.0558693
0.0530317
0.0510942
0.0480848
0.0451413
0.0423199
0.0396585
0.0379862
0.0355864
0.0333014
0.0311326
0.0290578
0.0277494
0.025793
0.0238997
0.0220702
0.0202876
0.0185701
0.0174454
0.0158386
0.0143087
0.0128641
0.0115219
0.0106921
0.0105571
0.0127675
0.014938
0.0170501
0.0180759
0.0201663
0.0222399
0.0243068
0.0263679
0.0284394
0.0296268
0.0317614
0.0339288
0.0361415
0.0384049
0.0398936
0.0422716
0.0447058
0.0471937
0.0497453
0.0515785
0.0542283
0.0569026
0.0596043
0.0623177
0.065013
0.0670394
0.0697143
0.072341
0.0749243
0.0774592
0.0793777
0.0818175
0.084212
0.0865443
0.0888302
0.0906081
0.0928271
0.0950241
0.0971995
0.0993634
0.101527
0.103301
0.105491
0.107714
0.109978
0.112287
0.114263
0.116686
0.11919
0.138593
0.141796
0.144574
0.148509
0.147937
0.144089
0.138057
0.130507
0.121258
0.111781
0.101773
0.091454
0.0810279
0.0697203
0.0595531
0.0498233
0.0406741
0.032224
0.0230765
0.0162238
0.013276
0.015845
0.02121
0.0257922
0.0304888
0.0334696
0.0356114
0.0369564
0.0375574
0.038667
0.0380134
0.036821
0.0351812
0.0331786
0.0320929
0.0295579
0.0268649
0.0250408
0.0230435
0.0209104
0.0200959
0.01774
0.0168906
0.017055
0.0171626
0.0188849
0.0188406
0.0187357
0.018588
0.0184031
0.0196594
0.0193661
0.0190368
0.0186837
0.018311
0.0179244
0.0187442
0.0182831
0.0183142
0.0193377
0.0209886
0.0217384
0.0232596
0.0246984
0.0260529
0.0273204
0.0278465
0.0289825
0.0300379
0.0310136
0.0319082
0.0327255
0.0329841
0.0336816
0.0343096
0.0348683
0.0353603
0.0354285
0.0358173
0.0361504
0.0364288
0.0366521
0.0365658
0.0367112
0.0368136
0.0368734
0.0368944
0.0368823
0.0366702
0.0366125
0.0365279
0.0364213
0.0362913
0.0360211
0.0358324
0.035592
0.0352859
0.0348979
0.0343793
0.0337889
0.0330499
0.0321371
0.0310224
0.029672
0.0282081
0.0263295
0.0241166
0.0215369
0.018562
0.015562
0.011767
0.00784623
0.00619177
0.00837097
0.0120035
0.0166578
0.02188
0.0280773
0.0386167
0.0468693
0.0546701
0.056222
0.0510511
0.0408228
0.0272496
0.0269594
0.0324008
0.0373146
0.0418388
0.0576505
0.0735082
0.0860313
0.0965739
0.105059
0.111492
0.115936
0.120044
0.120863
0.120116
0.117987
0.114662
0.111725
0.106515
0.100635
0.0942392
0.0874722
0.0816348
0.0744488
0.067238
0.0600928
0.0530958
0.0463066
0.0405939
0.0343279
0.0284155
0.0228776
0.0177318
0.0134821
0.0109577
0.00915623
0.00748241
0.00650218
0.00825223
0.00880599
0.00922534
0.010176
0.0115803
0.0127025
0.0136207
0.0142885
0.0147517
0.015037
0.0151685
0.0153203
0.015222
0.0150316
0.0147652
0.0144453
0.0142704
0.0138802
0.0134718
0.0130541
0.0126362
0.0127321
0.0134029
0.0134964
0.0135954
0.0136982
0.0138023
0.014367
0.0144441
0.0145135
0.0145765
0.0146296
0.0150585
0.0150727
0.0150726
0.0150564
0.0150235
0.0149746
0.0152185
0.0151226
0.0150112
0.0148825
0.0147424
0.0148405
0.0146617
0.0144653
0.0142554
0.0140368
0.0140214
0.0137743
0.0135194
0.0132556
0.0129857
0.0127109
0.0125994
0.0123096
0.0120141
0.0117194
0.0114235
0.0112609
0.0109577
0.0106545
0.0103539
0.0100568
0.00987156
0.00974177
0.0097612
0.00977829
0.00979033
0.00980046
0.00981383
0.00981782
0.00981721
0.00981165
0.0097976
0.00979014
0.00976926
0.00974424
0.00971349
0.00968198
0.000709265
0.0020372
0.0110184
0.0162811
0.0161849
0.0113022
0.0132731
0.0133359
0.0119625
0.0194244
0.0331494
0.0423663
0.0518603
0.0616568
0.0718254
0.0825354
0.0989944
0.111197
0.125851
0.139957
0.156856
0.179292
0.196087
0.213327
0.227329
0.240978
0.253937
0.263215
0.270295
0.275324
0.278145
0.278732
0.278374
0.27451
0.268643
0.270237
0.275407
0.28431
0.285935
0.285766
0.28377
0.27997
0.279092
0.271614
0.262487
0.25183
0.239788
0.226546
0.215882
0.20061
0.184761
0.168584
0.152318
0.144161
0.13906
0.134308
0.130023
0.126307
0.126094
0.123467
0.121444
0.119922
0.1187
0.117506
0.118049
0.115614
0.111945
0.106873
0.100473
0.0953091
0.0869997
0.0782381
0.0693843
0.0626213
0.0632493
0.0600408
0.0561549
0.0516885
0.0467787
0.0414969
0.0389876
0.0338872
0.030479
0.0267943
0.0229025
0.0205078
0.0163589
0.0135432
0.0158775
0.0177749
0.0188509
0.0199744
0.020686
0.0233056
0.0268197
0.0300459
0.0313758
0.0341905
0.036813
0.0392814
0.0416389
0.0426282
0.0449515
0.0472912
0.0496783
0.0521308
0.0535484
0.056206
0.0589579
0.0617932
0.0646929
0.067636
0.0696531
0.0726543
0.0756316
0.0785622
0.0814212
0.083418
0.0861192
0.0886877
0.0911091
0.0933603
0.0948786
0.0968139
0.098555
0.100102
0.101454
0.102611
0.103269
0.104069
0.104666
0.10505
0.105215
0.105051
0.10477
0.104213
0.103362
0.102187
0.100812
0.0989458
0.0966487
0.0947979
0.0938731
0.09327
0.0931342
0.093464
0.0944881
0.0963318
0.125021
0.128018
0.133147
0.130977
0.125503
0.117531
0.106622
0.0961127
0.085296
0.0744679
0.0638043
0.0533871
0.046582
0.054405
0.0628497
0.0714874
0.0799115
0.0863606
0.0932067
0.106825
0.126254
0.145002
0.166462
0.182744
0.197383
0.210168
0.220944
0.229607
0.239531
0.243816
0.245982
0.246117
0.244317
0.243791
0.238457
0.231613
0.223428
0.214047
0.206325
0.194979
0.182946
0.170352
0.161002
0.157802
0.157184
0.152194
0.146378
0.13981
0.132585
0.128173
0.119854
0.111154
0.102203
0.0930965
0.0870268
0.0778789
0.0689235
0.0602458
0.0519663
0.0441549
0.0392302
0.0324384
0.02629
0.0225583
0.0190342
0.0174815
0.0143044
0.0113195
0.00948837
0.00863157
0.00826894
0.0082187
0.00949819
0.011149
0.0131435
0.0154723
0.0181405
0.0210124
0.0241284
0.0274288
0.0308927
0.0343869
0.0380166
0.0416732
0.0453055
0.0488761
0.0522897
0.0556601
0.0588751
0.0619095
0.0647357
0.0673442
0.0697606
0.0719158
0.0738048
0.0766582
0.0802658
0.0832038
0.0865404
0.089711
0.0926962
0.0954859
0.0977457
0.100173
0.102396
0.104402
0.106211
0.107793
0.109055
0.110257
0.111262
0.112063
0.112667
0.113107
0.113362
0.113426
0.11333
0.113055
0.112774
0.112208
0.111482
0.110609
0.109588
0.108398
0.107343
0.105847
0.104186
0.102316
0.100243
0.0983505
0.095837
0.0930364
0.0899545
0.0865359
0.0833631
0.0792598
0.0747377
0.0697671
0.0643284
0.0583698
0.0528243
0.0458256
0.0382177
0.0323403
0.0288983
0.0258915
0.0249397
0.017533
0.0180592
0.023787
0.0372321
0.0516654
0.065966
0.0792638
0.0910987
0.101174
0.10923
0.11537
0.128991
0.14257
0.154613
0.167329
0.175834
0.182423
0.187073
0.189809
0.192928
0.191958
0.189306
0.185104
0.179489
0.172641
0.166416
0.157445
0.147744
0.137481
0.126817
0.116954
0.10583
0.0947969
0.0869216
0.0840864
0.0833219
0.0802011
0.077089
0.0740613
0.0711937
0.0685514
0.0678698
0.0656926
0.0638178
0.0622572
0.0609815
0.0611687
0.0602441
0.059469
0.0594444
0.0604121
0.0616405
0.0614524
0.0603117
0.0583616
0.0558567
0.0530201
0.051084
0.0480759
0.0451331
0.0423127
0.0396527
0.0379813
0.0355824
0.033298
0.0311296
0.0290552
0.027749
0.0257932
0.023899
0.022068
0.020284
0.0185658
0.0174405
0.0158338
0.0143034
0.0128588
0.0115166
0.0106865
0.0105631
0.0127707
0.0149396
0.0170522
0.018079
0.0201712
0.0222452
0.0243127
0.0263725
0.0284423
0.0296299
0.0317657
0.0339331
0.0361444
0.0384052
0.0398915
0.0422663
0.0446984
0.0471861
0.0497382
0.0515744
0.0542275
0.056904
0.0596074
0.0623234
0.0650214
0.0670491
0.0697252
0.0723513
0.0749325
0.0774655
0.0793831
0.0818224
0.0842148
0.0865463
0.0888315
0.0906094
0.0928312
0.0950292
0.0972061
0.0993708
0.101534
0.103309
0.1055
0.107723
0.109988
0.112295
0.114273
0.116697
0.119203
0.138607
0.141811
0.144589
0.148525
0.147955
0.144109
0.138077
0.130527
0.121278
0.1118
0.101791
0.0914721
0.0810449
0.0697354
0.0595672
0.0498344
0.0406826
0.0322279
0.023078
0.0162349
0.0132863
0.0158517
0.0212187
0.0258016
0.0304983
0.0334799
0.0356236
0.0369696
0.0375701
0.0386791
0.0380251
0.0368324
0.0351922
0.0331893
0.0321034
0.029567
0.0268784
0.0250564
0.0230601
0.0209265
0.0201106
0.0177535
0.0168945
0.0170557
0.0171601
0.018879
0.0188321
0.0187266
0.0185798
0.0183954
0.0196508
0.0193558
0.0190256
0.0186702
0.0182946
0.0179065
0.018725
0.018263
0.0182983
0.019322
0.0209667
0.0217159
0.023237
0.0246755
0.0260299
0.0272976
0.0278239
0.0289604
0.0300172
0.0309936
0.0318895
0.0327075
0.0329666
0.0336645
0.0342933
0.0348526
0.0353449
0.0354147
0.0358055
0.0361395
0.036418
0.0366409
0.0365546
0.036701
0.0368042
0.0368647
0.0368864
0.0368751
0.0366638
0.0366051
0.0365216
0.0364153
0.0362859
0.0360165
0.0358284
0.0355884
0.0352833
0.0348957
0.0343778
0.0337879
0.0330507
0.0321387
0.0310247
0.0296754
0.0282122
0.0263343
0.0241216
0.021542
0.018567
0.0155669
0.011772
0.00784609
0.00619279
0.0083692
0.0120018
0.016657
0.0218789
0.0280709
0.0386104
0.0468637
0.0546641
0.0562156
0.0510437
0.040814
0.0272473
0.0269555
0.032398
0.037312
0.0418511
0.0576636
0.0735224
0.0860457
0.096589
0.105074
0.111508
0.115952
0.12006
0.12088
0.120133
0.118005
0.114681
0.111744
0.106535
0.100656
0.0942615
0.0874976
0.0816622
0.0744785
0.0672711
0.0601287
0.0531281
0.0463407
0.040623
0.0343526
0.0284369
0.0228968
0.0177504
0.0135002
0.0109595
0.00915611
0.00748074
0.00647339
0.00822699
0.00878766
0.00920933
0.0101624
0.0115695
0.0126955
0.0136165
0.0142862
0.0147515
0.015039
0.0151713
0.0153231
0.0152237
0.0150333
0.0147683
0.0144508
0.0142757
0.0138836
0.0134738
0.0130565
0.0126457
0.0127424
0.013412
0.0135047
0.0136017
0.013703
0.0138064
0.0143714
0.0144492
0.0145185
0.0145826
0.0146362
0.015063
0.015075
0.015073
0.0150564
0.0150261
0.0149805
0.0152266
0.0151319
0.0150216
0.0148974
0.0147643
0.0148688
0.0146928
0.0145007
0.0142976
0.0140847
0.014072
0.0138276
0.013575
0.0133128
0.0130436
0.0127681
0.0126552
0.0123635
0.0120654
0.011767
0.0114679
0.0113034
0.0109982
0.0106939
0.0103917
0.0100948
0.00990932
0.00976296
0.00978209
0.00979662
0.00980726
0.00981654
0.00982769
0.00983047
0.00983012
0.00982262
0.00980824
0.00979765
0.00977349
0.00974475
0.00971277
0.00967957
0.000709265
0.0020372
0.0110184
0.0162811
0.0161849
0.0113022
0.0132731
0.0133359
0.0119625
0.0194244
0.0331494
0.0423663
0.0518603
0.0616568
0.0718254
0.0825354
0.0989944
0.111197
0.125851
0.139957
0.156856
0.179292
0.196087
0.213327
0.227329
0.240978
0.253937
0.263215
0.270295
0.275324
0.278145
0.278732
0.278374
0.27451
0.268643
0.270237
0.275407
0.28431
0.285935
0.285766
0.28377
0.27997
0.279092
0.271614
0.262487
0.25183
0.239788
0.226546
0.215882
0.20061
0.184761
0.168584
0.152318
0.144161
0.13906
0.134308
0.130023
0.126307
0.126094
0.123467
0.121444
0.119922
0.1187
0.117506
0.118049
0.115614
0.111945
0.106873
0.100473
0.0953091
0.0869997
0.0782381
0.0693843
0.0626213
0.0632493
0.0600408
0.0561549
0.0516885
0.0467787
0.0414969
0.0389876
0.0338872
0.030479
0.0267943
0.0229025
0.0205078
0.0163589
0.0135432
0.0158775
0.0177749
0.0188509
0.0199744
0.020686
0.0233056
0.0268197
0.0300459
0.0313758
0.0341905
0.036813
0.0392814
0.0416389
0.0426282
0.0449515
0.0472912
0.0496783
0.0521308
0.0535484
0.056206
0.0589579
0.0617932
0.0646929
0.067636
0.0696531
0.0726543
0.0756316
0.0785622
0.0814212
0.083418
0.0861192
0.0886877
0.0911091
0.0933603
0.0948786
0.0968139
0.098555
0.100102
0.101454
0.102611
0.103269
0.104069
0.104666
0.10505
0.105215
0.105051
0.10477
0.104213
0.103362
0.102187
0.100812
0.0989458
0.0966487
0.0947979
0.0938731
0.0932702
0.0931349
0.0934643
0.0944842
0.0963245
0.125011
0.128006
0.133134
0.130962
0.125486
0.117514
0.106608
0.0960981
0.0852768
0.0744409
0.0637659
0.0533435
0.0465713
0.0543921
0.0628382
0.0714812
0.0799108
0.0863632
0.093212
0.106866
0.126291
0.145035
0.166492
0.182773
0.197408
0.210191
0.220965
0.229627
0.239549
0.243833
0.245999
0.246134
0.244333
0.243807
0.238473
0.231629
0.223443
0.21406
0.206337
0.194989
0.182953
0.170357
0.161016
0.157817
0.157198
0.152206
0.146389
0.139821
0.132595
0.128184
0.119866
0.111165
0.102215
0.0931087
0.0870402
0.0778933
0.0689388
0.0602622
0.0519836
0.0441735
0.0392504
0.0324595
0.026312
0.0225912
0.0190669
0.0175128
0.0143323
0.0113457
0.00949379
0.00863526
0.0082724
0.00822175
0.009502
0.0111539
0.0131486
0.0154758
0.0181446
0.0210172
0.0241324
0.0274319
0.0308947
0.0343885
0.0380179
0.0416747
0.0453062
0.0488762
0.0522893
0.0556602
0.0588753
0.0619099
0.0647361
0.0673456
0.0697631
0.0719199
0.0738095
0.0766592
0.0802673
0.0832062
0.0865428
0.0897118
0.0926962
0.0954865
0.0977471
0.100176
0.1024
0.104408
0.106218
0.107801
0.109063
0.110266
0.11127
0.11207
0.112673
0.113112
0.113366
0.11343
0.113331
0.113056
0.112776
0.112211
0.111487
0.110615
0.109594
0.108407
0.107355
0.105861
0.104201
0.102332
0.100258
0.0983647
0.0958496
0.0930469
0.0899612
0.0865387
0.0833636
0.0792589
0.0747361
0.0697648
0.0643261
0.058365
0.0528188
0.0458197
0.0382089
0.0323404
0.0288987
0.0258913
0.0249114
0.0175325
0.0180656
0.0237823
0.0372245
0.0516541
0.0659526
0.0792494
0.0910831
0.10116
0.109219
0.115364
0.128925
0.142503
0.154545
0.167261
0.175767
0.182356
0.187007
0.189745
0.192864
0.191895
0.189243
0.185041
0.179426
0.17258
0.166357
0.157388
0.147688
0.137427
0.126766
0.116905
0.105783
0.0947523
0.0868927
0.08406
0.083297
0.0801774
0.0770666
0.0740403
0.0711738
0.0685326
0.0678522
0.0656762
0.0638025
0.062243
0.0609678
0.0611556
0.0602323
0.0594586
0.0594496
0.0604168
0.0616431
0.0614481
0.0603041
0.0583518
0.0558454
0.0530067
0.0510699
0.0480613
0.0451187
0.0422991
0.0396401
0.0379694
0.0355712
0.033287
0.0311195
0.029046
0.0277382
0.0257821
0.0238899
0.0220606
0.0202778
0.0185604
0.0174358
0.0158299
0.0143004
0.0128563
0.0115146
0.0106853
0.0105709
0.0127781
0.0149473
0.0170606
0.0180876
0.0201796
0.0222522
0.0243208
0.0263819
0.0284524
0.0296376
0.0317731
0.033938
0.0361481
0.0384096
0.0398973
0.0422742
0.0447077
0.0471957
0.0497483
0.0515833
0.0542345
0.0569098
0.0596122
0.0623278
0.0650251
0.067053
0.0697283
0.072354
0.0749355
0.0774672
0.0793832
0.0818207
0.0842135
0.0865451
0.088831
0.090609
0.092829
0.095027
0.0972034
0.0993684
0.101532
0.103307
0.105496
0.107718
0.109982
0.112287
0.114265
0.116688
0.119192
0.138593
0.141795
0.144572
0.148505
0.147933
0.144085
0.138052
0.130501
0.121253
0.111777
0.101768
0.0914506
0.0810246
0.0697161
0.0595489
0.0498176
0.0406669
0.0322125
0.0230614
0.0161845
0.0132324
0.0158435
0.0212105
0.025794
0.0304913
0.0334729
0.0356162
0.0369617
0.0375649
0.0386769
0.0380257
0.0368345
0.0351934
0.0331881
0.0321013
0.0295651
0.0268832
0.0250574
0.0230559
0.0209173
0.0200993
0.017741
0.0169014
0.0170632
0.0171688
0.0188901
0.0188437
0.0187386
0.0185907
0.0184054
0.0196609
0.0193666
0.0190363
0.0186812
0.0183076
0.0179205
0.018739
0.0182764
0.0183172
0.0193427
0.0209983
0.0217481
0.0232697
0.0247083
0.0260627
0.0273302
0.0278555
0.0289911
0.030046
0.031021
0.0319153
0.0327317
0.0329894
0.0336858
0.034313
0.0348706
0.0353615
0.0354293
0.0358185
0.0361506
0.0364293
0.0366526
0.036566
0.0367108
0.0368129
0.0368724
0.0368929
0.0368801
0.0366675
0.0366081
0.0365235
0.0364162
0.0362856
0.0360152
0.035826
0.0355848
0.0352784
0.0348897
0.0343708
0.0337795
0.0330412
0.0321284
0.0310136
0.0296634
0.0281993
0.0263205
0.0241064
0.0215258
0.0185497
0.0155497
0.0117546
0.00783336
0.00617787
0.00836755
0.0120012
0.0166555
0.0218761
0.0280895
0.0386297
0.0468823
0.0546826
0.056233
0.0510612
0.0408317
0.0272279
0.0269525
0.0323973
0.0373132
0.0418241
0.0576341
0.0734909
0.0860127
0.0965555
0.10504
0.111472
0.115915
0.120022
0.120842
0.120095
0.117965
0.114639
0.111703
0.106493
0.100614
0.0942205
0.0874568
0.0816205
0.0744351
0.0672249
0.0600805
0.0530847
0.0462967
0.0405823
0.0343139
0.0284036
0.0228683
0.0177217
0.0134723
0.010959
0.00915694
0.00748339
0.00652897
0.00828034
0.00883597
0.00925356
0.0101916
0.0115932
0.0127148
0.0136331
0.0143
0.0147614
0.015046
0.0151786
0.0153298
0.0152303
0.0150422
0.0147796
0.0144621
0.0142882
0.0138982
0.0134891
0.0130727
0.0126567
0.0127491
0.0134199
0.0135139
0.013611
0.0137113
0.0138146
0.014378
0.0144545
0.0145226
0.014583
0.0146304
0.0150532
0.0150613
0.0150568
0.0150371
0.0150006
0.0149512
0.0151953
0.0150991
0.0149873
0.0148581
0.0147179
0.0148188
0.0146406
0.014448
0.0142443
0.0140314
0.0140188
0.0137746
0.013522
0.0132603
0.0129913
0.0127173
0.0126046
0.012315
0.0120192
0.0117224
0.0114263
0.0112619
0.0109572
0.0106555
0.0103557
0.0100582
0.00987315
0.00975581
0.00977489
0.00979102
0.00980064
0.00981171
0.00982761
0.00982989
0.00982645
0.00981484
0.00980461
0.00979654
0.0097743
0.009747
0.0097194
0.00968905
0.000709265
0.0020372
0.0110184
0.0162811
0.0161849
0.0113022
0.0132731
0.0133359
0.0119625
0.0194244
0.0331494
0.0423663
0.0518603
0.0616568
0.0718254
0.0825354
0.0989944
0.111197
0.125851
0.139957
0.156856
0.179292
0.196087
0.213327
0.227329
0.240978
0.253937
0.263215
0.270295
0.275324
0.278145
0.278732
0.278375
0.274513
0.268649
0.270216
0.275379
0.284278
0.285899
0.285727
0.283729
0.279927
0.279047
0.27157
0.262443
0.251786
0.239744
0.2265
0.215836
0.200563
0.184716
0.16854
0.152275
0.144115
0.139016
0.134265
0.129983
0.12627
0.12606
0.123436
0.121416
0.119898
0.118681
0.117494
0.118052
0.115657
0.11203
0.106991
0.100612
0.0954628
0.0871664
0.0784152
0.0695714
0.0628745
0.0635222
0.060333
0.0564627
0.0520092
0.0471082
0.0418324
0.039327
0.0341535
0.0307443
0.0270576
0.0231634
0.0207665
0.0166137
0.0133558
0.0157067
0.0176223
0.0187163
0.0198624
0.0205977
0.0230637
0.0265868
0.0298198
0.0311527
0.0339672
0.0365887
0.0390548
0.0414084
0.0423928
0.0447068
0.0470375
0.0494159
0.0518585
0.0532664
0.055914
0.0586535
0.061479
0.0643707
0.0673081
0.0693221
0.0723228
0.0753029
0.0782396
0.0811037
0.0831067
0.0858148
0.0883918
0.0908233
0.0930865
0.0946166
0.0965658
0.0983211
0.099882
0.101249
0.102422
0.103094
0.103909
0.104522
0.10492
0.105098
0.104947
0.10468
0.104137
0.103301
0.102139
0.100777
0.0989248
0.0966418
0.0948329
0.0939197
0.0933268
0.0931992
0.0935367
0.0945653
0.096414
0.125108
0.128107
0.133237
0.131066
0.125592
0.117617
0.106705
0.0961884
0.0853609
0.0745223
0.0638485
0.0534288
0.0465995
0.0544247
0.0628675
0.0715038
0.0799229
0.0863628
0.0931988
0.106895
0.126319
0.145064
0.166523
0.182809
0.19745
0.210235
0.221012
0.229676
0.239601
0.243888
0.246056
0.246194
0.244398
0.243876
0.238547
0.231707
0.223524
0.214144
0.206425
0.195082
0.183052
0.170461
0.161137
0.157937
0.157318
0.152328
0.146514
0.139946
0.132721
0.128309
0.119988
0.111285
0.10233
0.0932202
0.0871474
0.0779953
0.0690348
0.0603517
0.0520662
0.0442485
0.0393178
0.0325188
0.0263627
0.0226122
0.0190897
0.0175387
0.0143611
0.0113753
0.00950959
0.00865073
0.00828713
0.00820494
0.00948188
0.0111296
0.0131208
0.015445
0.0181102
0.02098
0.0240935
0.0273912
0.030853
0.0343465
0.0379764
0.0416341
0.0452668
0.0488379
0.0522512
0.0556211
0.058836
0.0618701
0.0646959
0.0673046
0.0697226
0.0718793
0.0737696
0.0766504
0.0802592
0.0831984
0.0865359
0.0897064
0.0926925
0.095484
0.0977456
0.100176
0.102401
0.104409
0.106219
0.107802
0.109064
0.110268
0.111274
0.112077
0.112683
0.113123
0.113379
0.113444
0.113347
0.113074
0.112796
0.112234
0.111512
0.110642
0.109622
0.108433
0.10738
0.105886
0.104226
0.102357
0.100282
0.0983887
0.0958717
0.093068
0.0899841
0.0865611
0.0833852
0.0792794
0.074755
0.0697812
0.0643399
0.0583771
0.0528295
0.0458285
0.0382182
0.0323456
0.0289027
0.0258944
0.0249285
0.0175335
0.0180594
0.0237818
0.0372238
0.0516543
0.0659525
0.0792487
0.0910838
0.101162
0.10922
0.115364
0.128949
0.142525
0.154566
0.16728
0.175783
0.18237
0.187019
0.189755
0.192874
0.191903
0.189251
0.18505
0.179435
0.172587
0.166363
0.157394
0.147693
0.137432
0.126771
0.11691
0.105788
0.0947568
0.0868969
0.0840633
0.0832999
0.0801799
0.0770681
0.0740406
0.0711738
0.068532
0.0678509
0.0656736
0.0637994
0.0622392
0.0609635
0.0611507
0.0602265
0.0594517
0.0594423
0.0604043
0.0616225
0.0614075
0.0602392
0.0582705
0.0557551
0.0529138
0.0509774
0.0479721
0.0450346
0.0422206
0.0395662
0.0378994
0.0355057
0.0332252
0.0310614
0.0289907
0.0276863
0.0257323
0.0238413
0.0220135
0.020232
0.0185157
0.0173938
0.0157908
0.0142641
0.0128221
0.0114819
0.0106546
0.0106594
0.0128657
0.0150337
0.0171447
0.0181693
0.0202579
0.022329
0.0243947
0.0264539
0.0285246
0.0297126
0.0318518
0.0340204
0.0362337
0.0384981
0.0399894
0.0423698
0.0448059
0.0472969
0.0498511
0.0516874
0.0543402
0.0570173
0.059721
0.0624376
0.0651364
0.0671651
0.0698415
0.072469
0.0750513
0.0775844
0.0795012
0.0819388
0.0843299
0.086659
0.0889405
0.0907148
0.0929292
0.095121
0.0972909
0.0994483
0.101604
0.103374
0.105556
0.107772
0.110029
0.11233
0.1143
0.116716
0.119213
0.138608
0.141804
0.144574
0.148502
0.147924
0.14407
0.13803
0.130475
0.121221
0.111739
0.101727
0.0914048
0.0809754
0.0696654
0.0594988
0.0497709
0.0406246
0.0321762
0.0230289
0.0161547
0.0132087
0.0158827
0.0212504
0.0258331
0.0305293
0.033508
0.0356475
0.0369892
0.0375868
0.0386947
0.0380396
0.0368456
0.035204
0.0332001
0.0321135
0.0295746
0.0268946
0.0250664
0.0230627
0.020923
0.020104
0.0177444
0.0169088
0.0170726
0.0171791
0.0189003
0.0188556
0.0187514
0.0186037
0.0184201
0.019676
0.0193823
0.0190525
0.0186976
0.0183255
0.0179397
0.0187605
0.0182995
0.018316
0.0193652
0.0210213
0.0217706
0.0232909
0.0247274
0.0260794
0.0273444
0.0278679
0.0290009
0.0300541
0.0310263
0.0319182
0.0327324
0.0329877
0.0336816
0.034307
0.0348622
0.0353513
0.0354179
0.0358049
0.0361351
0.0364123
0.0366342
0.0365458
0.0366887
0.0367886
0.0368462
0.0368654
0.0368508
0.036637
0.0365775
0.0364925
0.0363843
0.0362533
0.0359824
0.0357926
0.0355507
0.0352438
0.0348546
0.0343352
0.0337433
0.0330037
0.0320905
0.0309753
0.0296245
0.0281601
0.0262807
0.0240673
0.0214873
0.0185114
0.0155113
0.0117165
0.00781213
0.00615665
0.00835846
0.0119929
0.0166485
0.0218705
0.0281311
0.0386726
0.0469257
0.0547261
0.0562775
0.0511058
0.0408771
0.0272156
0.026945
0.0323895
0.0373074
0.0417822
0.0575919
0.0734487
0.0859705
0.096513
0.104998
0.111432
0.115876
0.119985
0.120806
0.120061
0.117934
0.114612
0.111678
0.106472
0.100597
0.0942062
0.0874446
0.0816109
0.0744292
0.0672227
0.0600818
0.0530833
0.0462987
0.0405855
0.0343203
0.0284068
0.0228675
0.0177273
0.0134771
0.0109768
0.00917593
0.00750166
0.00653628
0.00828478
0.00883716
0.00925526
0.0101739
0.0115795
0.0127062
0.0136278
0.0142974
0.014761
0.0150468
0.0151801
0.0153318
0.015232
0.0150407
0.014776
0.0144559
0.0142787
0.0138893
0.0134827
0.0130712
0.0126581
0.0127357
0.0134051
0.0134968
0.0135946
0.0136994
0.013805
0.0143714
0.0144508
0.0145211
0.0145834
0.0146328
0.0150566
0.0150671
0.0150608
0.0150394
0.0150012
0.014949
0.0151922
0.015096
0.0149878
0.014863
0.0147288
0.0148314
0.0146539
0.0144631
0.0142602
0.014048
0.0140367
0.0137941
0.0135424
0.0132811
0.0130128
0.0127392
0.0126272
0.0123373
0.0120419
0.011746
0.0114504
0.0112865
0.0109827
0.0106793
0.0103781
0.0100792
0.00989455
0.00978254
0.00979778
0.00980808
0.0098149
0.00982442
0.00983721
0.00983702
0.00983052
0.00981632
0.00980389
0.00979261
0.00976735
0.00973932
0.00970988
0.00967641
0.000709265
0.0020372
0.0110184
0.0162811
0.0161849
0.0113022
0.0132731
0.0133359
0.0119625
0.0194244
0.0331494
0.0423663
0.0518603
0.0616568
0.0718254
0.0825354
0.0989944
0.111197
0.125851
0.139957
0.156856
0.179292
0.196087
0.213327
0.227329
0.240978
0.253937
0.263215
0.270295
0.275324
0.278145
0.278732
0.278374
0.27451
0.268643
0.270237
0.275407
0.28431
0.285935
0.285766
0.28377
0.27997
0.279092
0.271614
0.262487
0.25183
0.239788
0.226546
0.215882
0.20061
0.184761
0.168584
0.152318
0.144161
0.13906
0.134308
0.130023
0.126307
0.126094
0.123467
0.121444
0.119922
0.1187
0.117506
0.118049
0.115614
0.111945
0.106873
0.100473
0.0953091
0.0869997
0.0782381
0.0693843
0.0626213
0.0632493
0.0600408
0.0561549
0.0516885
0.0467787
0.0414969
0.0389876
0.0338872
0.030479
0.0267943
0.0229025
0.0205078
0.0163589
0.0135432
0.0158775
0.0177749
0.0188509
0.0199744
0.020686
0.0233056
0.0268197
0.0300459
0.0313758
0.0341905
0.036813
0.0392814
0.0416389
0.0426282
0.0449515
0.0472912
0.0496783
0.0521308
0.0535484
0.056206
0.0589579
0.0617932
0.0646929
0.067636
0.0696531
0.0726543
0.0756316
0.0785622
0.0814212
0.083418
0.0861192
0.0886877
0.0911091
0.0933603
0.0948786
0.0968139
0.098555
0.100102
0.101454
0.102611
0.103269
0.104069
0.104666
0.10505
0.105215
0.105051
0.10477
0.104213
0.103362
0.102187
0.100812
0.0989458
0.0966487
0.0947979
0.0938731
0.0932702
0.0931349
0.0934643
0.0944842
0.0963245
0.125011
0.128006
0.133134
0.130962
0.125486
0.117514
0.106608
0.0960981
0.0852768
0.0744409
0.0637659
0.0533435
0.0465713
0.0543921
0.0628382
0.0714812
0.0799108
0.0863632
0.093212
0.106866
0.126291
0.145035
0.166492
0.182773
0.197408
0.210191
0.220965
0.229627
0.239549
0.243833
0.245999
0.246134
0.244333
0.243807
0.238473
0.231629
0.223443
0.21406
0.206337
0.194989
0.182953
0.170357
0.161016
0.157817
0.157198
0.152206
0.146389
0.139821
0.132595
0.128184
0.119866
0.111165
0.102215
0.0931087
0.0870402
0.0778933
0.0689388
0.0602622
0.0519836
0.0441735
0.0392504
0.0324595
0.026312
0.0225912
0.0190669
0.0175128
0.0143323
0.0113457
0.00949379
0.00863526
0.0082724
0.00822175
0.009502
0.0111539
0.0131486
0.0154758
0.0181446
0.0210172
0.0241324
0.0274319
0.0308947
0.0343885
0.0380179
0.0416747
0.0453062
0.0488762
0.0522893
0.0556602
0.0588753
0.0619099
0.0647361
0.0673456
0.0697631
0.0719199
0.0738095
0.0766592
0.0802673
0.0832062
0.0865428
0.0897118
0.0926962
0.0954865
0.0977471
0.100176
0.1024
0.104408
0.106218
0.107801
0.109063
0.110266
0.11127
0.11207
0.112673
0.113112
0.113366
0.11343
0.113331
0.113056
0.112776
0.112211
0.111487
0.110615
0.109594
0.108407
0.107355
0.105861
0.104201
0.102332
0.100258
0.0983647
0.0958496
0.0930469
0.0899612
0.0865387
0.0833636
0.0792589
0.0747361
0.0697648
0.0643261
0.058365
0.0528188
0.0458197
0.0382089
0.0323404
0.0288987
0.0258913
0.0249114
0.0175326
0.0180659
0.0237826
0.0372249
0.0516545
0.0659521
0.0792468
0.09108
0.101157
0.109215
0.115355
0.128952
0.142534
0.15458
0.167298
0.175806
0.182397
0.187049
0.189788
0.192908
0.191939
0.189287
0.185084
0.179469
0.172622
0.166397
0.157427
0.147727
0.137466
0.126804
0.116943
0.10582
0.0947886
0.0869091
0.0840751
0.0833118
0.0801913
0.0770795
0.0740523
0.0711848
0.0685417
0.06786
0.0656821
0.0638068
0.062246
0.0609698
0.0611567
0.0602325
0.0594579
0.0594429
0.060406
0.0616265
0.0614114
0.0602417
0.0582732
0.0557583
0.0529173
0.0509811
0.0479762
0.0450386
0.0422243
0.0395702
0.0379034
0.03551
0.0332306
0.031067
0.0289967
0.0276919
0.0257374
0.0238468
0.0220192
0.0202379
0.0185223
0.0173986
0.0157943
0.0142667
0.0128252
0.0114859
0.0106589
0.010643
0.0128497
0.015017
0.0171285
0.0181548
0.0202461
0.0223186
0.0243872
0.0264504
0.0285242
0.0297122
0.0318514
0.0340184
0.0362303
0.0384933
0.0399831
0.0423624
0.0447973
0.0472867
0.0498386
0.0516736
0.0543261
0.0570032
0.059707
0.0624228
0.0651203
0.0671476
0.0698235
0.0724496
0.0750293
0.07756
0.0794759
0.0819122
0.0843023
0.0866302
0.0889118
0.0906863
0.092902
0.0950952
0.0972665
0.0994252
0.101582
0.103352
0.105535
0.10775
0.110006
0.112305
0.114274
0.11669
0.119186
0.13858
0.141775
0.144546
0.148473
0.147895
0.14404
0.138001
0.130445
0.121192
0.111711
0.101699
0.0913776
0.0809504
0.0696426
0.0594779
0.0497505
0.040605
0.0321561
0.0230109
0.0161469
0.0132029
0.0159063
0.0212736
0.0258556
0.0305507
0.0335287
0.0356665
0.0370066
0.0376024
0.0387077
0.0380489
0.0368509
0.0352069
0.0332007
0.0321127
0.0295716
0.0268903
0.0250597
0.0230558
0.0209155
0.0200944
0.0177323
0.0169008
0.0170639
0.0171698
0.0188902
0.018844
0.0187386
0.0185922
0.0184091
0.0196664
0.0193754
0.0190475
0.0186947
0.0183237
0.0179386
0.01876
0.0182991
0.0183229
0.0193829
0.0210373
0.0217859
0.0233054
0.0247416
0.0260934
0.0273585
0.0278821
0.0290153
0.0300676
0.0310391
0.0319298
0.0327429
0.0329974
0.0336901
0.0343143
0.0348685
0.0353562
0.0354214
0.0358072
0.0361367
0.0364129
0.036634
0.0365448
0.0366872
0.0367869
0.0368445
0.0368632
0.0368485
0.0366341
0.0365735
0.0364867
0.0363783
0.0362469
0.035976
0.0357863
0.0355449
0.0352382
0.0348495
0.0343306
0.0337392
0.033
0.0320867
0.0309712
0.0296205
0.0281561
0.0262766
0.0240629
0.0214825
0.0185069
0.0155069
0.0117118
0.00781976
0.00616322
0.00835983
0.0119932
0.0166478
0.0218678
0.0281341
0.0386746
0.0469283
0.0547295
0.0562807
0.0511092
0.0408799
0.0272074
0.0269265
0.032371
0.0372885
0.0417819
0.0575937
0.0734516
0.0859749
0.0965174
0.105002
0.111436
0.115881
0.119988
0.120809
0.120064
0.117936
0.114614
0.11168
0.106474
0.100597
0.0942067
0.0874464
0.0816144
0.074434
0.06723
0.0600906
0.0530959
0.0463096
0.040595
0.034328
0.0284125
0.0228724
0.0177357
0.0134884
0.0109529
0.00915176
0.00747743
0.00650269
0.00825185
0.00880685
0.00922421
0.0101515
0.0115587
0.0126826
0.0136019
0.0142719
0.0147367
0.0150236
0.0151572
0.0153113
0.0152152
0.0150276
0.0147658
0.0144503
0.0142812
0.0138965
0.0134961
0.0130895
0.0126788
0.0127321
0.0134017
0.0134933
0.0135893
0.0136895
0.0137911
0.0143535
0.0144284
0.0144979
0.0145606
0.0146114
0.0150358
0.0150456
0.0150424
0.0150232
0.0149878
0.0149364
0.0151793
0.0150857
0.0149764
0.0148484
0.0147091
0.0148079
0.0146271
0.0144296
0.0142212
0.014005
0.0139907
0.0137456
0.0134925
0.0132319
0.0129652
0.0126914
0.0125794
0.0122893
0.0119928
0.0116977
0.0114013
0.0112382
0.0109351
0.010632
0.0103318
0.0100348
0.00985216
0.00975178
0.00977142
0.00978951
0.0098007
0.00981122
0.00982851
0.00983407
0.00983608
0.00983301
0.00982067
0.00981341
0.00979137
0.00976174
0.00973186
0.00970165
